<CdSiteHydro>;<CdStationHydro>;<TypDeGrdSerieObsElaborHydro>;<PDTSerieObsElaborHydro>;<DtObsElaborHydro>;<DtResObsElaborHydro>;<StObsElaborHydro>;<ResObsElaborHydro>;<QualifObsElaborHydro>;<MethObsElaborHydro>;<ContObsElaborHydro>;<FLG>
"Code du site hydrométrique";"Code de la station hydrométrique";"Type de grandeur de la série d'observations élaborées hydrométriques";"Pas de temps de la série d'observations élaborées hydrométriques";"Date d'observation élaborée hydrométrique";"Date du résultat de l'observation élaborée hydrométrique";"Statut de l'observation élaborée hydrométrique";"Résultat de l'observation élaborée hydrométrique";"Qualification de l'observation élaborée hydrométrique";"Méthode d'obtention du résultat de l'observation élaborée hydrométrique";"Continuité de la donnée de l'observation élaborée hydrométrique";<FLG>
V6155020;V615502001;QINnJ;1;"2016-03-03 00:00:00";"2016-03-03 09:55:00";16;17624;20;10;0;<FLG>
V6155020;V615502001;QINnJ;1;"2016-03-04 00:00:00";"2016-03-04 10:00:00";16;17582;20;10;0;<FLG>
V6155020;V615502001;QINnJ;1;"2016-03-05 00:00:00";"2016-03-05 18:50:00";16;17540;20;10;0;<FLG>
V6155020;V615502001;QINnJ;1;"2016-03-06 00:00:00";"2016-03-06 00:00:00";16;17584;20;10;0;<FLG>
V6155020;V615502001;QINnJ;1;"2016-03-07 00:00:00";"2016-03-07 00:00:00";16;18018;20;10;0;<FLG>
V6155020;V615502001;QINnJ;1;"2016-03-08 00:00:00";"2016-03-08 10:55:00";16;18172;20;10;0;<FLG>
V6155020;V615502001;QINnJ;1;"2016-03-09 00:00:00";"2016-03-09 09:00:00";16;18088;20;10;0;<FLG>
V6155020;V615502001;QINnJ;1;"2016-03-10 00:00:00";"2016-03-10 23:59:59";16;17888;20;10;0;<FLG>
V6155020;V615502001;QINnJ;1;"2016-03-11 00:00:00";"2016-03-11 23:59:59";16;17519;20;10;0;<FLG>
V6155020;V615502001;QINnJ;1;"2016-03-12 00:00:00";"2016-03-12 23:59:59";16;17220;20;10;0;<FLG>
V6155020;V615502001;QINnJ;1;"2016-03-13 00:00:00";"2016-03-13 23:59:59";16;16902;20;10;0;<FLG>
V6155020;V615502001;QINnJ;1;"2016-03-14 00:00:00";"2016-03-14 23:59:59";16;16532;20;10;0;<FLG>
V6155020;V615502001;QINnJ;1;"2016-03-15 00:00:00";"2016-03-15 11:35:00";16;16233;20;10;0;<FLG>
V6155020;V615502001;QINnJ;1;"2016-03-16 00:00:00";"2016-03-16 23:59:59";16;15787;20;10;0;<FLG>
V6155020;V615502001;QINnJ;1;"2016-03-17 00:00:00";"2016-03-17 11:35:00";16;15642;20;10;0;<FLG>
V6155020;V615502001;QINnJ;1;"2016-03-18 00:00:00";"2016-03-18 11:05:00";16;15522;20;10;0;<FLG>
V6155020;V615502001;QINnJ;1;"2016-03-19 00:00:00";"2016-03-19 09:50:00";16;15561;20;10;0;<FLG>
V6155020;V615502001;QINnJ;1;"2016-03-20 00:00:00";"2016-03-20 10:10:00";16;15642;20;10;0;<FLG>
V6155020;V615502001;QINnJ;1;"2016-03-21 00:00:00";"2016-03-21 11:20:00";16;15727;20;10;0;<FLG>
V6155020;V615502001;QINnJ;1;"2016-03-22 00:00:00";"2016-03-22 09:50:00";16;15684;20;10;0;<FLG>
V6155020;V615502001;QINnJ;1;"2016-03-23 00:00:00";"2016-03-23 12:05:00";16;15727;20;10;0;<FLG>
V6155020;V615502001;QINnJ;1;"2016-03-24 00:00:00";"2016-03-24 08:40:00";16;15600;20;10;0;<FLG>
V6155020;V615502001;QINnJ;1;"2016-03-25 00:00:00";"2016-03-25 23:59:59";16;15317;20;10;0;<FLG>
V6155020;V615502001;QINnJ;1;"2016-03-26 00:00:00";"2016-03-26 23:59:59";16;15064;20;10;0;<FLG>
V6155020;V615502001;QINnJ;1;"2016-03-27 00:00:00";"2016-03-27 23:59:59";16;14801;20;10;0;<FLG>
V6155020;V615502001;QINnJ;1;"2016-03-28 00:00:00";"2016-03-28 23:59:59";16;14632;20;10;0;<FLG>
V6155020;V615502001;QINnJ;1;"2016-03-29 00:00:00";"2016-03-29 23:59:59";16;14463;20;10;0;<FLG>
V6155020;V615502001;QINnJ;1;"2016-03-30 00:00:00";"2016-03-30 09:05:00";16;14281;20;10;0;<FLG>
V6155020;V615502001;QINnJ;1;"2016-03-31 00:00:00";"2016-03-31 23:59:59";16;14203;20;10;0;<FLG>
V6155020;V615502001;QINnJ;1;"2016-04-01 00:00:00";"2016-04-01 19:45:00";16;13970;20;10;0;<FLG>
V6155020;V615502001;QINnJ;1;"2016-04-02 00:00:00";"2016-04-02 23:59:59";16;13821;20;10;0;<FLG>
V6155020;V615502001;QINnJ;1;"2016-04-03 00:00:00";"2016-04-03 23:59:59";16;13679;20;10;0;<FLG>
V6155020;V615502001;QINnJ;1;"2016-04-04 00:00:00";"2016-04-04 23:59:59";16;13592;20;10;0;<FLG>
V6155020;V615502001;QINnJ;1;"2016-04-05 00:00:00";"2016-04-05 23:59:59";16;13435;20;10;0;<FLG>
V6155020;V615502001;QINnJ;1;"2016-04-06 00:00:00";"2016-04-06 23:59:59";16;13228;20;10;0;<FLG>
V6155020;V615502001;QINnJ;1;"2016-04-07 00:00:00";"2016-04-07 23:59:59";16;13046;20;10;0;<FLG>
V6155020;V615502001;QINnJ;1;"2016-04-08 00:00:00";"2016-04-08 23:59:59";16;12943;20;10;0;<FLG>
V6155020;V615502001;QINnJ;1;"2016-04-09 00:00:00";"2016-04-09 23:59:59";16;12816;20;10;0;<FLG>
V6155020;V615502001;QINnJ;1;"2016-04-10 00:00:00";"2016-04-10 13:55:00";16;12690;20;10;0;<FLG>
V6155020;V615502001;QINnJ;1;"2016-04-11 00:00:00";"2016-04-11 23:59:59";16;12462;20;10;0;<FLG>
V6155020;V615502001;QINnJ;1;"2016-04-12 00:00:00";"2016-04-12 23:59:59";16;12250;20;10;0;<FLG>
V6155020;V615502001;QINnJ;1;"2016-04-13 00:00:00";"2016-04-13 23:59:59";16;11982;20;10;0;<FLG>
V6155020;V615502001;QINnJ;1;"2016-04-14 00:00:00";"2016-04-14 11:27:00";16;11875;20;10;0;<FLG>
V6155020;V615502001;QINnJ;1;"2016-04-15 00:00:00";"2016-04-15 23:59:59";16;11845;20;10;0;<FLG>
V6155020;V615502001;QINnJ;1;"2016-04-16 00:00:00";"2016-04-16 13:40:00";16;11719;20;10;0;<FLG>
V6155020;V615502001;QINnJ;1;"2016-04-17 00:00:00";"2016-04-17 23:59:59";16;11393;20;10;0;<FLG>
V6155020;V615502001;QINnJ;1;"2016-04-18 00:00:00";"2016-04-18 23:59:59";16;11175;20;10;0;<FLG>
V6155020;V615502001;QINnJ;1;"2016-04-19 00:00:00";"2016-04-19 23:59:59";16;10963;20;10;0;<FLG>
V6155020;V615502001;QINnJ;1;"2016-04-20 00:00:00";"2016-04-20 23:59:59";16;10784;20;10;0;<FLG>
V6155020;V615502001;QINnJ;1;"2016-04-21 00:00:00";"2016-04-21 23:59:59";16;10547;20;10;0;<FLG>
V6155020;V615502001;QINnJ;1;"2016-04-22 00:00:00";"2016-04-22 23:59:59";16;10385;20;10;0;<FLG>
V6155020;V615502001;QINnJ;1;"2016-04-23 00:00:00";"2016-04-23 02:55:00";16;10370;20;10;0;<FLG>
V6155020;V615502001;QINnJ;1;"2016-04-24 00:00:00";"2016-04-24 10:52:00";16;10221;20;10;0;<FLG>
V6155020;V615502001;QINnJ;1;"2016-04-25 00:00:00";"2016-04-25 09:27:00";16;10161;20;10;0;<FLG>
V6155020;V615502001;QINnJ;1;"2016-04-26 00:00:00";"2016-04-26 23:59:59";16;10018;20;10;0;<FLG>
V6155020;V615502001;QINnJ;1;"2016-04-27 00:00:00";"2016-04-27 12:15:00";16;9892;20;10;0;<FLG>
V6155020;V615502001;QINnJ;1;"2016-04-28 00:00:00";"2016-04-28 23:59:59";16;9787;20;10;0;<FLG>
V6155020;V615502001;QINnJ;1;"2016-04-29 00:00:00";"2016-04-29 23:59:59";16;9672;20;10;0;<FLG>
V6155020;V615502001;QINnJ;1;"2016-04-30 00:00:00";"2016-04-30 23:59:59";16;9504;20;10;0;<FLG>
V6155020;V615502001;QINnJ;1;"2016-05-01 00:00:00";"2016-05-01 09:35:00";16;9384;20;10;0;<FLG>
V6155020;V615502001;QINnJ;1;"2016-05-02 00:00:00";"2016-05-02 11:10:00";16;9295;20;10;0;<FLG>
V6155020;V615502001;QINnJ;1;"2016-05-03 00:00:00";"2016-05-03 10:05:00";16;9235;20;10;0;<FLG>
V6155020;V615502001;QINnJ;1;"2016-05-04 00:00:00";"2016-05-04 13:20:00";16;9026;20;10;0;<FLG>
V6155020;V615502001;QINnJ;1;"2016-05-05 00:00:00";"2016-05-05 08:40:00";16;8846;20;10;0;<FLG>
V6155020;V615502001;QINnJ;1;"2016-05-06 00:00:00";"2016-05-06 07:30:00";16;8817;20;10;0;<FLG>
V6155020;V615502001;QINnJ;1;"2016-05-07 00:00:00";"2016-05-07 11:35:00";16;8727;20;10;0;<FLG>
V6155020;V615502001;QINnJ;1;"2016-05-08 00:00:00";"2016-05-08 17:40:00";16;8667;20;10;0;<FLG>
V6155020;V615502001;QINnJ;1;"2016-05-09 00:00:00";"2016-05-09 14:20:00";16;8607;20;10;0;<FLG>
V6155020;V615502001;QINnJ;1;"2016-05-10 00:00:00";"2016-05-10 10:55:00";16;8667;20;10;0;<FLG>
V6155020;V615502001;QINnJ;1;"2016-05-11 00:00:00";"2016-05-11 00:00:00";16;8837;20;10;0;<FLG>
V6155020;V615502001;QINnJ;1;"2016-05-12 00:00:00";"2016-05-12 00:00:00";16;10222;20;10;0;<FLG>
V6155020;V615502001;QINnJ;1;"2016-05-13 00:00:00";"2016-05-13 00:00:00";16;13215;20;10;0;<FLG>
V6155020;V615502001;QINnJ;1;"2016-05-14 00:00:00";"2016-05-14 00:00:00";16;14475;20;10;0;<FLG>
V6155020;V615502001;QINnJ;1;"2016-05-15 00:00:00";"2016-05-15 23:59:59";16;14036;20;10;0;<FLG>
V6155020;V615502001;QINnJ;1;"2016-05-16 00:00:00";"2016-05-16 10:05:00";16;13699;20;10;0;<FLG>
V6155020;V615502001;QINnJ;1;"2016-05-17 00:00:00";"2016-05-17 23:59:59";16;13185;20;10;0;<FLG>
V6155020;V615502001;QINnJ;1;"2016-05-18 00:00:00";"2016-05-18 23:59:59";16;12741;20;10;0;<FLG>
V6155020;V615502001;QINnJ;1;"2016-05-19 00:00:00";"2016-05-19 23:59:59";16;12368;20;10;0;<FLG>
V6155020;V615502001;QINnJ;1;"2016-05-20 00:00:00";"2016-05-20 23:59:59";16;11945;20;10;0;<FLG>
V6155020;V615502001;QINnJ;1;"2016-05-21 00:00:00";"2016-05-21 09:35:00";16;11642;20;10;0;<FLG>
V6155020;V615502001;QINnJ;1;"2016-05-22 00:00:00";"2016-05-22 23:59:59";16;11267;20;10;0;<FLG>
V6155020;V615502001;QINnJ;1;"2016-05-23 00:00:00";"2016-05-23 09:55:00";16;10943;20;10;0;<FLG>
V6155020;V615502001;QINnJ;1;"2016-05-24 00:00:00";"2016-05-24 23:59:59";16;10745;20;10;0;<FLG>
V6155020;V615502001;QINnJ;1;"2016-05-25 00:00:00";"2016-05-25 23:59:59";16;10484;20;10;0;<FLG>
V6155020;V615502001;QINnJ;1;"2016-05-26 00:00:00";"2016-05-26 09:05:00";16;10310;20;10;0;<FLG>
V6155020;V615502001;QINnJ;1;"2016-05-27 00:00:00";"2016-05-27 19:20:00";16;10101;20;10;0;<FLG>
V6155020;V615502001;QINnJ;1;"2016-05-28 00:00:00";"2016-05-28 21:40:00";16;9882;20;10;0;<FLG>
V6155020;V615502001;QINnJ;1;"2016-05-29 00:00:00";"2016-05-29 08:35:00";16;9805;20;10;0;<FLG>
V6155020;V615502001;QINnJ;1;"2016-05-30 00:00:00";"2016-05-30 08:40:00";16;9679;20;10;0;<FLG>
V6155020;V615502001;QINnJ;1;"2016-05-31 00:00:00";"2016-05-31 07:45:00";16;9584;20;10;0;<FLG>
V6155020;V615502001;QINnJ;1;"2016-06-01 00:00:00";"2016-06-01 23:59:59";16;9444;20;10;0;<FLG>
V6155020;V615502001;QINnJ;1;"2016-06-02 00:00:00";"2016-06-02 08:35:00";16;9270;20;10;0;<FLG>
V6155020;V615502001;QINnJ;1;"2016-06-03 00:00:00";"2016-06-03 10:00:00";16;9171;20;10;0;<FLG>
V6155020;V615502001;QINnJ;1;"2016-06-04 00:00:00";"2016-06-04 23:59:59";16;9005;20;10;0;<FLG>
V6155020;V615502001;QINnJ;1;"2016-06-05 00:00:00";"2016-06-05 09:10:00";16;8920;20;10;0;<FLG>
V6155020;V615502001;QINnJ;1;"2016-06-06 00:00:00";"2016-06-06 08:30:00";16;9063;20;10;0;<FLG>
V6155020;V615502001;QINnJ;1;"2016-06-07 00:00:00";"2016-06-07 18:40:00";16;8981;20;10;0;<FLG>
V6155020;V615502001;QINnJ;1;"2016-06-08 00:00:00";"2016-06-08 19:35:00";16;8913;20;10;0;<FLG>
V6155020;V615502001;QINnJ;1;"2016-06-09 00:00:00";"2016-06-09 18:45:00";16;8839;20;10;0;<FLG>
V6155020;V615502001;QINnJ;1;"2016-06-10 00:00:00";"2016-06-10 22:05:00";16;8708;20;10;0;<FLG>
V6155020;V615502001;QINnJ;1;"2016-06-11 00:00:00";"2016-06-11 23:59:59";16;8489;20;10;0;<FLG>
V6155020;V615502001;QINnJ;1;"2016-06-12 00:00:00";"2016-06-12 20:00:00";16;8301;20;10;0;<FLG>
V6155020;V615502001;QINnJ;1;"2016-06-13 00:00:00";"2016-06-13 18:40:00";16;8173;20;10;0;<FLG>
V6155020;V615502001;QINnJ;1;"2016-06-14 00:00:00";"2016-06-14 23:59:59";16;8110;20;10;0;<FLG>
V6155020;V615502001;QINnJ;1;"2016-06-15 00:00:00";"2016-06-15 19:50:00";16;7975;20;10;0;<FLG>
V6155020;V615502001;QINnJ;1;"2016-06-16 00:00:00";"2016-06-16 23:59:59";16;7941;20;10;0;<FLG>
V6155020;V615502001;QINnJ;1;"2016-06-17 00:00:00";"2016-06-17 23:59:59";16;7831;20;10;0;<FLG>
V6155020;V615502001;QINnJ;1;"2016-06-18 00:00:00";"2016-06-18 20:10:00";16;7724;20;10;0;<FLG>
V6155020;V615502001;QINnJ;1;"2016-06-19 00:00:00";"2016-06-19 00:00:00";16;7809;20;10;0;<FLG>
V6155020;V615502001;QINnJ;1;"2016-06-20 00:00:00";"2016-06-20 23:59:59";16;7839;20;10;0;<FLG>
V6155020;V615502001;QINnJ;1;"2016-06-21 00:00:00";"2016-06-21 22:45:00";16;7673;20;10;0;<FLG>
V6155020;V615502001;QINnJ;1;"2016-06-22 00:00:00";"2016-06-22 22:40:00";16;7564;20;10;0;<FLG>
V6155020;V615502001;QINnJ;1;"2016-06-23 00:00:00";"2016-06-23 21:45:00";16;7481;20;10;0;<FLG>
V6155020;V615502001;QINnJ;1;"2016-06-24 00:00:00";"2016-06-24 18:35:00";16;7373;20;10;0;<FLG>
V6155020;V615502001;QINnJ;1;"2016-06-25 00:00:00";"2016-06-25 17:20:00";16;7315;20;10;0;<FLG>
V6155020;V615502001;QINnJ;1;"2016-06-26 00:00:00";"2016-06-26 18:55:00";16;7205;20;10;0;<FLG>
V6155020;V615502001;QINnJ;1;"2016-06-27 00:00:00";"2016-06-27 22:10:00";16;7121;20;10;0;<FLG>
V6155020;V615502001;QINnJ;1;"2016-06-28 00:00:00";"2016-06-28 22:40:00";16;7012;20;10;0;<FLG>
V6155020;V615502001;QINnJ;1;"2016-06-29 00:00:00";"2016-06-29 19:35:00";16;6954;20;10;0;<FLG>
V6155020;V615502001;QINnJ;1;"2016-06-30 00:00:00";"2016-06-30 17:35:00";16;6821;20;10;0;<FLG>
V6155020;V615502001;QINnJ;1;"2016-07-01 00:00:00";"2016-07-01 22:05:00";16;6685;20;10;0;<FLG>
V6155020;V615502001;QINnJ;1;"2016-07-02 00:00:00";"2016-07-02 23:59:59";16;6619;20;10;0;<FLG>
V6155020;V615502001;QINnJ;1;"2016-07-03 00:00:00";"2016-07-03 19:40:00";16;6569;20;10;0;<FLG>
V6155020;V615502001;QINnJ;1;"2016-07-04 00:00:00";"2016-07-04 21:00:00";16;6485;20;10;0;<FLG>
V6155020;V615502001;QINnJ;1;"2016-07-05 00:00:00";"2016-07-05 19:40:00";16;6427;20;10;0;<FLG>
V6155020;V615502001;QINnJ;1;"2016-07-06 00:00:00";"2016-07-06 19:40:00";16;6368;20;10;0;<FLG>
V6155020;V615502001;QINnJ;1;"2016-07-07 00:00:00";"2016-07-07 19:35:00";16;6284;20;10;0;<FLG>
V6155020;V615502001;QINnJ;1;"2016-07-08 00:00:00";"2016-07-08 19:20:00";16;6226;20;10;0;<FLG>
V6155020;V615502001;QINnJ;1;"2016-07-09 00:00:00";"2016-07-09 18:45:00";16;6143;20;10;0;<FLG>
V6155020;V615502001;QINnJ;1;"2016-07-10 00:00:00";"2016-07-10 19:35:00";16;6134;20;10;0;<FLG>
V6155020;V615502001;QINnJ;1;"2016-07-11 00:00:00";"2016-07-11 19:30:00";16;6076;20;10;0;<FLG>
V6155020;V615502001;QINnJ;1;"2016-07-12 00:00:00";"2016-07-12 19:35:00";16;6017;20;10;0;<FLG>
V6155020;V615502001;QINnJ;1;"2016-07-13 00:00:00";"2016-07-13 21:35:00";16;6013;20;10;0;<FLG>
V6155020;V615502001;QINnJ;1;"2016-07-14 00:00:00";"2016-07-14 21:15:00";16;5986;20;10;0;<FLG>
V6155020;V615502001;QINnJ;1;"2016-07-15 00:00:00";"2016-07-15 19:10:00";16;5935;20;10;0;<FLG>
V6155020;V615502001;QINnJ;1;"2016-07-16 00:00:00";"2016-07-16 09:40:00";16;5934;20;10;0;<FLG>
V6155020;V615502001;QINnJ;1;"2016-07-17 00:00:00";"2016-07-17 22:00:00";16;5881;20;10;0;<FLG>
V6155020;V615502001;QINnJ;1;"2016-07-18 00:00:00";"2016-07-18 19:35:00";16;5829;20;10;0;<FLG>
V6155020;V615502001;QINnJ;1;"2016-07-19 00:00:00";"2016-07-19 19:35:00";16;5827;20;10;0;<FLG>
V6155020;V615502001;QINnJ;1;"2016-07-20 00:00:00";"2016-07-20 14:25:00";16;5792;20;10;0;<FLG>
V6155020;V615502001;QINnJ;1;"2016-07-21 00:00:00";"2016-07-21 18:05:00";16;5739;20;10;0;<FLG>
V6155020;V615502001;QINnJ;1;"2016-07-22 00:00:00";"2016-07-22 15:40:00";16;5737;20;10;0;<FLG>
V6155020;V615502001;QINnJ;1;"2016-07-23 00:00:00";"2016-07-23 14:20:00";16;5736;20;10;0;<FLG>
V6155020;V615502001;QINnJ;1;"2016-07-24 00:00:00";"2016-07-24 20:55:00";16;5683;20;10;0;<FLG>
V6155020;V615502001;QINnJ;1;"2016-07-25 00:00:00";"2016-07-25 19:25:00";16;5647;20;10;0;<FLG>
V6155020;V615502001;QINnJ;1;"2016-07-26 00:00:00";"2016-07-26 19:25:00";16;5629;20;10;0;<FLG>
V6155020;V615502001;QINnJ;1;"2016-07-27 00:00:00";"2016-07-27 19:20:00";16;5593;20;10;0;<FLG>
V6155020;V615502001;QINnJ;1;"2016-07-28 00:00:00";"2016-07-28 19:20:00";16;5575;20;10;0;<FLG>
V6155020;V615502001;QINnJ;1;"2016-07-29 00:00:00";"2016-07-29 19:00:00";16;5556;20;10;0;<FLG>
V6155020;V615502001;QINnJ;1;"2016-07-30 00:00:00";"2016-07-30 20:45:00";16;5452;20;10;0;<FLG>
V6155020;V615502001;QINnJ;1;"2016-07-31 00:00:00";"2016-07-31 16:05:00";16;5400;20;10;0;<FLG>
V6155020;V615502001;QINnJ;1;"2016-08-01 00:00:00";"2016-08-01 10:55:00";16;5365;20;10;0;<FLG>
V6155020;V615502001;QINnJ;1;"2016-08-02 00:00:00";"2016-08-02 19:15:00";16;5397;20;10;0;<FLG>
V6155020;V615502001;QINnJ;1;"2016-08-03 00:00:00";"2016-08-03 19:00:00";16;5259;20;10;0;<FLG>
V6155020;V615502001;QINnJ;1;"2016-08-04 00:00:00";"2016-08-04 16:45:00";16;5241;20;10;0;<FLG>
V6155020;V615502001;QINnJ;1;"2016-08-05 00:00:00";"2016-08-05 13:25:00";16;5239;20;10;0;<FLG>
V6155020;V615502001;QINnJ;1;"2016-08-06 00:00:00";"2016-08-06 23:59:59";16;5200;20;10;0;<FLG>
V6155020;V615502001;QINnJ;1;"2016-08-07 00:00:00";"2016-08-07 18:50:00";16;5117;20;10;0;<FLG>
V6155020;V615502001;QINnJ;1;"2016-08-08 00:00:00";"2016-08-08 18:45:00";16;5115;20;10;0;<FLG>
V6155020;V615502001;QINnJ;1;"2016-08-09 00:00:00";"2016-08-09 19:00:00";16;5113;20;10;0;<FLG>
V6155020;V615502001;QINnJ;1;"2016-08-10 00:00:00";"2016-08-10 07:20:00";16;5096;20;10;0;<FLG>
V6155020;V615502001;QINnJ;1;"2016-08-11 00:00:00";"2016-08-11 10:00:00";16;5043;20;10;0;<FLG>
V6155020;V615502001;QINnJ;1;"2016-08-12 00:00:00";"2016-08-12 18:45:00";16;5007;20;10;0;<FLG>
V6155020;V615502001;QINnJ;1;"2016-08-13 00:00:00";"2016-08-13 21:40:00";16;4954;20;10;0;<FLG>
V6155020;V615502001;QINnJ;1;"2016-08-14 00:00:00";"2016-08-14 19:00:00";16;4918;20;10;0;<FLG>
V6155020;V615502001;QINnJ;1;"2016-08-15 00:00:00";"2016-08-15 08:40:00";16;4935;20;10;0;<FLG>
V6155020;V615502001;QINnJ;1;"2016-08-16 00:00:00";"2016-08-16 20:10:00";16;4915;20;10;0;<FLG>
V6155020;V615502001;QINnJ;1;"2016-08-17 00:00:00";"2016-08-17 11:25:00";16;4897;20;10;0;<FLG>
V6155020;V615502001;QINnJ;1;"2016-08-18 00:00:00";"2016-08-18 17:45:00";16;4912;20;10;0;<FLG>
V6155020;V615502001;QINnJ;1;"2016-08-19 00:00:00";"2016-08-19 18:30:00";16;4893;20;10;0;<FLG>
V6155020;V615502001;QINnJ;1;"2016-08-20 00:00:00";"2016-08-20 17:25:00";16;4773;20;10;0;<FLG>
V6155020;V615502001;QINnJ;1;"2016-08-21 00:00:00";"2016-08-21 12:45:00";16;4772;20;10;0;<FLG>
V6155020;V615502001;QINnJ;1;"2016-08-22 00:00:00";"2016-08-22 18:45:00";16;4753;20;10;0;<FLG>
V6155020;V615502001;QINnJ;1;"2016-08-23 00:00:00";"2016-08-23 20:30:00";16;4683;20;10;0;<FLG>
V6155020;V615502001;QINnJ;1;"2016-08-24 00:00:00";"2016-08-24 18:40:00";16;4647;20;10;0;<FLG>
V6155020;V615502001;QINnJ;1;"2016-08-25 00:00:00";"2016-08-25 08:20:00";16;4664;20;10;0;<FLG>
V6155020;V615502001;QINnJ;1;"2016-08-26 00:00:00";"2016-08-26 20:35:00";16;4627;20;10;0;<FLG>
V6155020;V615502001;QINnJ;1;"2016-08-27 00:00:00";"2016-08-27 18:35:00";16;4609;20;10;0;<FLG>
V6155020;V615502001;QINnJ;1;"2016-08-28 00:00:00";"2016-08-28 08:45:00";16;4574;20;10;0;<FLG>
V6155020;V615502001;QINnJ;1;"2016-08-29 00:00:00";"2016-08-29 21:40:00";16;4571;20;10;0;<FLG>
V6155020;V615502001;QINnJ;1;"2016-08-30 00:00:00";"2016-08-30 20:55:00";16;4519;20;10;0;<FLG>
V6155020;V615502001;QINnJ;1;"2016-08-31 00:00:00";"2016-08-31 10:55:00";16;4501;20;10;0;<FLG>
V6155020;V615502001;QINnJ;1;"2016-09-01 00:00:00";"2016-09-01 19:50:00";16;4516;20;10;0;<FLG>
V6155020;V615502001;QINnJ;1;"2016-09-02 00:00:00";"2016-09-02 20:20:00";16;4446;20;10;0;<FLG>
V6155020;V615502001;QINnJ;1;"2016-09-03 00:00:00";"2016-09-03 16:05:00";16;4411;20;10;0;<FLG>
V6155020;V615502001;QINnJ;1;"2016-09-04 00:00:00";"2016-09-04 18:15:00";16;4443;20;10;0;<FLG>
V6155020;V615502001;QINnJ;1;"2016-09-05 00:00:00";"2016-09-05 14:40:00";16;4390;20;10;0;<FLG>
V6155020;V615502001;QINnJ;1;"2016-09-06 00:00:00";"2016-09-06 23:59:59";16;4371;20;10;0;<FLG>
V6155020;V615502001;QINnJ;1;"2016-09-07 00:00:00";"2016-09-07 20:00:00";16;4370;20;10;0;<FLG>
V6155020;V615502001;QINnJ;1;"2016-09-08 00:00:00";"2016-09-08 10:45:00";16;4386;20;10;0;<FLG>
V6155020;V615502001;QINnJ;1;"2016-09-09 00:00:00";"2016-09-09 19:45:00";16;4316;20;10;0;<FLG>
V6155020;V615502001;QINnJ;1;"2016-09-10 00:00:00";"2016-09-10 20:30:00";16;4297;20;10;0;<FLG>
V6155020;V615502001;QINnJ;1;"2016-09-11 00:00:00";"2016-09-11 19:45:00";16;4329;20;10;0;<FLG>
V6155020;V615502001;QINnJ;1;"2016-09-12 00:00:00";"2016-09-12 19:10:00";16;4277;20;10;0;<FLG>
V6155020;V615502001;QINnJ;1;"2016-09-13 00:00:00";"2016-09-13 19:20:00";16;4241;20;10;0;<FLG>
V6155020;V615502001;QINnJ;1;"2016-09-14 00:00:00";"2016-09-14 07:10:00";16;4247;20;10;0;<FLG>
V6155020;V615502001;QINnJ;1;"2016-09-15 00:00:00";"2016-09-15 09:20:00";16;4369;20;10;0;<FLG>
V6155020;V615502001;QINnJ;1;"2016-09-16 00:00:00";"2016-09-16 20:20:00";16;4634;20;10;0;<FLG>
V6155020;V615502001;QINnJ;1;"2016-09-17 00:00:00";"2016-09-17 11:25:00";16;4527;20;10;0;<FLG>
V6155020;V615502001;QINnJ;1;"2016-09-18 00:00:00";"2016-09-18 14:25:00";16;4514;20;10;0;<FLG>
V6155020;V615502001;QINnJ;1;"2016-09-19 00:00:00";"2016-09-19 14:40:00";16;4448;20;10;0;<FLG>
V6155020;V615502001;QINnJ;1;"2016-09-20 00:00:00";"2016-09-20 23:59:59";16;4377;20;10;0;<FLG>
V6155020;V615502001;QINnJ;1;"2016-09-21 00:00:00";"2016-09-21 07:05:00";16;4343;20;10;0;<FLG>
V6155020;V615502001;QINnJ;1;"2016-09-22 00:00:00";"2016-09-22 23:59:59";16;4266;20;10;0;<FLG>
V6155020;V615502001;QINnJ;1;"2016-09-23 00:00:00";"2016-09-23 09:15:00";16;4169;20;10;0;<FLG>
V6155020;V615502001;QINnJ;1;"2016-09-24 00:00:00";"2016-09-24 08:00:00";16;4143;20;10;0;<FLG>
V6155020;V615502001;QINnJ;1;"2016-09-25 00:00:00";"2016-09-25 07:45:00";16;4232;20;10;0;<FLG>
V6155020;V615502001;QINnJ;1;"2016-09-26 00:00:00";"2016-09-26 10:00:00";16;4147;20;10;0;<FLG>
V6155020;V615502001;QINnJ;1;"2016-09-27 00:00:00";"2016-09-27 09:55:00";16;4136;20;10;0;<FLG>
V6155020;V615502001;QINnJ;1;"2016-09-28 00:00:00";"2016-09-28 11:25:00";16;4138;20;10;0;<FLG>
V6155020;V615502001;QINnJ;1;"2016-09-29 00:00:00";"2016-09-29 08:40:00";16;4176;20;10;0;<FLG>
V6155020;V615502001;QINnJ;1;"2016-09-30 00:00:00";"2016-09-30 09:55:00";16;4178;20;10;0;<FLG>
V6155020;V615502001;QINnJ;1;"2016-10-01 00:00:00";"2016-10-01 11:20:00";16;4228;20;10;0;<FLG>
V6155020;V615502001;QINnJ;1;"2016-10-02 00:00:00";"2016-10-02 12:50:00";16;4231;20;10;0;<FLG>
V6155020;V615502001;QINnJ;1;"2016-10-03 00:00:00";"2016-10-03 23:59:59";16;4174;20;10;0;<FLG>
V6155020;V615502001;QINnJ;1;"2016-10-04 00:00:00";"2016-10-04 10:15:00";16;4158;20;10;0;<FLG>
V6155020;V615502001;QINnJ;1;"2016-10-05 00:00:00";"2016-10-05 02:55:00";16;4167;20;10;0;<FLG>
V6155020;V615502001;QINnJ;1;"2016-10-06 00:00:00";"2016-10-06 11:00:00";16;4173;20;10;0;<FLG>
V6155020;V615502001;QINnJ;1;"2016-10-07 00:00:00";"2016-10-07 16:05:00";16;4165;20;10;0;<FLG>
V6155020;V615502001;QINnJ;1;"2016-10-08 00:00:00";"2016-10-08 12:30:00";16;4164;20;10;0;<FLG>
V6155020;V615502001;QINnJ;1;"2016-10-09 00:00:00";"2016-10-09 08:40:00";16;4150;20;10;0;<FLG>
V6155020;V615502001;QINnJ;1;"2016-10-10 00:00:00";"2016-10-10 08:45:00";16;4088;20;10;0;<FLG>
V6155020;V615502001;QINnJ;1;"2016-10-11 00:00:00";"2016-10-11 10:00:00";16;4115;20;10;0;<FLG>
V6155020;V615502001;QINnJ;1;"2016-10-12 00:00:00";"2016-10-12 11:40:00";16;4092;20;10;0;<FLG>
V6155020;V615502001;QINnJ;1;"2016-10-13 00:00:00";"2016-10-13 23:40:00";16;4139;20;10;0;<FLG>
V6155020;V615502001;QINnJ;1;"2016-10-14 00:00:00";"2016-10-14 00:00:00";16;4144;20;10;0;<FLG>
V6155020;V615502001;QINnJ;1;"2016-10-15 00:00:00";"2016-10-15 00:00:00";16;7013;20;10;0;<FLG>
V6155020;V615502001;QINnJ;1;"2016-10-16 00:00:00";"2016-10-16 00:00:00";16;9700;20;10;0;<FLG>
V6155020;V615502001;QINnJ;1;"2016-10-17 00:00:00";"2016-10-17 10:05:00";16;9683;20;10;0;<FLG>
V6155020;V615502001;QINnJ;1;"2016-10-18 00:00:00";"2016-10-18 00:00:00";16;10583;20;10;0;<FLG>
V6155020;V615502001;QINnJ;1;"2016-10-19 00:00:00";"2016-10-19 23:59:59";16;9972;20;10;0;<FLG>
V6155020;V615502001;QINnJ;1;"2016-10-20 00:00:00";"2016-10-20 23:59:59";16;8789;20;10;0;<FLG>
V6155020;V615502001;QINnJ;1;"2016-10-21 00:00:00";"2016-10-21 23:59:59";16;8018;20;10;0;<FLG>
V6155020;V615502001;QINnJ;1;"2016-10-22 00:00:00";"2016-10-22 19:50:00";16;7501;20;10;0;<FLG>
V6155020;V615502001;QINnJ;1;"2016-10-23 00:00:00";"2016-10-23 09:35:00";16;7401;20;10;0;<FLG>
V6155020;V615502001;QINnJ;1;"2016-10-24 00:00:00";"2016-10-24 00:00:00";16;7544;20;10;0;<FLG>
V6155020;V615502001;QINnJ;1;"2016-10-25 00:00:00";"2016-10-25 00:00:00";16;8267;20;10;0;<FLG>
V6155020;V615502001;QINnJ;1;"2016-10-26 00:00:00";"2016-10-26 23:59:59";16;8036;20;10;0;<FLG>
V6155020;V615502001;QINnJ;1;"2016-10-27 00:00:00";"2016-10-27 23:59:59";16;7446;20;10;0;<FLG>
V6155020;V615502001;QINnJ;1;"2016-10-28 00:00:00";"2016-10-28 23:59:59";16;7039;20;10;0;<FLG>
V6155020;V615502001;QINnJ;1;"2016-10-29 00:00:00";"2016-10-29 23:59:59";16;6725;20;10;0;<FLG>
V6155020;V615502001;QINnJ;1;"2016-10-30 00:00:00";"2016-10-30 23:59:59";16;6463;20;10;0;<FLG>
V6155020;V615502001;QINnJ;1;"2016-10-31 00:00:00";"2016-10-31 23:59:59";16;6192;20;10;0;<FLG>
V6155020;V615502001;QINnJ;1;"2016-11-01 00:00:00";"2016-11-01 23:59:59";16;6067;20;10;0;<FLG>
V6155020;V615502001;QINnJ;1;"2016-11-02 00:00:00";"2016-11-02 23:59:59";16;5908;20;10;0;<FLG>
V6155020;V615502001;QINnJ;1;"2016-11-03 00:00:00";"2016-11-03 23:59:59";16;5665;20;10;0;<FLG>
V6155020;V615502001;QINnJ;1;"2016-11-04 00:00:00";"2016-11-04 09:55:00";16;5600;20;10;0;<FLG>
V6155020;V615502001;QINnJ;1;"2016-11-05 00:00:00";"2016-11-05 00:00:00";16;5692;20;10;0;<FLG>
V6155020;V615502001;QINnJ;1;"2016-11-06 00:00:00";"2016-11-06 00:00:00";16;9875;20;10;0;<FLG>
V6155020;V615502001;QINnJ;1;"2016-11-07 00:00:00";"2016-11-07 00:00:00";16;13369;20;10;0;<FLG>
V6155020;V615502001;QINnJ;1;"2016-11-08 00:00:00";"2016-11-08 23:59:59";16;13361;20;10;0;<FLG>
V6155020;V615502001;QINnJ;1;"2016-11-09 00:00:00";"2016-11-09 23:59:59";16;12758;20;10;0;<FLG>
V6155020;V615502001;QINnJ;1;"2016-11-10 00:00:00";"2016-11-10 23:59:59";16;11937;20;10;0;<FLG>
V6155020;V615502001;QINnJ;1;"2016-11-11 00:00:00";"2016-11-11 23:59:59";16;11117;20;10;0;<FLG>
V6155020;V615502001;QINnJ;1;"2016-11-12 00:00:00";"2016-11-12 23:59:59";16;10489;20;10;0;<FLG>
V6155020;V615502001;QINnJ;1;"2016-11-13 00:00:00";"2016-11-13 23:59:59";16;10078;20;10;0;<FLG>
V6155020;V615502001;QINnJ;1;"2016-11-14 00:00:00";"2016-11-14 23:59:59";16;9617;20;10;0;<FLG>
V6155020;V615502001;QINnJ;1;"2016-11-15 00:00:00";"2016-11-15 23:59:59";16;9077;20;10;0;<FLG>
V6155020;V615502001;QINnJ;1;"2016-11-16 00:00:00";"2016-11-16 23:59:59";16;8725;20;10;0;<FLG>
V6155020;V615502001;QINnJ;1;"2016-11-17 00:00:00";"2016-11-17 23:59:59";16;8487;20;10;0;<FLG>
V6155020;V615502001;QINnJ;1;"2016-11-18 00:00:00";"2016-11-18 23:59:59";16;8208;20;10;0;<FLG>
V6155020;V615502001;QINnJ;1;"2016-11-19 00:00:00";"2016-11-19 19:45:00";16;7904;20;10;0;<FLG>
V6155020;V615502001;QINnJ;1;"2016-11-20 00:00:00";"2016-11-20 15:10:00";16;7904;20;10;0;<FLG>
V6155020;V615502001;QINnJ;1;"2016-11-21 00:00:00";"2016-11-21 13:35:00";16;7879;20;10;0;<FLG>
V6155020;V615502001;QINnJ;1;"2016-11-22 00:00:00";"2016-11-22 00:00:00";16;14961;20;10;0;<FLG>
V6155020;V615502001;QINnJ;1;"2016-11-23 00:00:00";"2016-11-23 00:00:00";16;49421;20;10;0;<FLG>
V6155020;V615502001;QINnJ;1;"2016-11-24 00:00:00";"2016-11-24 00:00:00";16;55389;20;10;0;<FLG>
V6155020;V615502001;QINnJ;1;"2016-11-25 00:00:00";"2016-11-25 00:00:00";16;60092;20;10;0;<FLG>
V6155020;V615502001;QINnJ;1;"2016-11-26 00:00:00";"2016-11-26 01:30:00";16;69309;20;10;0;<FLG>
V6155020;V615502001;QINnJ;1;"2016-11-27 00:00:00";"2016-11-27 23:59:59";16;68303;20;10;0;<FLG>
V6155020;V615502001;QINnJ;1;"2016-11-28 00:00:00";"2016-11-28 23:59:59";16;63694;20;10;0;<FLG>
V6155020;V615502001;QINnJ;1;"2016-11-29 00:00:00";"2016-11-29 14:00:00";16;62424;20;10;0;<FLG>
V6155020;V615502001;QINnJ;1;"2016-11-30 00:00:00";"2016-11-30 23:59:59";16;60732;20;10;0;<FLG>
V6155020;V615502001;QINnJ;1;"2016-12-01 00:00:00";"2016-12-01 23:59:59";16;58620;20;10;0;<FLG>
V6155020;V615502001;QINnJ;1;"2016-12-02 00:00:00";"2016-12-02 23:59:59";16;57465;20;10;0;<FLG>
V6155020;V615502001;QINnJ;1;"2016-12-03 00:00:00";"2016-12-03 23:59:59";16;54733;20;10;0;<FLG>
V6155020;V615502001;QINnJ;1;"2016-12-04 00:00:00";"2016-12-04 23:59:59";16;51756;20;10;0;<FLG>
V6155020;V615502001;QINnJ;1;"2016-12-05 00:00:00";"2016-12-05 23:59:59";16;48341;20;10;0;<FLG>
V6155020;V615502001;QINnJ;1;"2016-12-06 00:00:00";"2016-12-06 23:59:59";16;45292;20;10;0;<FLG>
V6155020;V615502001;QINnJ;1;"2016-12-07 00:00:00";"2016-12-07 23:59:59";16;42096;20;10;0;<FLG>
V6155020;V615502001;QINnJ;1;"2016-12-08 00:00:00";"2016-12-08 23:59:59";16;38769;20;10;0;<FLG>
V6155020;V615502001;QINnJ;1;"2016-12-09 00:00:00";"2016-12-09 23:59:59";16;35962;20;10;0;<FLG>
V6155020;V615502001;QINnJ;1;"2016-12-10 00:00:00";"2016-12-10 23:59:59";16;32763;20;10;0;<FLG>
V6155020;V615502001;QINnJ;1;"2016-12-11 00:00:00";"2016-12-11 23:59:59";16;29878;20;10;0;<FLG>
V6155020;V615502001;QINnJ;1;"2016-12-12 00:00:00";"2016-12-12 23:59:59";16;27316;20;10;0;<FLG>
V6155020;V615502001;QINnJ;1;"2016-12-13 00:00:00";"2016-12-13 23:59:59";16;24860;20;10;0;<FLG>
V6155020;V615502001;QINnJ;1;"2016-12-14 00:00:00";"2016-12-14 23:59:59";16;23535;20;10;0;<FLG>
V6155020;V615502001;QINnJ;1;"2016-12-15 00:00:00";"2016-12-15 23:59:59";16;22243;20;10;0;<FLG>
V6155020;V615502001;QINnJ;1;"2016-12-16 00:00:00";"2016-12-16 23:59:59";16;21278;20;10;0;<FLG>
V6155020;V615502001;QINnJ;1;"2016-12-17 00:00:00";"2016-12-17 23:59:59";16;20356;20;10;0;<FLG>
V6155020;V615502001;QINnJ;1;"2016-12-18 00:00:00";"2016-12-18 23:59:59";16;19586;20;10;0;<FLG>
V6155020;V615502001;QINnJ;1;"2016-12-19 00:00:00";"2016-12-19 14:00:00";16;19286;20;10;0;<FLG>
V6155020;V615502001;QINnJ;1;"2016-12-20 00:00:00";"2016-12-20 12:00:00";16;19147;20;10;0;<FLG>
V6155020;V615502001;QINnJ;1;"2016-12-21 00:00:00";"2016-12-21 12:45:00";16;19058;20;10;0;<FLG>
V6155020;V615502001;QINnJ;1;"2016-12-22 00:00:00";"2016-12-22 13:00:00";16;19016;20;10;0;<FLG>
V6155020;V615502001;QINnJ;1;"2016-12-23 00:00:00";"2016-12-23 14:20:00";16;18889;20;10;0;<FLG>
V6155020;V615502001;QINnJ;1;"2016-12-24 00:00:00";"2016-12-24 12:20:00";16;18763;20;10;0;<FLG>
V6155020;V615502001;QINnJ;1;"2016-12-25 00:00:00";"2016-12-25 23:59:59";16;18661;20;10;0;<FLG>
V6155020;V615502001;QINnJ;1;"2016-12-26 00:00:00";"2016-12-26 23:59:59";16;18394;20;10;0;<FLG>
V6155020;V615502001;QINnJ;1;"2016-12-27 00:00:00";"2016-12-27 23:59:59";16;18124;20;10;0;<FLG>
V6155020;V615502001;QINnJ;1;"2016-12-28 00:00:00";"2016-12-28 11:25:00";16;17835;20;10;0;<FLG>
V6155020;V615502001;QINnJ;1;"2016-12-29 00:00:00";"2016-12-29 14:35:00";16;17371;20;10;0;<FLG>
V6155020;V615502001;QINnJ;1;"2016-12-30 00:00:00";"2016-12-30 23:59:59";16;17149;20;10;0;<FLG>
V6155020;V615502001;QINnJ;1;"2016-12-31 00:00:00";"2016-12-31 23:59:59";16;16907;20;10;0;<FLG>
V6155020;V615502001;QINnJ;1;"2017-01-01 00:00:00";"2017-01-01 13:25:00";16;16654;20;10;0;<FLG>
V6155020;V615502001;QINnJ;1;"2017-01-02 00:00:00";"2017-01-02 23:59:59";16;16423;20;10;0;<FLG>
V6155020;V615502001;QINnJ;1;"2017-01-03 00:00:00";"2017-01-03 15:00:00";16;16106;20;10;0;<FLG>
V6155020;V615502001;QINnJ;1;"2017-01-04 00:00:00";"2017-01-04 11:30:00";16;15811;20;10;0;<FLG>
V6155020;V615502001;QINnJ;1;"2017-01-05 00:00:00";"2017-01-05 13:00:00";16;15600;20;10;0;<FLG>
V6155020;V615502001;QINnJ;1;"2017-01-06 00:00:00";"2017-01-06 23:59:59";16;15294;20;10;0;<FLG>
V6155020;V615502001;QINnJ;1;"2017-01-07 00:00:00";"2017-01-07 11:30:00";16;15018;20;10;0;<FLG>
V6155020;V615502001;QINnJ;1;"2017-01-08 00:00:00";"2017-01-08 14:05:00";16;14824;20;10;0;<FLG>
V6155020;V615502001;QINnJ;1;"2017-01-09 00:00:00";"2017-01-09 23:59:59";16;14620;20;10;0;<FLG>
V6155020;V615502001;QINnJ;1;"2017-01-10 00:00:00";"2017-01-10 11:40:00";16;14475;20;10;0;<FLG>
V6155020;V615502001;QINnJ;1;"2017-01-11 00:00:00";"2017-01-11 13:10:00";16;14203;20;10;0;<FLG>
V6155020;V615502001;QINnJ;1;"2017-01-12 00:00:00";"2017-01-12 12:55:00";16;14009;20;10;0;<FLG>
V6155020;V615502001;QINnJ;1;"2017-01-13 00:00:00";"2017-01-13 23:59:59";16;13804;20;10;0;<FLG>
V6155020;V615502001;QINnJ;1;"2017-01-14 00:00:00";"2017-01-14 23:59:59";16;13537;20;10;0;<FLG>
V6155020;V615502001;QINnJ;1;"2017-01-15 00:00:00";"2017-01-15 13:15:00";16;13310;20;10;0;<FLG>
V6155020;V615502001;QINnJ;1;"2017-01-16 00:00:00";"2017-01-16 16:30:00";16;13078;20;10;0;<FLG>
V6155020;V615502001;QINnJ;1;"2017-01-17 00:00:00";"2017-01-17 12:35:00";16;12845;20;10;0;<FLG>
V6155020;V615502001;QINnJ;1;"2017-01-18 00:00:00";"2017-01-18 23:59:59";16;12567;20;10;0;<FLG>
V6155020;V615502001;QINnJ;1;"2017-01-19 00:00:00";"2017-01-19 12:50:00";16;12340;20;10;0;<FLG>
V6155020;V615502001;QINnJ;1;"2017-01-20 00:00:00";"2017-01-20 09:55:00";16;12146;20;10;0;<FLG>
V6155020;V615502001;QINnJ;1;"2017-01-21 00:00:00";"2017-01-21 23:59:59";16;11987;20;10;0;<FLG>
V6155020;V615502001;QINnJ;1;"2017-01-22 00:00:00";"2017-01-22 12:45:00";16;11836;20;10;0;<FLG>
V6155020;V615502001;QINnJ;1;"2017-01-23 00:00:00";"2017-01-23 23:59:59";16;11679;20;10;0;<FLG>
V6155020;V615502001;QINnJ;1;"2017-01-24 00:00:00";"2017-01-24 10:55:00";16;11448;20;10;0;<FLG>
V6155020;V615502001;QINnJ;1;"2017-01-25 00:00:00";"2017-01-25 10:35:00";16;11293;20;10;0;<FLG>
V6155020;V615502001;QINnJ;1;"2017-01-26 00:00:00";"2017-01-26 13:25:00";16;11099;20;10;0;<FLG>
V6155020;V615502001;QINnJ;1;"2017-01-27 00:00:00";"2017-01-27 11:35:00";16;11099;20;10;0;<FLG>
V6155020;V615502001;QINnJ;1;"2017-01-28 00:00:00";"2017-01-28 23:59:59";16;10799;20;10;0;<FLG>
V6155020;V615502001;QINnJ;1;"2017-01-29 00:00:00";"2017-01-29 23:59:59";16;10610;20;10;0;<FLG>
V6155020;V615502001;QINnJ;1;"2017-01-30 00:00:00";"2017-01-30 10:35:00";16;10400;20;10;0;<FLG>
V6155020;V615502001;QINnJ;1;"2017-01-31 00:00:00";"2017-01-31 23:59:59";16;10400;20;10;0;<FLG>
V6155020;V615502001;QINnJ;1;"2017-02-01 00:00:00";"2017-02-01 23:59:59";16;10332;20;10;0;<FLG>
V6155020;V615502001;QINnJ;1;"2017-02-02 00:00:00";"2017-02-02 12:55:00";16;10191;20;10;0;<FLG>
V6155020;V615502001;QINnJ;1;"2017-02-03 00:00:00";"2017-02-03 12:20:00";16;10221;20;10;0;<FLG>
V6155020;V615502001;QINnJ;1;"2017-02-04 00:00:00";"2017-02-04 00:00:00";16;10969;20;10;0;<FLG>
V6155020;V615502001;QINnJ;1;"2017-02-05 00:00:00";"2017-02-05 00:00:00";16;12238;20;10;0;<FLG>
V6155020;V615502001;QINnJ;1;"2017-02-06 00:00:00";"2017-02-06 00:00:00";16;14666;20;10;0;<FLG>
V6155020;V615502001;QINnJ;1;"2017-02-07 00:00:00";"2017-02-07 00:00:00";16;17371;20;10;0;<FLG>
V6155020;V615502001;QINnJ;1;"2017-02-08 00:00:00";"2017-02-08 16:50:00";16;18004;20;10;0;<FLG>
V6155020;V615502001;QINnJ;1;"2017-02-09 00:00:00";"2017-02-09 23:59:59";16;17621;20;10;0;<FLG>
V6155020;V615502001;QINnJ;1;"2017-02-10 00:00:00";"2017-02-10 23:59:59";16;17318;20;10;0;<FLG>
V6155020;V615502001;QINnJ;1;"2017-02-11 00:00:00";"2017-02-11 23:59:59";16;16704;20;10;0;<FLG>
V6155020;V615502001;QINnJ;1;"2017-02-12 00:00:00";"2017-02-12 09:55:00";16;16443;20;10;0;<FLG>
V6155020;V615502001;QINnJ;1;"2017-02-13 00:00:00";"2017-02-13 23:59:59";16;16152;20;10;0;<FLG>
V6155020;V615502001;QINnJ;1;"2017-02-14 00:00:00";"2017-02-14 23:59:59";16;15952;20;10;0;<FLG>
V6155020;V615502001;QINnJ;1;"2017-02-15 00:00:00";"2017-02-15 23:59:59";16;15730;20;10;0;<FLG>
V6155020;V615502001;QINnJ;1;"2017-02-16 00:00:00";"2017-02-16 09:20:00";16;15484;20;10;0;<FLG>
V6155020;V615502001;QINnJ;1;"2017-02-17 00:00:00";"2017-02-17 11:15:00";16;15328;20;10;0;<FLG>
V6155020;V615502001;QINnJ;1;"2017-02-18 00:00:00";"2017-02-18 11:20:00";16;15173;20;10;0;<FLG>
V6155020;V615502001;QINnJ;1;"2017-02-19 00:00:00";"2017-02-19 23:59:59";16;14950;20;10;0;<FLG>
V6155020;V615502001;QINnJ;1;"2017-02-20 00:00:00";"2017-02-20 23:59:59";16;14587;20;10;0;<FLG>
V6155020;V615502001;QINnJ;1;"2017-02-21 00:00:00";"2017-02-21 10:00:00";16;14436;20;10;0;<FLG>
V6155020;V615502001;QINnJ;1;"2017-02-22 00:00:00";"2017-02-22 23:59:59";16;14243;20;10;0;<FLG>
V6155020;V615502001;QINnJ;1;"2017-02-23 00:00:00";"2017-02-23 23:59:59";16;14038;20;10;0;<FLG>
V6155020;V615502001;QINnJ;1;"2017-02-24 00:00:00";"2017-02-24 23:59:59";16;13862;20;10;0;<FLG>
V6155020;V615502001;QINnJ;1;"2017-02-25 00:00:00";"2017-02-25 23:59:59";16;13570;20;10;0;<FLG>
V6155020;V615502001;QINnJ;1;"2017-02-26 00:00:00";"2017-02-26 10:40:00";16;13310;20;10;0;<FLG>
V6155020;V615502001;QINnJ;1;"2017-02-27 00:00:00";"2017-02-27 23:59:59";16;13184;20;10;0;<FLG>
V6155020;V615502001;QINnJ;1;"2017-02-28 00:00:00";"2017-02-28 23:59:59";16;13078;20;10;0;<FLG>
V6155020;V615502001;QINnJ;1;"2017-03-01 00:00:00";"2017-03-01 23:59:59";16;12987;20;10;0;<FLG>
V6155020;V615502001;QINnJ;1;"2017-03-02 00:00:00";"2017-03-02 23:59:59";16;12862;20;10;0;<FLG>
V6155020;V615502001;QINnJ;1;"2017-03-03 00:00:00";"2017-03-03 12:30:00";16;12806;20;10;0;<FLG>
V6155020;V615502001;QINnJ;1;"2017-03-04 00:00:00";"2017-03-04 00:00:00";16;12822;20;10;0;<FLG>
V6155020;V615502001;QINnJ;1;"2017-03-05 00:00:00";"2017-03-05 00:00:00";16;12881;20;10;0;<FLG>
V6155020;V615502001;QINnJ;1;"2017-03-06 00:00:00";"2017-03-06 00:00:00";16;13146;20;10;0;<FLG>
V6155020;V615502001;QINnJ;1;"2017-03-07 00:00:00";"2017-03-07 00:00:00";16;14064;20;10;0;<FLG>
V6155020;V615502001;QINnJ;1;"2017-03-08 00:00:00";"2017-03-08 00:00:00";16;15565;20;10;0;<FLG>
V6155020;V615502001;QINnJ;1;"2017-03-09 00:00:00";"2017-03-09 00:00:00";16;16114;20;10;0;<FLG>
V6155020;V615502001;QINnJ;1;"2017-03-10 00:00:00";"2017-03-10 00:00:00";16;16618;20;10;0;<FLG>
V6155020;V615502001;QINnJ;1;"2017-03-11 00:00:00";"2017-03-11 00:00:00";16;17003;20;10;0;<FLG>
V6155020;V615502001;QINnJ;1;"2017-03-12 00:00:00";"2017-03-12 09:27:00";16;17076;20;10;0;<FLG>
V6155020;V615502001;QINnJ;1;"2017-03-13 00:00:00";"2017-03-13 23:59:59";16;16744;20;10;0;<FLG>
V6155020;V615502001;QINnJ;1;"2017-03-14 00:00:00";"2017-03-14 23:59:59";16;16422;20;10;0;<FLG>
V6155020;V615502001;QINnJ;1;"2017-03-15 00:00:00";"2017-03-15 23:59:59";16;16100;20;10;0;<FLG>
V6155020;V615502001;QINnJ;1;"2017-03-16 00:00:00";"2017-03-16 23:59:59";16;15824;20;10;0;<FLG>
V6155020;V615502001;QINnJ;1;"2017-03-17 00:00:00";"2017-03-17 23:59:59";16;15502;20;10;0;<FLG>
V6155020;V615502001;QINnJ;1;"2017-03-18 00:00:00";"2017-03-18 23:59:59";16;15316;20;10;0;<FLG>
V6155020;V615502001;QINnJ;1;"2017-03-19 00:00:00";"2017-03-19 23:59:59";16;15175;20;10;0;<FLG>
V6155020;V615502001;QINnJ;1;"2017-03-20 00:00:00";"2017-03-20 23:59:59";16;14881;20;10;0;<FLG>
V6155020;V615502001;QINnJ;1;"2017-03-21 00:00:00";"2017-03-21 23:59:59";16;14634;20;10;0;<FLG>
V6155020;V615502001;QINnJ;1;"2017-03-22 00:00:00";"2017-03-22 23:59:59";16;14399;20;10;0;<FLG>
V6155020;V615502001;QINnJ;1;"2017-03-23 00:00:00";"2017-03-23 23:50:00";16;14048;20;10;0;<FLG>
V6155020;V615502001;QINnJ;1;"2017-03-24 00:00:00";"2017-03-24 00:00:00";16;14053;20;10;0;<FLG>
V6155020;V615502001;QINnJ;1;"2017-03-25 00:00:00";"2017-03-25 00:00:00";16;16822;20;10;0;<FLG>
V6155020;V615502001;QINnJ;1;"2017-03-26 00:00:00";"2017-03-26 00:00:00";16;21505;20;10;0;<FLG>
V6155020;V615502001;QINnJ;1;"2017-03-27 00:00:00";"2017-03-27 00:00:00";16;28811;20;10;0;<FLG>
V6155020;V615502001;QINnJ;1;"2017-03-28 00:00:00";"2017-03-28 23:59:59";16;28844;20;10;0;<FLG>
V6155020;V615502001;QINnJ;1;"2017-03-29 00:00:00";"2017-03-29 23:59:59";16;26829;20;10;0;<FLG>
V6155020;V615502001;QINnJ;1;"2017-03-30 00:00:00";"2017-03-30 23:59:59";16;24519;20;10;0;<FLG>
V6155020;V615502001;QINnJ;1;"2017-03-31 00:00:00";"2017-03-31 23:59:59";16;22465;20;10;0;<FLG>
V6155020;V615502001;QINnJ;1;"2017-04-01 00:00:00";"2017-04-01 23:59:59";16;21075;20;10;0;<FLG>
V6155020;V615502001;QINnJ;1;"2017-04-02 00:00:00";"2017-04-02 23:59:59";16;20581;20;10;0;<FLG>
V6155020;V615502001;QINnJ;1;"2017-04-03 00:00:00";"2017-04-03 09:10:00";16;20543;20;10;0;<FLG>
V6155020;V615502001;QINnJ;1;"2017-04-04 00:00:00";"2017-04-04 23:59:59";16;20509;20;10;0;<FLG>
V6155020;V615502001;QINnJ;1;"2017-04-05 00:00:00";"2017-04-05 23:59:59";16;20165;20;10;0;<FLG>
V6155020;V615502001;QINnJ;1;"2017-04-06 00:00:00";"2017-04-06 23:59:59";16;19851;20;10;0;<FLG>
V6155020;V615502001;QINnJ;1;"2017-04-07 00:00:00";"2017-04-07 23:59:59";16;19561;20;10;0;<FLG>
V6155020;V615502001;QINnJ;1;"2017-04-08 00:00:00";"2017-04-08 08:02:00";16;19426;20;10;0;<FLG>
V6155020;V615502001;QINnJ;1;"2017-04-09 00:00:00";"2017-04-09 23:59:59";16;19141;20;10;0;<FLG>
V6155020;V615502001;QINnJ;1;"2017-04-10 00:00:00";"2017-04-10 23:59:59";16;18943;20;10;0;<FLG>
V6155020;V615502001;QINnJ;1;"2017-04-11 00:00:00";"2017-04-11 23:59:59";16;18695;20;10;0;<FLG>
V6155020;V615502001;QINnJ;1;"2017-04-12 00:00:00";"2017-04-12 23:59:59";16;18534;20;10;0;<FLG>
V6155020;V615502001;QINnJ;1;"2017-04-13 00:00:00";"2017-04-13 23:59:59";16;18325;20;10;0;<FLG>
V6155020;V615502001;QINnJ;1;"2017-04-14 00:00:00";"2017-04-14 23:59:59";16;17946;20;10;0;<FLG>
V6155020;V615502001;QINnJ;1;"2017-04-15 00:00:00";"2017-04-15 23:59:59";16;17654;20;10;0;<FLG>
V6155020;V615502001;QINnJ;1;"2017-04-16 00:00:00";"2017-04-16 23:59:59";16;17386;20;10;0;<FLG>
V6155020;V615502001;QINnJ;1;"2017-04-17 00:00:00";"2017-04-17 23:59:59";16;17099;20;10;0;<FLG>
V6155020;V615502001;QINnJ;1;"2017-04-18 00:00:00";"2017-04-18 23:59:59";16;16813;20;10;0;<FLG>
V6155020;V615502001;QINnJ;1;"2017-04-19 00:00:00";"2017-04-19 23:59:59";16;16447;20;10;0;<FLG>
V6155020;V615502001;QINnJ;1;"2017-04-20 00:00:00";"2017-04-20 23:59:59";16;16115;20;10;0;<FLG>
V6155020;V615502001;QINnJ;1;"2017-04-21 00:00:00";"2017-04-21 23:59:59";16;15862;20;10;0;<FLG>
V6155020;V615502001;QINnJ;1;"2017-04-22 00:00:00";"2017-04-22 23:59:59";16;15642;20;10;0;<FLG>
V6155020;V615502001;QINnJ;1;"2017-04-23 00:00:00";"2017-04-23 23:59:59";16;15515;20;10;0;<FLG>
V6155020;V615502001;QINnJ;1;"2017-04-24 00:00:00";"2017-04-24 23:59:59";16;15274;20;10;0;<FLG>
V6155020;V615502001;QINnJ;1;"2017-04-25 00:00:00";"2017-04-25 23:59:59";16;15124;20;10;0;<FLG>
V6155020;V615502001;QINnJ;1;"2017-04-26 00:00:00";"2017-04-26 17:50:00";16;14979;20;10;0;<FLG>
V6155020;V615502001;QINnJ;1;"2017-04-27 00:00:00";"2017-04-27 00:00:00";16;14979;20;10;0;<FLG>
V6155020;V615502001;QINnJ;1;"2017-04-28 00:00:00";"2017-04-28 00:00:00";16;15139;20;10;0;<FLG>
V6155020;V615502001;QINnJ;1;"2017-04-29 00:00:00";"2017-04-29 23:59:59";16;15163;20;10;0;<FLG>
V6155020;V615502001;QINnJ;1;"2017-04-30 00:00:00";"2017-04-30 14:08:00";16;15018;20;10;0;<FLG>
V6155020;V615502001;QINnJ;1;"2017-05-01 00:00:00";"2017-05-01 10:15:00";16;14824;20;10;0;<FLG>
V6155020;V615502001;QINnJ;1;"2017-05-02 00:00:00";"2017-05-02 00:00:00";16;15134;20;10;0;<FLG>
V6155020;V615502001;QINnJ;1;"2017-05-03 00:00:00";"2017-05-03 00:00:00";16;15675;20;10;0;<FLG>
V6155020;V615502001;QINnJ;1;"2017-05-04 00:00:00";"2017-05-04 00:00:00";16;16781;20;10;0;<FLG>
V6155020;V615502001;QINnJ;1;"2017-05-05 00:00:00";"2017-05-05 07:45:00";16;17329;20;10;0;<FLG>
V6155020;V615502001;QINnJ;1;"2017-05-06 00:00:00";"2017-05-06 12:15:00";16;17582;20;10;0;<FLG>
V6155020;V615502001;QINnJ;1;"2017-05-07 00:00:00";"2017-05-07 09:35:00";16;17835;20;10;0;<FLG>
V6155020;V615502001;QINnJ;1;"2017-05-08 00:00:00";"2017-05-08 00:00:00";16;18483;20;10;0;<FLG>
V6155020;V615502001;QINnJ;1;"2017-05-09 00:00:00";"2017-05-09 10:00:00";16;18847;20;10;0;<FLG>
V6155020;V615502001;QINnJ;1;"2017-05-10 00:00:00";"2017-05-10 07:35:00";16;18931;20;10;0;<FLG>
V6155020;V615502001;QINnJ;1;"2017-05-11 00:00:00";"2017-05-11 09:20:00";16;18678;20;10;0;<FLG>
V6155020;V615502001;QINnJ;1;"2017-05-12 00:00:00";"2017-05-12 23:59:59";16;18571;20;10;0;<FLG>
V6155020;V615502001;QINnJ;1;"2017-05-13 00:00:00";"2017-05-13 07:15:00";16;18299;20;10;0;<FLG>
V6155020;V615502001;QINnJ;1;"2017-05-14 00:00:00";"2017-05-14 23:59:59";16;18034;20;10;0;<FLG>
V6155020;V615502001;QINnJ;1;"2017-05-15 00:00:00";"2017-05-15 08:30:00";16;17708;20;10;0;<FLG>
V6155020;V615502001;QINnJ;1;"2017-05-16 00:00:00";"2017-05-16 23:59:59";16;17349;20;10;0;<FLG>
V6155020;V615502001;QINnJ;1;"2017-05-17 00:00:00";"2017-05-17 23:59:59";16;16955;20;10;0;<FLG>
V6155020;V615502001;QINnJ;1;"2017-05-18 00:00:00";"2017-05-18 23:59:59";16;16744;20;10;0;<FLG>
V6155020;V615502001;QINnJ;1;"2017-05-19 00:00:00";"2017-05-19 23:59:59";16;16355;20;10;0;<FLG>
V6155020;V615502001;QINnJ;1;"2017-05-20 00:00:00";"2017-05-20 09:00:00";16;15895;20;10;0;<FLG>
V6155020;V615502001;QINnJ;1;"2017-05-21 00:00:00";"2017-05-21 08:30:00";16;15561;20;10;0;<FLG>
V6155020;V615502001;QINnJ;1;"2017-05-22 00:00:00";"2017-05-22 23:59:59";16;15348;20;10;0;<FLG>
V6155020;V615502001;QINnJ;1;"2017-05-23 00:00:00";"2017-05-23 07:55:00";16;15057;20;10;0;<FLG>
V6155020;V615502001;QINnJ;1;"2017-05-24 00:00:00";"2017-05-24 08:10:00";16;14863;20;10;0;<FLG>
V6155020;V615502001;QINnJ;1;"2017-05-25 00:00:00";"2017-05-25 17:10:00";16;14591;20;10;0;<FLG>
V6155020;V615502001;QINnJ;1;"2017-05-26 00:00:00";"2017-05-26 17:55:00";16;14319;20;10;0;<FLG>
V6155020;V615502001;QINnJ;1;"2017-05-27 00:00:00";"2017-05-27 23:59:59";16;13989;20;10;0;<FLG>
V6155020;V615502001;QINnJ;1;"2017-05-28 00:00:00";"2017-05-28 18:35:00";16;13621;20;10;0;<FLG>
V6155020;V615502001;QINnJ;1;"2017-05-29 00:00:00";"2017-05-29 08:30:00";16;13427;20;10;0;<FLG>
V6155020;V615502001;QINnJ;1;"2017-05-30 00:00:00";"2017-05-30 18:45:00";16;13155;20;10;0;<FLG>
V6155020;V615502001;QINnJ;1;"2017-05-31 00:00:00";"2017-05-31 23:59:59";16;12923;20;10;0;<FLG>
V6155020;V615502001;QINnJ;1;"2017-06-01 00:00:00";"2017-06-01 10:25:00";16;12767;20;10;0;<FLG>
V6155020;V615502001;QINnJ;1;"2017-06-02 00:00:00";"2017-06-02 23:59:59";16;12473;20;10;0;<FLG>
V6155020;V615502001;QINnJ;1;"2017-06-03 00:00:00";"2017-06-03 17:35:00";16;12263;20;10;0;<FLG>
V6155020;V615502001;QINnJ;1;"2017-06-04 00:00:00";"2017-06-04 23:59:59";16;12030;20;10;0;<FLG>
V6155020;V615502001;QINnJ;1;"2017-06-05 00:00:00";"2017-06-05 23:59:59";16;11812;20;10;0;<FLG>
V6155020;V615502001;QINnJ;1;"2017-06-06 00:00:00";"2017-06-06 14:50:00";16;11603;20;10;0;<FLG>
V6155020;V615502001;QINnJ;1;"2017-06-07 00:00:00";"2017-06-07 09:05:00";16;11331;20;10;0;<FLG>
V6155020;V615502001;QINnJ;1;"2017-06-08 00:00:00";"2017-06-08 08:30:00";16;11099;20;10;0;<FLG>
V6155020;V615502001;QINnJ;1;"2017-06-09 00:00:00";"2017-06-09 23:59:59";16;10954;20;10;0;<FLG>
V6155020;V615502001;QINnJ;1;"2017-06-10 00:00:00";"2017-06-10 23:59:59";16;10647;20;10;0;<FLG>
V6155020;V615502001;QINnJ;1;"2017-06-11 00:00:00";"2017-06-11 23:59:59";16;10535;20;10;0;<FLG>
V6155020;V615502001;QINnJ;1;"2017-06-12 00:00:00";"2017-06-12 23:59:59";16;10271;20;10;0;<FLG>
V6155020;V615502001;QINnJ;1;"2017-06-13 00:00:00";"2017-06-13 18:20:00";16;10131;20;10;0;<FLG>
V6155020;V615502001;QINnJ;1;"2017-06-14 00:00:00";"2017-06-14 19:45:00";16;9982;20;10;0;<FLG>
V6155020;V615502001;QINnJ;1;"2017-06-15 00:00:00";"2017-06-15 23:59:59";16;9830;20;10;0;<FLG>
V6155020;V615502001;QINnJ;1;"2017-06-16 00:00:00";"2017-06-16 18:00:00";16;9713;20;10;0;<FLG>
V6155020;V615502001;QINnJ;1;"2017-06-17 00:00:00";"2017-06-17 19:10:00";16;9623;20;10;0;<FLG>
V6155020;V615502001;QINnJ;1;"2017-06-18 00:00:00";"2017-06-18 17:35:00";16;9414;20;10;0;<FLG>
V6155020;V615502001;QINnJ;1;"2017-06-19 00:00:00";"2017-06-19 19:05:00";16;9265;20;10;0;<FLG>
V6155020;V615502001;QINnJ;1;"2017-06-20 00:00:00";"2017-06-20 18:40:00";16;9175;20;10;0;<FLG>
V6155020;V615502001;QINnJ;1;"2017-06-21 00:00:00";"2017-06-21 17:05:00";16;9085;20;10;0;<FLG>
V6155020;V615502001;QINnJ;1;"2017-06-22 00:00:00";"2017-06-22 18:10:00";16;8936;20;10;0;<FLG>
V6155020;V615502001;QINnJ;1;"2017-06-23 00:00:00";"2017-06-23 18:20:00";16;8876;20;10;0;<FLG>
V6155020;V615502001;QINnJ;1;"2017-06-24 00:00:00";"2017-06-24 19:45:00";16;8727;20;10;0;<FLG>
V6155020;V615502001;QINnJ;1;"2017-06-25 00:00:00";"2017-06-25 17:25:00";16;8637;20;10;0;<FLG>
V6155020;V615502001;QINnJ;1;"2017-06-26 00:00:00";"2017-06-26 00:00:00";16;8637;20;10;0;<FLG>
V6155020;V615502001;QINnJ;1;"2017-06-27 00:00:00";"2017-06-27 18:30:00";16;8518;20;10;0;<FLG>
V6155020;V615502001;QINnJ;1;"2017-06-28 00:00:00";"2017-06-28 00:00:00";16;8527;20;10;0;<FLG>
V6155020;V615502001;QINnJ;1;"2017-06-29 00:00:00";"2017-06-29 23:59:59";16;8487;20;10;0;<FLG>
V6155020;V615502001;QINnJ;1;"2017-06-30 00:00:00";"2017-06-30 23:59:59";16;8309;20;10;0;<FLG>
V6155020;V615502001;QINnJ;1;"2017-07-01 00:00:00";"2017-07-01 07:45:00";16;8189;20;10;0;<FLG>
V6155020;V615502001;QINnJ;1;"2017-07-02 00:00:00";"2017-07-02 17:45:00";16;8070;20;10;0;<FLG>
V6155020;V615502001;QINnJ;1;"2017-07-03 00:00:00";"2017-07-03 18:10:00";16;7955;20;10;0;<FLG>
V6155020;V615502001;QINnJ;1;"2017-07-04 00:00:00";"2017-07-04 20:05:00";16;7829;20;10;0;<FLG>
V6155020;V615502001;QINnJ;1;"2017-07-05 00:00:00";"2017-07-05 18:30:00";16;7753;20;10;0;<FLG>
V6155020;V615502001;QINnJ;1;"2017-07-06 00:00:00";"2017-07-06 17:25:00";16;7678;20;10;0;<FLG>
V6155020;V615502001;QINnJ;1;"2017-07-07 00:00:00";"2017-07-07 18:40:00";16;7577;20;10;0;<FLG>
V6155020;V615502001;QINnJ;1;"2017-07-08 00:00:00";"2017-07-08 17:20:00";16;7527;20;10;0;<FLG>
V6155020;V615502001;QINnJ;1;"2017-07-09 00:00:00";"2017-07-09 18:10:00";16;7451;20;10;0;<FLG>
V6155020;V615502001;QINnJ;1;"2017-07-10 00:00:00";"2017-07-10 17:05:00";16;7401;20;10;0;<FLG>
V6155020;V615502001;QINnJ;1;"2017-07-11 00:00:00";"2017-07-11 18:50:00";16;7300;20;10;0;<FLG>
V6155020;V615502001;QINnJ;1;"2017-07-12 00:00:00";"2017-07-12 17:55:00";16;7199;20;10;0;<FLG>
V6155020;V615502001;QINnJ;1;"2017-07-13 00:00:00";"2017-07-13 19:25:00";16;7124;20;10;0;<FLG>
V6155020;V615502001;QINnJ;1;"2017-07-14 00:00:00";"2017-07-14 17:35:00";16;7073;20;10;0;<FLG>
V6155020;V615502001;QINnJ;1;"2017-07-15 00:00:00";"2017-07-15 23:59:59";16;7014;20;10;0;<FLG>
V6155020;V615502001;QINnJ;1;"2017-07-16 00:00:00";"2017-07-16 23:59:59";16;6980;20;10;0;<FLG>
V6155020;V615502001;QINnJ;1;"2017-07-17 00:00:00";"2017-07-17 05:06:00";16;6973;20;10;0;<FLG>
V6155020;V615502001;QINnJ;1;"2017-07-18 00:00:00";"2017-07-18 19:00:00";16;6957;20;10;0;<FLG>
V6155020;V615502001;QINnJ;1;"2017-07-19 00:00:00";"2017-07-19 21:34:00";16;6936;20;10;0;<FLG>
V6155020;V615502001;QINnJ;1;"2017-07-20 00:00:00";"2017-07-20 21:35:00";16;6866;20;10;0;<FLG>
V6155020;V615502001;QINnJ;1;"2017-07-21 00:00:00";"2017-07-21 14:15:00";16;6827;20;10;0;<FLG>
V6155020;V615502001;QINnJ;1;"2017-07-22 00:00:00";"2017-07-22 16:35:00";16;6731;20;10;0;<FLG>
V6155020;V615502001;QINnJ;1;"2017-07-23 00:00:00";"2017-07-23 19:00:00";16;6659;20;10;0;<FLG>
V6155020;V615502001;QINnJ;1;"2017-07-24 00:00:00";"2017-07-24 17:05:00";16;6616;20;10;0;<FLG>
V6155020;V615502001;QINnJ;1;"2017-07-25 00:00:00";"2017-07-25 20:05:00";16;6544;20;10;0;<FLG>
V6155020;V615502001;QINnJ;1;"2017-07-26 00:00:00";"2017-07-26 23:59:59";16;6511;20;10;0;<FLG>
V6155020;V615502001;QINnJ;1;"2017-07-27 00:00:00";"2017-07-27 23:59:59";16;6466;20;10;0;<FLG>
V6155020;V615502001;QINnJ;1;"2017-07-28 00:00:00";"2017-07-28 23:59:59";16;6328;20;10;0;<FLG>
V6155020;V615502001;QINnJ;1;"2017-07-29 00:00:00";"2017-07-29 23:59:59";16;6292;20;10;0;<FLG>
V6155020;V615502001;QINnJ;1;"2017-07-30 00:00:00";"2017-07-30 17:45:00";16;6172;20;10;0;<FLG>
V6155020;V615502001;QINnJ;1;"2017-07-31 00:00:00";"2017-07-31 23:59:59";16;6157;20;10;0;<FLG>
V6155020;V615502001;QINnJ;1;"2017-08-01 00:00:00";"2017-08-01 23:59:59";16;6115;20;10;0;<FLG>
V6155020;V615502001;QINnJ;1;"2017-08-02 00:00:00";"2017-08-02 23:59:59";16;6100;20;10;0;<FLG>
V6155020;V615502001;QINnJ;1;"2017-08-03 00:00:00";"2017-08-03 23:59:59";16;6084;20;10;0;<FLG>
V6155020;V615502001;QINnJ;1;"2017-08-04 00:00:00";"2017-08-04 23:59:59";16;6064;20;10;0;<FLG>
V6155020;V615502001;QINnJ;1;"2017-08-05 00:00:00";"2017-08-05 23:59:59";16;6032;20;10;0;<FLG>
V6155020;V615502001;QINnJ;1;"2017-08-06 00:00:00";"2017-08-06 23:59:59";16;6030;20;10;0;<FLG>
V6155020;V615502001;QINnJ;1;"2017-08-07 00:00:00";"2017-08-07 07:00:00";16;6030;20;10;0;<FLG>
V6155020;V615502001;QINnJ;1;"2017-08-08 00:00:00";"2017-08-08 00:00:00";16;6041;20;10;0;<FLG>
V6155020;V615502001;QINnJ;1;"2017-08-09 00:00:00";"2017-08-09 23:59:59";16;6038;20;10;0;<FLG>
V6155020;V615502001;QINnJ;1;"2017-08-10 00:00:00";"2017-08-10 23:59:59";16;6008;20;10;0;<FLG>
V6155020;V615502001;QINnJ;1;"2017-08-11 00:00:00";"2017-08-11 23:59:59";16;5953;20;10;0;<FLG>
V6155020;V615502001;QINnJ;1;"2017-08-12 00:00:00";"2017-08-12 23:59:59";16;5917;20;10;0;<FLG>
V6155020;V615502001;QINnJ;1;"2017-08-13 00:00:00";"2017-08-13 23:59:59";16;5881;20;10;0;<FLG>
V6155020;V615502001;QINnJ;1;"2017-08-14 00:00:00";"2017-08-14 23:59:59";16;5854;20;10;0;<FLG>
V6155020;V615502001;QINnJ;1;"2017-08-15 00:00:00";"2017-08-15 23:59:59";16;5823;20;10;0;<FLG>
V6155020;V615502001;QINnJ;1;"2017-08-16 00:00:00";"2017-08-16 23:59:59";16;5786;20;10;0;<FLG>
V6155020;V615502001;QINnJ;1;"2017-08-17 00:00:00";"2017-08-17 23:59:59";16;5737;20;10;0;<FLG>
V6155020;V615502001;QINnJ;1;"2017-08-18 00:00:00";"2017-08-18 23:59:59";16;5685;20;10;0;<FLG>
V6155020;V615502001;QINnJ;1;"2017-08-19 00:00:00";"2017-08-19 23:59:59";16;5644;20;10;0;<FLG>
V6155020;V615502001;QINnJ;1;"2017-08-20 00:00:00";"2017-08-20 23:59:59";16;5607;20;10;0;<FLG>
V6155020;V615502001;QINnJ;1;"2017-08-21 00:00:00";"2017-08-21 23:59:59";16;5551;20;10;0;<FLG>
V6155020;V615502001;QINnJ;1;"2017-08-22 00:00:00";"2017-08-22 23:59:59";16;5513;20;10;0;<FLG>
V6155020;V615502001;QINnJ;1;"2017-08-23 00:00:00";"2017-08-23 23:59:59";16;5463;20;10;0;<FLG>
V6155020;V615502001;QINnJ;1;"2017-08-24 00:00:00";"2017-08-24 23:59:59";16;5418;20;10;0;<FLG>
V6155020;V615502001;QINnJ;1;"2017-08-25 00:00:00";"2017-08-25 23:59:59";16;5367;20;10;0;<FLG>
V6155020;V615502001;QINnJ;1;"2017-08-26 00:00:00";"2017-08-26 23:59:59";16;5326;20;10;0;<FLG>
V6155020;V615502001;QINnJ;1;"2017-08-27 00:00:00";"2017-08-27 23:59:59";16;5275;20;10;0;<FLG>
V6155020;V615502001;QINnJ;1;"2017-08-28 00:00:00";"2017-08-28 23:59:59";16;5255;20;10;0;<FLG>
V6155020;V615502001;QINnJ;1;"2017-08-29 00:00:00";"2017-08-29 23:59:59";16;5225;20;10;0;<FLG>
V6155020;V615502001;QINnJ;1;"2017-08-30 00:00:00";"2017-08-30 23:59:59";16;5194;20;10;0;<FLG>
V6155020;V615502001;QINnJ;1;"2017-08-31 00:00:00";"2017-08-31 14:15:00";16;5155;20;10;0;<FLG>
V6155020;V615502001;QINnJ;1;"2017-09-01 00:00:00";"2017-09-01 09:50:00";16;5179;20;10;0;<FLG>
V6155020;V615502001;QINnJ;1;"2017-09-02 00:00:00";"2017-09-02 11:20:00";16;5171;20;10;0;<FLG>
V6155020;V615502001;QINnJ;1;"2017-09-03 00:00:00";"2017-09-03 08:30:00";16;5178;20;10;0;<FLG>
V6155020;V615502001;QINnJ;1;"2017-09-04 00:00:00";"2017-09-04 23:59:59";16;5172;20;10;0;<FLG>
V6155020;V615502001;QINnJ;1;"2017-09-05 00:00:00";"2017-09-05 09:50:00";16;5094;20;10;0;<FLG>
V6155020;V615502001;QINnJ;1;"2017-09-06 00:00:00";"2017-09-06 23:59:59";16;5132;20;10;0;<FLG>
V6155020;V615502001;QINnJ;1;"2017-09-07 00:00:00";"2017-09-07 11:10:00";16;5128;20;10;0;<FLG>
V6155020;V615502001;QINnJ;1;"2017-09-08 00:00:00";"2017-09-08 09:50:00";16;5119;20;10;0;<FLG>
V6155020;V615502001;QINnJ;1;"2017-09-09 00:00:00";"2017-09-09 00:00:00";16;5124;20;10;0;<FLG>
V6155020;V615502001;QINnJ;1;"2017-09-10 00:00:00";"2017-09-10 08:45:00";16;5085;20;10;0;<FLG>
V6155020;V615502001;QINnJ;1;"2017-09-11 00:00:00";"2017-09-11 23:59:59";16;5082;20;10;0;<FLG>
V6155020;V615502001;QINnJ;1;"2017-09-12 00:00:00";"2017-09-12 09:05:00";16;5000;20;10;0;<FLG>
V6155020;V615502001;QINnJ;1;"2017-09-13 00:00:00";"2017-09-13 07:30:00";16;4923;20;10;0;<FLG>
V6155020;V615502001;QINnJ;1;"2017-09-14 00:00:00";"2017-09-14 23:59:59";16;4921;20;10;0;<FLG>
V6155020;V615502001;QINnJ;1;"2017-09-15 00:00:00";"2017-09-15 09:50:00";16;4822;20;10;0;<FLG>
V6155020;V615502001;QINnJ;1;"2017-09-16 00:00:00";"2017-09-16 11:30:00";16;4814;20;10;0;<FLG>
V6155020;V615502001;QINnJ;1;"2017-09-17 00:00:00";"2017-09-17 08:25:00";16;4751;20;10;0;<FLG>
V6155020;V615502001;QINnJ;1;"2017-09-18 00:00:00";"2017-09-18 08:35:00";16;4717;20;10;0;<FLG>
V6155020;V615502001;QINnJ;1;"2017-09-19 00:00:00";"2017-09-19 09:30:00";16;4700;20;10;0;<FLG>
V6155020;V615502001;QINnJ;1;"2017-09-20 00:00:00";"2017-09-20 11:20:00";16;4615;20;10;0;<FLG>
V6155020;V615502001;QINnJ;1;"2017-09-21 00:00:00";"2017-09-21 04:20:00";16;4598;20;10;0;<FLG>
V6155020;V615502001;QINnJ;1;"2017-09-22 00:00:00";"2017-09-22 11:15:00";16;4564;20;10;0;<FLG>
V6155020;V615502001;QINnJ;1;"2017-09-23 00:00:00";"2017-09-23 23:59:59";16;4563;20;10;0;<FLG>
V6155020;V615502001;QINnJ;1;"2017-09-24 00:00:00";"2017-09-24 08:30:00";16;4530;20;10;0;<FLG>
V6155020;V615502001;QINnJ;1;"2017-09-25 00:00:00";"2017-09-25 08:30:00";16;4496;20;10;0;<FLG>
V6155020;V615502001;QINnJ;1;"2017-09-26 00:00:00";"2017-09-26 23:59:59";16;4471;20;10;0;<FLG>
V6155020;V615502001;QINnJ;1;"2017-09-27 00:00:00";"2017-09-27 23:59:59";16;4393;20;10;0;<FLG>
V6155020;V615502001;QINnJ;1;"2017-09-28 00:00:00";"2017-09-28 08:30:00";16;4326;20;10;0;<FLG>
V6155020;V615502001;QINnJ;1;"2017-09-29 00:00:00";"2017-09-29 10:40:00";16;4292;20;10;0;<FLG>
V6155020;V615502001;QINnJ;1;"2017-09-30 00:00:00";"2017-09-30 08:00:00";16;4275;20;10;0;<FLG>
V6155020;V615502001;QINnJ;1;"2017-10-01 00:00:00";"2017-10-01 09:25:00";16;4207;20;10;0;<FLG>
V6155020;V615502001;QINnJ;1;"2017-10-02 00:00:00";"2017-10-02 08:30:00";16;4207;20;10;0;<FLG>
V6155020;V615502001;QINnJ;1;"2017-10-03 00:00:00";"2017-10-03 23:59:59";16;4220;20;10;0;<FLG>
V6155020;V615502001;QINnJ;1;"2017-10-04 00:00:00";"2017-10-04 07:10:00";16;4164;20;10;0;<FLG>
V6155020;V615502001;QINnJ;1;"2017-10-05 00:00:00";"2017-10-05 10:30:00";16;4139;20;10;0;<FLG>
V6155020;V615502001;QINnJ;1;"2017-10-06 00:00:00";"2017-10-06 10:00:00";16;4164;20;10;0;<FLG>
V6155020;V615502001;QINnJ;1;"2017-10-07 00:00:00";"2017-10-07 23:59:59";16;4075;20;10;0;<FLG>
V6155020;V615502001;QINnJ;1;"2017-10-08 00:00:00";"2017-10-08 08:25:00";16;4062;20;10;0;<FLG>
V6155020;V615502001;QINnJ;1;"2017-10-09 00:00:00";"2017-10-09 00:05:00";16;4075;20;10;0;<FLG>
V6155020;V615502001;QINnJ;1;"2017-10-10 00:00:00";"2017-10-10 08:05:00";16;4036;20;10;0;<FLG>
V6155020;V615502001;QINnJ;1;"2017-10-11 00:00:00";"2017-10-11 09:15:00";16;3972;20;10;0;<FLG>
V6155020;V615502001;QINnJ;1;"2017-10-12 00:00:00";"2017-10-12 12:35:00";16;3960;20;10;0;<FLG>
V6155020;V615502001;QINnJ;1;"2017-10-13 00:00:00";"2017-10-13 07:50:00";16;3921;20;10;0;<FLG>
V6155020;V615502001;QINnJ;1;"2017-10-14 00:00:00";"2017-10-14 09:35:00";16;3896;20;10;0;<FLG>
V6155020;V615502001;QINnJ;1;"2017-10-15 00:00:00";"2017-10-15 10:50:00";16;3844;20;10;0;<FLG>
V6155020;V615502001;QINnJ;1;"2017-10-16 00:00:00";"2017-10-16 10:35:00";16;3832;20;10;0;<FLG>
V6155020;V615502001;QINnJ;1;"2017-10-17 00:00:00";"2017-10-17 22:35:00";16;3819;20;10;0;<FLG>
V6155020;V615502001;QINnJ;1;"2017-10-18 00:00:00";"2017-10-18 11:20:00";16;3819;20;10;0;<FLG>
V6155020;V615502001;QINnJ;1;"2017-10-19 00:00:00";"2017-10-19 23:59:59";16;3847;20;10;0;<FLG>
V6155020;V615502001;QINnJ;1;"2017-10-20 00:00:00";"2017-10-20 23:59:59";16;3824;20;10;0;<FLG>
V6155020;V615502001;QINnJ;1;"2017-10-21 00:00:00";"2017-10-21 23:59:59";16;3767;20;10;0;<FLG>
V6155020;V615502001;QINnJ;1;"2017-10-22 00:00:00";"2017-10-22 12:50:00";16;3729;20;10;0;<FLG>
V6155020;V615502001;QINnJ;1;"2017-10-23 00:00:00";"2017-10-23 00:00:00";16;3729;20;10;0;<FLG>
V6155020;V615502001;QINnJ;1;"2017-10-24 00:00:00";"2017-10-24 23:59:59";16;3708;20;10;0;<FLG>
V6155020;V615502001;QINnJ;1;"2017-10-25 00:00:00";"2017-10-25 11:25:00";16;3627;20;10;0;<FLG>
V6155020;V615502001;QINnJ;1;"2017-10-26 00:00:00";"2017-10-26 08:25:00";16;3588;20;10;0;<FLG>
V6155020;V615502001;QINnJ;1;"2017-10-27 00:00:00";"2017-10-27 10:05:00";16;3627;20;10;0;<FLG>
V6155020;V615502001;QINnJ;1;"2017-10-28 00:00:00";"2017-10-28 08:40:00";16;3588;20;10;0;<FLG>
V6155020;V615502001;QINnJ;1;"2017-10-29 00:00:00";"2017-10-29 10:05:00";16;3601;20;10;0;<FLG>
V6155020;V615502001;QINnJ;1;"2017-10-30 00:00:00";"2017-10-30 23:59:59";16;3575;20;10;0;<FLG>
V6155020;V615502001;QINnJ;1;"2017-10-31 00:00:00";"2017-10-31 09:50:00";16;3486;20;10;0;<FLG>
V6155020;V615502001;QINnJ;1;"2017-11-01 00:00:00";"2017-11-01 23:59:59";16;3447;20;10;0;<FLG>
V6155020;V615502001;QINnJ;1;"2017-11-02 00:00:00";"2017-11-02 00:00:00";16;3447;20;10;0;<FLG>
V6155020;V615502001;QINnJ;1;"2017-11-03 00:00:00";"2017-11-03 01:30:00";16;3511;20;10;0;<FLG>
V6155020;V615502001;QINnJ;1;"2017-11-04 00:00:00";"2017-11-04 10:40:00";16;3511;20;10;0;<FLG>
V6155020;V615502001;QINnJ;1;"2017-11-05 00:00:00";"2017-11-05 00:00:00";16;3524;20;10;0;<FLG>
V6155020;V615502001;QINnJ;1;"2017-11-06 00:00:00";"2017-11-06 00:00:00";16;3524;20;10;0;<FLG>
V6155020;V615502001;QINnJ;1;"2017-11-07 00:00:00";"2017-11-07 23:59:59";16;3472;20;10;0;<FLG>
V6155020;V615502001;QINnJ;1;"2017-11-08 00:00:00";"2017-11-08 02:50:00";16;3435;20;10;0;<FLG>
V6155020;V615502001;QINnJ;1;"2017-11-09 00:00:00";"2017-11-09 04:15:00";16;3422;20;10;0;<FLG>
V6155020;V615502001;QINnJ;1;"2017-11-10 00:00:00";"2017-11-10 11:30:00";16;3422;20;10;0;<FLG>
V6155020;V615502001;QINnJ;1;"2017-11-11 00:00:00";"2017-11-11 12:15:00";16;3435;20;10;0;<FLG>
V6155020;V615502001;QINnJ;1;"2017-11-12 00:00:00";"2017-11-12 10:25:00";16;3447;20;10;0;<FLG>
V6155020;V615502001;QINnJ;1;"2017-11-13 00:00:00";"2017-11-13 00:15:00";16;3460;20;10;0;<FLG>
V6155020;V615502001;QINnJ;1;"2017-11-14 00:00:00";"2017-11-14 22:40:00";16;3358;20;10;0;<FLG>
V6155020;V615502001;QINnJ;1;"2017-11-15 00:00:00";"2017-11-15 23:59:59";16;3347;20;10;0;<FLG>
V6155020;V615502001;QINnJ;1;"2017-11-16 00:00:00";"2017-11-16 02:30:00";16;3345;20;10;0;<FLG>
V6155020;V615502001;QINnJ;1;"2017-11-17 00:00:00";"2017-11-17 23:59:59";16;3386;20;10;0;<FLG>
V6155020;V615502001;QINnJ;1;"2017-11-18 00:00:00";"2017-11-18 00:30:00";16;3383;20;10;0;<FLG>
V6155020;V615502001;QINnJ;1;"2017-11-19 00:00:00";"2017-11-19 11:45:00";16;3371;20;10;0;<FLG>
V6155020;V615502001;QINnJ;1;"2017-11-20 00:00:00";"2017-11-20 00:35:00";16;3383;20;10;0;<FLG>
V6155020;V615502001;QINnJ;1;"2017-11-21 00:00:00";"2017-11-21 06:45:00";16;3435;20;10;0;<FLG>
V6155020;V615502001;QINnJ;1;"2017-11-22 00:00:00";"2017-11-22 00:00:00";16;3454;20;10;0;<FLG>
V6155020;V615502001;QINnJ;1;"2017-11-23 00:00:00";"2017-11-23 01:45:00";16;3473;20;10;0;<FLG>
V6155020;V615502001;QINnJ;1;"2017-11-24 00:00:00";"2017-11-24 00:00:00";16;3493;20;10;0;<FLG>
V6155020;V615502001;QINnJ;1;"2017-11-25 00:00:00";"2017-11-25 23:59:59";16;3443;20;10;0;<FLG>
V6155020;V615502001;QINnJ;1;"2017-11-26 00:00:00";"2017-11-26 08:25:00";16;3409;20;10;0;<FLG>
V6155020;V615502001;QINnJ;1;"2017-11-27 00:00:00";"2017-11-27 00:25:00";16;3422;20;10;0;<FLG>
V6155020;V615502001;QINnJ;1;"2017-11-28 00:00:00";"2017-11-28 05:45:00";16;3435;20;10;0;<FLG>
V6155020;V615502001;QINnJ;1;"2017-11-29 00:00:00";"2017-11-29 23:59:59";16;3444;20;10;0;<FLG>
V6155020;V615502001;QINnJ;1;"2017-11-30 00:00:00";"2017-11-30 13:20:00";16;3422;20;10;0;<FLG>
V6155020;V615502001;QINnJ;1;"2017-12-01 00:00:00";"2017-12-01 22:25:00";16;3396;20;10;0;<FLG>
V6155020;V615502001;QINnJ;1;"2017-12-02 00:00:00";"2017-12-02 22:25:00";16;3307;20;10;0;<FLG>
V6155020;V615502001;QINnJ;1;"2017-12-03 00:00:00";"2017-12-03 23:55:00";16;3230;20;10;0;<FLG>
V6155020;V615502001;QINnJ;1;"2017-12-04 00:00:00";"2017-12-04 00:00:00";16;3230;20;10;0;<FLG>
V6155020;V615502001;QINnJ;1;"2017-12-05 00:00:00";"2017-12-05 23:45:00";16;3204;20;10;0;<FLG>
V6155020;V615502001;QINnJ;1;"2017-12-06 00:00:00";"2017-12-06 01:50:00";16;3191;20;10;0;<FLG>
V6155020;V615502001;QINnJ;1;"2017-12-07 00:00:00";"2017-12-07 03:30:00";16;3204;20;10;0;<FLG>
V6155020;V615502001;QINnJ;1;"2017-12-08 00:00:00";"2017-12-08 23:59:59";16;3285;20;10;0;<FLG>
V6155020;V615502001;QINnJ;1;"2017-12-09 00:00:00";"2017-12-09 03:05:00";16;3268;20;10;0;<FLG>
V6155020;V615502001;QINnJ;1;"2017-12-10 00:00:00";"2017-12-10 00:00:00";16;3279;20;10;0;<FLG>
V6155020;V615502001;QINnJ;1;"2017-12-11 00:00:00";"2017-12-11 00:00:00";16;3774;20;10;0;<FLG>
V6155020;V615502001;QINnJ;1;"2017-12-12 00:00:00";"2017-12-12 00:00:00";16;9444;20;10;0;<FLG>
V6155020;V615502001;QINnJ;1;"2017-12-13 00:00:00";"2017-12-13 23:59:59";16;12805;20;10;0;<FLG>
V6155020;V615502001;QINnJ;1;"2017-12-14 00:00:00";"2017-12-14 23:59:59";16;11144;20;10;0;<FLG>
V6155020;V615502001;QINnJ;1;"2017-12-15 00:00:00";"2017-12-15 23:59:59";16;9810;20;10;0;<FLG>
V6155020;V615502001;QINnJ;1;"2017-12-16 00:00:00";"2017-12-16 23:59:59";16;9000;20;10;0;<FLG>
V6155020;V615502001;QINnJ;1;"2017-12-17 00:00:00";"2017-12-17 23:59:59";16;8064;20;10;0;<FLG>
V6155020;V615502001;QINnJ;1;"2017-12-18 00:00:00";"2017-12-18 23:59:59";16;7453;20;10;0;<FLG>
V6155020;V615502001;QINnJ;1;"2017-12-19 00:00:00";"2017-12-19 23:59:59";16;6785;20;10;0;<FLG>
V6155020;V615502001;QINnJ;1;"2017-12-20 00:00:00";"2017-12-20 23:59:59";16;6415;20;10;0;<FLG>
V6155020;V615502001;QINnJ;1;"2017-12-21 00:00:00";"2017-12-21 23:59:59";16;6112;20;10;0;<FLG>
V6155020;V615502001;QINnJ;1;"2017-12-22 00:00:00";"2017-12-22 23:59:59";16;5802;20;10;0;<FLG>
V6155020;V615502001;QINnJ;1;"2017-12-23 00:00:00";"2017-12-23 23:59:59";16;5573;20;10;0;<FLG>
V6155020;V615502001;QINnJ;1;"2017-12-24 00:00:00";"2017-12-24 23:59:59";16;5395;20;10;0;<FLG>
V6155020;V615502001;QINnJ;1;"2017-12-25 00:00:00";"2017-12-25 04:25:00";16;5362;20;10;0;<FLG>
V6155020;V615502001;QINnJ;1;"2017-12-26 00:00:00";"2017-12-26 18:35:00";16;5311;20;10;0;<FLG>
V6155020;V615502001;QINnJ;1;"2017-12-27 00:00:00";"2017-12-27 00:00:00";16;5374;20;10;0;<FLG>
V6155020;V615502001;QINnJ;1;"2017-12-28 00:00:00";"2017-12-28 00:00:00";16;5752;20;10;0;<FLG>
V6155020;V615502001;QINnJ;1;"2017-12-29 00:00:00";"2017-12-29 14:10:00";16;6544;20;10;0;<FLG>
V6155020;V615502001;QINnJ;1;"2017-12-30 00:00:00";"2017-12-30 13:35:00";16;6494;20;10;0;<FLG>
V6155020;V615502001;QINnJ;1;"2017-12-31 00:00:00";"2017-12-31 00:00:00";16;6922;20;10;0;<FLG>
V6155020;V615502001;QINnJ;1;"2018-01-01 00:00:00";"2018-01-01 00:00:00";16;9774;20;10;0;<FLG>
V6155020;V615502001;QINnJ;1;"2018-01-02 00:00:00";"2018-01-02 23:59:59";16;9902;20;10;0;<FLG>
V6155020;V615502001;QINnJ;1;"2018-01-03 00:00:00";"2018-01-03 23:59:59";16;9645;20;10;0;<FLG>
V6155020;V615502001;QINnJ;1;"2018-01-04 00:00:00";"2018-01-04 04:50:00";16;9593;20;10;0;<FLG>
V6155020;V615502001;QINnJ;1;"2018-01-05 00:00:00";"2018-01-05 00:00:00";16;10246;20;10;0;<FLG>
V6155020;V615502001;QINnJ;1;"2018-01-06 00:00:00";"2018-01-06 23:59:59";16;10700;20;10;0;<FLG>
V6155020;V615502001;QINnJ;1;"2018-01-07 00:00:00";"2018-01-07 23:59:59";16;10136;20;10;0;<FLG>
V6155020;V615502001;QINnJ;1;"2018-01-08 00:00:00";"2018-01-08 14:30:00";16;9773;20;10;0;<FLG>
V6155020;V615502001;QINnJ;1;"2018-01-09 00:00:00";"2018-01-09 00:00:00";16;10446;20;10;0;<FLG>
V6155020;V615502001;QINnJ;1;"2018-01-10 00:00:00";"2018-01-10 00:00:00";16;16827;20;10;0;<FLG>
V6155020;V615502001;QINnJ;1;"2018-01-11 00:00:00";"2018-01-11 23:59:59";16;18374;20;10;0;<FLG>
V6155020;V615502001;QINnJ;1;"2018-01-12 00:00:00";"2018-01-12 23:59:59";16;17427;20;10;0;<FLG>
V6155020;V615502001;QINnJ;1;"2018-01-13 00:00:00";"2018-01-13 23:59:59";16;16501;20;10;0;<FLG>
V6155020;V615502001;QINnJ;1;"2018-01-14 00:00:00";"2018-01-14 23:59:59";16;15433;20;10;0;<FLG>
V6155020;V615502001;QINnJ;1;"2018-01-15 00:00:00";"2018-01-15 23:59:59";16;14519;20;10;0;<FLG>
V6155020;V615502001;QINnJ;1;"2018-01-16 00:00:00";"2018-01-16 23:59:59";16;13713;20;10;0;<FLG>
V6155020;V615502001;QINnJ;1;"2018-01-17 00:00:00";"2018-01-17 23:59:59";16;13096;20;10;0;<FLG>
V6155020;V615502001;QINnJ;1;"2018-01-18 00:00:00";"2018-01-18 23:59:59";16;12918;20;10;0;<FLG>
V6155020;V615502001;QINnJ;1;"2018-01-19 00:00:00";"2018-01-19 23:59:59";16;12571;20;10;0;<FLG>
V6155020;V615502001;QINnJ;1;"2018-01-20 00:00:00";"2018-01-20 23:59:59";16;12167;20;10;0;<FLG>
V6155020;V615502001;QINnJ;1;"2018-01-21 00:00:00";"2018-01-21 13:35:00";16;11913;20;10;0;<FLG>
V6155020;V615502001;QINnJ;1;"2018-01-22 00:00:00";"2018-01-22 00:00:00";16;12337;20;10;0;<FLG>
V6155020;V615502001;QINnJ;1;"2018-01-23 00:00:00";"2018-01-23 00:00:00";16;13410;20;10;0;<FLG>
V6155020;V615502001;QINnJ;1;"2018-01-24 00:00:00";"2018-01-24 23:59:59";16;13656;20;10;0;<FLG>
V6155020;V615502001;QINnJ;1;"2018-01-25 00:00:00";"2018-01-25 23:59:59";16;13411;20;10;0;<FLG>
V6155020;V615502001;QINnJ;1;"2018-01-26 00:00:00";"2018-01-26 15:45:00";16;12806;20;10;0;<FLG>
V6155020;V615502001;QINnJ;1;"2018-01-27 00:00:00";"2018-01-27 00:00:00";16;12806;20;10;0;<FLG>
V6155020;V615502001;QINnJ;1;"2018-01-28 00:00:00";"2018-01-28 00:00:00";16;14635;20;10;0;<FLG>
V6155020;V615502001;QINnJ;1;"2018-01-29 00:00:00";"2018-01-29 00:00:00";16;15910;20;10;0;<FLG>
V6155020;V615502001;QINnJ;1;"2018-01-30 00:00:00";"2018-01-30 23:59:59";16;15623;20;10;0;<FLG>
V6155020;V615502001;QINnJ;1;"2018-01-31 00:00:00";"2018-01-31 23:59:59";16;15134;20;10;0;<FLG>
V6155020;V615502001;QINnJ;1;"2018-02-01 00:00:00";"2018-02-01 23:59:59";16;14698;20;10;0;<FLG>
V6155020;V615502001;QINnJ;1;"2018-02-02 00:00:00";"2018-02-02 23:59:59";16;14285;20;10;0;<FLG>
V6155020;V615502001;QINnJ;1;"2018-02-03 00:00:00";"2018-02-03 23:59:59";16;13865;20;10;0;<FLG>
V6155020;V615502001;QINnJ;1;"2018-02-04 00:00:00";"2018-02-04 23:59:59";16;13345;20;10;0;<FLG>
V6155020;V615502001;QINnJ;1;"2018-02-05 00:00:00";"2018-02-05 23:59:59";16;12980;20;10;0;<FLG>
V6155020;V615502001;QINnJ;1;"2018-02-06 00:00:00";"2018-02-06 23:59:59";16;12510;20;10;0;<FLG>
V6155020;V615502001;QINnJ;1;"2018-02-07 00:00:00";"2018-02-07 23:59:59";16;12021;20;10;0;<FLG>
V6155020;V615502001;QINnJ;1;"2018-02-08 00:00:00";"2018-02-08 23:59:59";16;11473;20;10;0;<FLG>
V6155020;V615502001;QINnJ;1;"2018-02-09 00:00:00";"2018-02-09 23:59:59";16;11072;20;10;0;<FLG>
V6155020;V615502001;QINnJ;1;"2018-02-10 00:00:00";"2018-02-10 23:59:59";16;10741;20;10;0;<FLG>
V6155020;V615502001;QINnJ;1;"2018-02-11 00:00:00";"2018-02-11 23:59:59";16;10424;20;10;0;<FLG>
V6155020;V615502001;QINnJ;1;"2018-02-12 00:00:00";"2018-02-12 23:59:59";16;10119;20;10;0;<FLG>
V6155020;V615502001;QINnJ;1;"2018-02-13 00:00:00";"2018-02-13 23:59:59";16;9890;20;10;0;<FLG>
V6155020;V615502001;QINnJ;1;"2018-02-14 00:00:00";"2018-02-14 23:59:59";16;9618;20;10;0;<FLG>
V6155020;V615502001;QINnJ;1;"2018-02-15 00:00:00";"2018-02-15 23:59:59";16;9420;20;10;0;<FLG>
V6155020;V615502001;QINnJ;1;"2018-02-16 00:00:00";"2018-02-16 10:55:00";16;9235;20;10;0;<FLG>
V6155020;V615502001;QINnJ;1;"2018-02-17 00:00:00";"2018-02-17 17:20:00";16;9175;20;10;0;<FLG>
V6155020;V615502001;QINnJ;1;"2018-02-18 00:00:00";"2018-02-18 00:00:00";16;9273;20;10;0;<FLG>
V6155020;V615502001;QINnJ;1;"2018-02-19 00:00:00";"2018-02-19 00:00:00";16;9845;20;10;0;<FLG>
V6155020;V615502001;QINnJ;1;"2018-02-20 00:00:00";"2018-02-20 10:05:00";16;10041;20;10;0;<FLG>
V6155020;V615502001;QINnJ;1;"2018-02-21 00:00:00";"2018-02-21 23:59:59";16;10068;20;10;0;<FLG>
V6155020;V615502001;QINnJ;1;"2018-02-22 00:00:00";"2018-02-22 23:59:59";16;9895;20;10;0;<FLG>
V6155020;V615502001;QINnJ;1;"2018-02-23 00:00:00";"2018-02-23 09:50:00";16;9743;20;10;0;<FLG>
V6155020;V615502001;QINnJ;1;"2018-02-24 00:00:00";"2018-02-24 17:10:00";16;9563;20;10;0;<FLG>
V6155020;V615502001;QINnJ;1;"2018-02-25 00:00:00";"2018-02-25 23:59:59";16;9312;20;10;0;<FLG>
V6155020;V615502001;QINnJ;1;"2018-02-26 00:00:00";"2018-02-26 23:59:59";16;9123;20;10;0;<FLG>
V6155020;V615502001;QINnJ;1;"2018-02-27 00:00:00";"2018-02-27 23:59:59";16;8903;20;10;0;<FLG>
V6155020;V615502001;QINnJ;1;"2018-02-28 00:00:00";"2018-02-28 08:20:00";16;8787;20;10;0;<FLG>
V6155020;V615502001;QINnJ;1;"2018-03-01 00:00:00";"2018-03-01 00:00:00";16;8787;20;10;0;<FLG>
V6155020;V615502001;QINnJ;1;"2018-03-02 00:00:00";"2018-03-02 09:45:00";16;8817;20;10;0;<FLG>
V6155020;V615502001;QINnJ;1;"2018-03-03 00:00:00";"2018-03-03 00:00:00";16;13087;20;10;0;<FLG>
V6155020;V615502001;QINnJ;1;"2018-03-04 00:00:00";"2018-03-04 00:00:00";16;19027;20;10;0;<FLG>
V6155020;V615502001;QINnJ;1;"2018-03-05 00:00:00";"2018-03-05 00:00:00";16;26802;20;10;0;<FLG>
V6155020;V615502001;QINnJ;1;"2018-03-06 00:00:00";"2018-03-06 00:00:00";16;31110;20;10;0;<FLG>
V6155020;V615502001;QINnJ;1;"2018-03-07 00:00:00";"2018-03-07 00:00:00";16;35694;20;10;0;<FLG>
V6155020;V615502001;QINnJ;1;"2018-03-08 00:00:00";"2018-03-08 23:59:59";16;35977;20;10;0;<FLG>
V6155020;V615502001;QINnJ;1;"2018-03-09 00:00:00";"2018-03-09 23:59:59";16;32687;20;10;0;<FLG>
V6155020;V615502001;QINnJ;1;"2018-03-10 00:00:00";"2018-03-10 23:59:59";16;30117;20;10;0;<FLG>
V6155020;V615502001;QINnJ;1;"2018-03-11 00:00:00";"2018-03-11 12:25:00";16;29291;20;10;0;<FLG>
V6155020;V615502001;QINnJ;1;"2018-03-12 00:00:00";"2018-03-12 00:00:00";16;31013;20;10;0;<FLG>
V6155020;V615502001;QINnJ;1;"2018-03-13 00:00:00";"2018-03-13 00:00:00";16;35374;20;10;0;<FLG>
V6155020;V615502001;QINnJ;1;"2018-03-14 00:00:00";"2018-03-14 23:59:59";16;36060;20;10;0;<FLG>
V6155020;V615502001;QINnJ;1;"2018-03-15 00:00:00";"2018-03-15 10:55:00";16;35338;20;10;0;<FLG>
V6155020;V615502001;QINnJ;1;"2018-03-16 00:00:00";"2018-03-16 00:00:00";16;37512;20;10;0;<FLG>
V6155020;V615502001;QINnJ;1;"2018-03-17 00:00:00";"2018-03-17 00:00:00";16;43999;20;10;0;<FLG>
V6155020;V615502001;QINnJ;1;"2018-03-18 00:00:00";"2018-03-18 00:00:00";16;45932;20;10;0;<FLG>
V6155020;V615502001;QINnJ;1;"2018-03-19 00:00:00";"2018-03-19 23:59:59";16;46296;20;10;0;<FLG>
V6155020;V615502001;QINnJ;1;"2018-03-20 00:00:00";"2018-03-20 23:59:59";16;44777;20;10;0;<FLG>
V6155020;V615502001;QINnJ;1;"2018-03-21 00:00:00";"2018-03-21 23:59:59";16;42381;20;10;0;<FLG>
V6155020;V615502001;QINnJ;1;"2018-03-22 00:00:00";"2018-03-22 23:59:59";16;39823;20;10;0;<FLG>
V6155020;V615502001;QINnJ;1;"2018-03-23 00:00:00";"2018-03-23 23:59:59";16;37596;20;10;0;<FLG>
V6155020;V615502001;QINnJ;1;"2018-03-24 00:00:00";"2018-03-24 23:59:59";16;34911;20;10;0;<FLG>
V6155020;V615502001;QINnJ;1;"2018-03-25 00:00:00";"2018-03-25 23:59:59";16;31881;20;10;0;<FLG>
V6155020;V615502001;QINnJ;1;"2018-03-26 00:00:00";"2018-03-26 23:59:59";16;29198;20;10;0;<FLG>
V6155020;V615502001;QINnJ;1;"2018-03-27 00:00:00";"2018-03-27 23:59:59";16;26446;20;10;0;<FLG>
V6155020;V615502001;QINnJ;1;"2018-03-28 00:00:00";"2018-03-28 23:59:59";16;24664;20;10;0;<FLG>
V6155020;V615502001;QINnJ;1;"2018-03-29 00:00:00";"2018-03-29 23:59:59";16;23687;20;10;0;<FLG>
V6155020;V615502001;QINnJ;1;"2018-03-30 00:00:00";"2018-03-30 23:59:59";16;22856;20;10;0;<FLG>
V6155020;V615502001;QINnJ;1;"2018-03-31 00:00:00";"2018-03-31 23:59:59";16;21982;20;10;0;<FLG>
V6155020;V615502001;QINnJ;1;"2018-04-01 00:00:00";"2018-04-01 23:59:59";16;21366;20;10;0;<FLG>
V6155020;V615502001;QINnJ;1;"2018-04-02 00:00:00";"2018-04-02 08:55:00";16;21195;20;10;0;<FLG>
V6155020;V615502001;QINnJ;1;"2018-04-03 00:00:00";"2018-04-03 23:59:59";16;20642;20;10;0;<FLG>
V6155020;V615502001;QINnJ;1;"2018-04-04 00:00:00";"2018-04-04 11:15:00";16;20450;20;10;0;<FLG>
V6155020;V615502001;QINnJ;1;"2018-04-05 00:00:00";"2018-04-05 23:59:59";16;20194;20;10;0;<FLG>
V6155020;V615502001;QINnJ;1;"2018-04-06 00:00:00";"2018-04-06 09:55:00";16;19891;20;10;0;<FLG>
V6155020;V615502001;QINnJ;1;"2018-04-07 00:00:00";"2018-04-07 11:25:00";16;19612;20;10;0;<FLG>
V6155020;V615502001;QINnJ;1;"2018-04-08 00:00:00";"2018-04-08 17:45:00";16;19472;20;10;0;<FLG>
V6155020;V615502001;QINnJ;1;"2018-04-09 00:00:00";"2018-04-09 23:59:59";16;19203;20;10;0;<FLG>
V6155020;V615502001;QINnJ;1;"2018-04-10 00:00:00";"2018-04-10 14:00:00";16;19016;20;10;0;<FLG>
V6155020;V615502001;QINnJ;1;"2018-04-11 00:00:00";"2018-04-11 00:00:00";16;19142;20;10;0;<FLG>
V6155020;V615502001;QINnJ;1;"2018-04-12 00:00:00";"2018-04-12 00:00:00";16;19978;20;10;0;<FLG>
V6155020;V615502001;QINnJ;1;"2018-04-13 00:00:00";"2018-04-13 00:00:00";16;37231;20;10;0;<FLG>
V6155020;V615502001;QINnJ;1;"2018-04-14 00:00:00";"2018-04-14 00:00:00";16;48125;20;10;0;<FLG>
V6155020;V615502001;QINnJ;1;"2018-04-15 00:00:00";"2018-04-15 00:00:00";16;51328;20;10;0;<FLG>
V6155020;V615502001;QINnJ;1;"2018-04-16 00:00:00";"2018-04-16 23:59:59";16;50969;20;10;0;<FLG>
V6155020;V615502001;QINnJ;1;"2018-04-17 00:00:00";"2018-04-17 23:59:59";16;49462;20;10;0;<FLG>
V6155020;V615502001;QINnJ;1;"2018-04-18 00:00:00";"2018-04-18 23:59:59";16;47356;20;10;0;<FLG>
V6155020;V615502001;QINnJ;1;"2018-04-19 00:00:00";"2018-04-19 23:59:59";16;45029;20;10;0;<FLG>
V6155020;V615502001;QINnJ;1;"2018-04-20 00:00:00";"2018-04-20 23:59:59";16;42672;20;10;0;<FLG>
V6155020;V615502001;QINnJ;1;"2018-04-21 00:00:00";"2018-04-21 23:59:59";16;40090;20;10;0;<FLG>
V6155020;V615502001;QINnJ;1;"2018-04-22 00:00:00";"2018-04-22 23:59:59";16;37446;20;10;0;<FLG>
V6155020;V615502001;QINnJ;1;"2018-04-23 00:00:00";"2018-04-23 23:59:59";16;34883;20;10;0;<FLG>
V6155020;V615502001;QINnJ;1;"2018-04-24 00:00:00";"2018-04-24 23:59:59";16;32237;20;10;0;<FLG>
V6155020;V615502001;QINnJ;1;"2018-04-25 00:00:00";"2018-04-25 23:59:59";16;29950;20;10;0;<FLG>
V6155020;V615502001;QINnJ;1;"2018-04-26 00:00:00";"2018-04-26 23:59:59";16;28009;20;10;0;<FLG>
V6155020;V615502001;QINnJ;1;"2018-04-27 00:00:00";"2018-04-27 23:59:59";16;26134;20;10;0;<FLG>
V6155020;V615502001;QINnJ;1;"2018-04-28 00:00:00";"2018-04-28 23:59:59";16;24774;20;10;0;<FLG>
V6155020;V615502001;QINnJ;1;"2018-04-29 00:00:00";"2018-04-29 23:59:59";16;23569;20;10;0;<FLG>
V6155020;V615502001;QINnJ;1;"2018-04-30 00:00:00";"2018-04-30 23:59:59";16;22706;20;10;0;<FLG>
V6155020;V615502001;QINnJ;1;"2018-05-01 00:00:00";"2018-05-01 23:59:59";16;21854;20;10;0;<FLG>
V6155020;V615502001;QINnJ;1;"2018-05-02 00:00:00";"2018-05-02 23:59:59";16;21509;20;10;0;<FLG>
V6155020;V615502001;QINnJ;1;"2018-05-03 00:00:00";"2018-05-03 23:59:59";16;21046;20;10;0;<FLG>
V6155020;V615502001;QINnJ;1;"2018-05-04 00:00:00";"2018-05-04 23:59:59";16;20621;20;10;0;<FLG>
V6155020;V615502001;QINnJ;1;"2018-05-05 00:00:00";"2018-05-05 23:59:59";16;20142;20;10;0;<FLG>
V6155020;V615502001;QINnJ;1;"2018-05-06 00:00:00";"2018-05-06 23:59:59";16;19844;20;10;0;<FLG>
V6155020;V615502001;QINnJ;1;"2018-05-07 00:00:00";"2018-05-07 10:40:00";16;19752;20;10;0;<FLG>
V6155020;V615502001;QINnJ;1;"2018-05-08 00:00:00";"2018-05-08 00:00:00";16;20209;20;10;0;<FLG>
V6155020;V615502001;QINnJ;1;"2018-05-09 00:00:00";"2018-05-09 00:00:00";16;20653;20;10;0;<FLG>
V6155020;V615502001;QINnJ;1;"2018-05-10 00:00:00";"2018-05-10 00:00:00";16;21234;20;10;0;<FLG>
V6155020;V615502001;QINnJ;1;"2018-05-11 00:00:00";"2018-05-11 19:40:00";16;22343;20;10;0;<FLG>
V6155020;V615502001;QINnJ;1;"2018-05-12 00:00:00";"2018-05-12 00:00:00";16;22343;20;10;0;<FLG>
V6155020;V615502001;QINnJ;1;"2018-05-13 00:00:00";"2018-05-13 00:00:00";16;22343;20;10;0;<FLG>
V6155020;V615502001;QINnJ;1;"2018-05-14 00:00:00";"2018-05-14 00:00:00";16;22343;20;10;0;<FLG>
V6155020;V615502001;QINnJ;1;"2018-05-15 00:00:00";"2018-05-15 00:00:00";16;22816;20;10;0;<FLG>
V6155020;V615502001;QINnJ;1;"2018-05-16 00:00:00";"2018-05-16 10:20:00";16;23974;20;10;0;<FLG>
V6155020;V615502001;QINnJ;1;"2018-05-17 00:00:00";"2018-05-17 23:59:59";16;23406;20;10;0;<FLG>
V6155020;V615502001;QINnJ;1;"2018-05-18 00:00:00";"2018-05-18 12:25:00";16;22645;20;10;0;<FLG>
V6155020;V615502001;QINnJ;1;"2018-05-19 00:00:00";"2018-05-19 10:15:00";16;22464;20;10;0;<FLG>
V6155020;V615502001;QINnJ;1;"2018-05-20 00:00:00";"2018-05-20 11:50:00";16;22585;20;10;0;<FLG>
V6155020;V615502001;QINnJ;1;"2018-05-21 00:00:00";"2018-05-21 11:30:00";16;22887;20;10;0;<FLG>
V6155020;V615502001;QINnJ;1;"2018-05-22 00:00:00";"2018-05-22 16:50:00";16;23189;20;10;0;<FLG>
V6155020;V615502001;QINnJ;1;"2018-05-23 00:00:00";"2018-05-23 00:00:00";16;25921;20;10;0;<FLG>
V6155020;V615502001;QINnJ;1;"2018-05-24 00:00:00";"2018-05-24 00:00:00";16;29214;20;10;0;<FLG>
V6155020;V615502001;QINnJ;1;"2018-05-25 00:00:00";"2018-05-25 23:59:59";16;29233;20;10;0;<FLG>
V6155020;V615502001;QINnJ;1;"2018-05-26 00:00:00";"2018-05-26 23:59:59";16;27958;20;10;0;<FLG>
V6155020;V615502001;QINnJ;1;"2018-05-27 00:00:00";"2018-05-27 23:59:59";16;26347;20;10;0;<FLG>
V6155020;V615502001;QINnJ;1;"2018-05-28 00:00:00";"2018-05-28 17:25:00";16;25153;20;10;0;<FLG>
V6155020;V615502001;QINnJ;1;"2018-05-29 00:00:00";"2018-05-29 14:35:00";16;25766;20;10;0;<FLG>
V6155020;V615502001;QINnJ;1;"2018-05-30 00:00:00";"2018-05-30 16:45:00";16;24879;20;10;0;<FLG>
V6155020;V615502001;QINnJ;1;"2018-05-31 00:00:00";"2018-05-31 08:25:00";16;24940;20;10;0;<FLG>
V6155020;V615502001;QINnJ;1;"2018-06-01 00:00:00";"2018-06-01 10:50:00";16;25000;20;10;0;<FLG>
V6155020;V615502001;QINnJ;1;"2018-06-02 00:00:00";"2018-06-02 18:40:00";16;24215;20;10;0;<FLG>
V6155020;V615502001;QINnJ;1;"2018-06-03 00:00:00";"2018-06-03 00:00:00";16;24369;20;10;0;<FLG>
V6155020;V615502001;QINnJ;1;"2018-06-04 00:00:00";"2018-06-04 16:55:00";16;24155;20;10;0;<FLG>
V6155020;V615502001;QINnJ;1;"2018-06-05 00:00:00";"2018-06-05 21:40:00";16;24275;20;10;0;<FLG>
V6155020;V615502001;QINnJ;1;"2018-06-06 00:00:00";"2018-06-06 00:00:00";16;24289;20;10;0;<FLG>
V6155020;V615502001;QINnJ;1;"2018-06-07 00:00:00";"2018-06-07 23:59:59";16;23970;20;10;0;<FLG>
V6155020;V615502001;QINnJ;1;"2018-06-08 00:00:00";"2018-06-08 23:59:59";16;23486;20;10;0;<FLG>
V6155020;V615502001;QINnJ;1;"2018-06-09 00:00:00";"2018-06-09 21:35:00";16;23128;20;10;0;<FLG>
V6155020;V615502001;QINnJ;1;"2018-06-10 00:00:00";"2018-06-10 23:59:59";16;22630;20;10;0;<FLG>
V6155020;V615502001;QINnJ;1;"2018-06-11 00:00:00";"2018-06-11 21:35:00";16;22162;20;10;0;<FLG>
V6155020;V615502001;QINnJ;1;"2018-06-12 00:00:00";"2018-06-12 11:50:00";16;22223;20;10;0;<FLG>
V6155020;V615502001;QINnJ;1;"2018-06-13 00:00:00";"2018-06-13 00:00:00";16;22390;20;10;0;<FLG>
V6155020;V615502001;QINnJ;1;"2018-06-14 00:00:00";"2018-06-14 23:59:59";16;22425;20;10;0;<FLG>
V6155020;V615502001;QINnJ;1;"2018-06-15 00:00:00";"2018-06-15 23:59:59";16;21661;20;10;0;<FLG>
V6155020;V615502001;QINnJ;1;"2018-06-16 00:00:00";"2018-06-16 23:59:59";16;21086;20;10;0;<FLG>
V6155020;V615502001;QINnJ;1;"2018-06-17 00:00:00";"2018-06-17 22:50:00";16;20683;20;10;0;<FLG>
V6155020;V615502001;QINnJ;1;"2018-06-18 00:00:00";"2018-06-18 23:59:59";16;20339;20;10;0;<FLG>
V6155020;V615502001;QINnJ;1;"2018-06-19 00:00:00";"2018-06-19 23:59:59";16;20011;20;10;0;<FLG>
V6155020;V615502001;QINnJ;1;"2018-06-20 00:00:00";"2018-06-20 23:59:59";16;19733;20;10;0;<FLG>
V6155020;V615502001;QINnJ;1;"2018-06-21 00:00:00";"2018-06-21 23:59:59";16;19631;20;10;0;<FLG>
V6155020;V615502001;QINnJ;1;"2018-06-22 00:00:00";"2018-06-22 23:59:59";16;19529;20;10;0;<FLG>
V6155020;V615502001;QINnJ;1;"2018-06-23 00:00:00";"2018-06-23 23:59:59";16;19237;20;10;0;<FLG>
V6155020;V615502001;QINnJ;1;"2018-06-24 00:00:00";"2018-06-24 23:59:59";16;18965;20;10;0;<FLG>
V6155020;V615502001;QINnJ;1;"2018-06-25 00:00:00";"2018-06-25 23:59:59";16;18704;20;10;0;<FLG>
V6155020;V615502001;QINnJ;1;"2018-06-26 00:00:00";"2018-06-26 23:59:59";16;18433;20;10;0;<FLG>
V6155020;V615502001;QINnJ;1;"2018-06-27 00:00:00";"2018-06-27 23:59:59";16;18133;20;10;0;<FLG>
V6155020;V615502001;QINnJ;1;"2018-06-28 00:00:00";"2018-06-28 23:59:59";16;17810;20;10;0;<FLG>
V6155020;V615502001;QINnJ;1;"2018-06-29 00:00:00";"2018-06-29 23:59:59";16;17487;20;10;0;<FLG>
V6155020;V615502001;QINnJ;1;"2018-06-30 00:00:00";"2018-06-30 23:59:59";16;17160;20;10;0;<FLG>
V6155020;V615502001;QINnJ;1;"2018-07-01 00:00:00";"2018-07-01 21:10:00";16;16865;20;10;0;<FLG>
V6155020;V615502001;QINnJ;1;"2018-07-02 00:00:00";"2018-07-02 23:59:59";16;16582;20;10;0;<FLG>
V6155020;V615502001;QINnJ;1;"2018-07-03 00:00:00";"2018-07-03 23:59:59";16;16263;20;10;0;<FLG>
V6155020;V615502001;QINnJ;1;"2018-07-04 00:00:00";"2018-07-04 23:59:59";16;15965;20;10;0;<FLG>
V6155020;V615502001;QINnJ;1;"2018-07-05 00:00:00";"2018-07-05 23:59:59";16;15744;20;10;0;<FLG>
V6155020;V615502001;QINnJ;1;"2018-07-06 00:00:00";"2018-07-06 23:59:59";16;15473;20;10;0;<FLG>
V6155020;V615502001;QINnJ;1;"2018-07-07 00:00:00";"2018-07-07 19:15:00";16;15212;20;10;0;<FLG>
V6155020;V615502001;QINnJ;1;"2018-07-08 00:00:00";"2018-07-08 23:59:59";16;14957;20;10;0;<FLG>
V6155020;V615502001;QINnJ;1;"2018-07-09 00:00:00";"2018-07-09 23:59:59";16;14767;20;10;0;<FLG>
V6155020;V615502001;QINnJ;1;"2018-07-10 00:00:00";"2018-07-10 19:25:00";16;14498;20;10;0;<FLG>
V6155020;V615502001;QINnJ;1;"2018-07-11 00:00:00";"2018-07-11 23:59:59";16;14281;20;10;0;<FLG>
V6155020;V615502001;QINnJ;1;"2018-07-12 00:00:00";"2018-07-12 23:59:59";16;14028;20;10;0;<FLG>
V6155020;V615502001;QINnJ;1;"2018-07-13 00:00:00";"2018-07-13 18:25:00";16;13742;20;10;0;<FLG>
V6155020;V615502001;QINnJ;1;"2018-07-14 00:00:00";"2018-07-14 19:20:00";16;13528;20;10;0;<FLG>
V6155020;V615502001;QINnJ;1;"2018-07-15 00:00:00";"2018-07-15 16:55:00";16;13316;20;10;0;<FLG>
V6155020;V615502001;QINnJ;1;"2018-07-16 00:00:00";"2018-07-16 23:59:59";16;13159;20;10;0;<FLG>
V6155020;V615502001;QINnJ;1;"2018-07-17 00:00:00";"2018-07-17 18:20:00";16;12888;20;10;0;<FLG>
V6155020;V615502001;QINnJ;1;"2018-07-18 00:00:00";"2018-07-18 23:59:59";16;12830;20;10;0;<FLG>
V6155020;V615502001;QINnJ;1;"2018-07-19 00:00:00";"2018-07-19 21:45:00";16;12536;20;10;0;<FLG>
V6155020;V615502001;QINnJ;1;"2018-07-20 00:00:00";"2018-07-20 23:10:00";16;12360;20;10;0;<FLG>
V6155020;V615502001;QINnJ;1;"2018-07-21 00:00:00";"2018-07-21 21:10:00";16;12304;20;10;0;<FLG>
V6155020;V615502001;QINnJ;1;"2018-07-22 00:00:00";"2018-07-22 23:35:00";16;12127;20;10;0;<FLG>
V6155020;V615502001;QINnJ;1;"2018-07-23 00:00:00";"2018-07-23 23:59:59";16;12085;20;10;0;<FLG>
V6155020;V615502001;QINnJ;1;"2018-07-24 00:00:00";"2018-07-24 22:55:00";16;11740;20;10;0;<FLG>
V6155020;V615502001;QINnJ;1;"2018-07-25 00:00:00";"2018-07-25 14:50:00";16;11610;20;10;0;<FLG>
V6155020;V615502001;QINnJ;1;"2018-07-26 00:00:00";"2018-07-26 11:45:00";16;11516;20;10;0;<FLG>
V6155020;V615502001;QINnJ;1;"2018-07-27 00:00:00";"2018-07-27 23:59:59";16;11402;20;10;0;<FLG>
V6155020;V615502001;QINnJ;1;"2018-07-28 00:00:00";"2018-07-28 23:59:59";16;11189;20;10;0;<FLG>
V6155020;V615502001;QINnJ;1;"2018-07-29 00:00:00";"2018-07-29 23:59:59";16;10992;20;10;0;<FLG>
V6155020;V615502001;QINnJ;1;"2018-07-30 00:00:00";"2018-07-30 23:59:59";16;10807;20;10;0;<FLG>
V6155020;V615502001;QINnJ;1;"2018-07-31 00:00:00";"2018-07-31 23:59:59";16;10672;20;10;0;<FLG>
V6155020;V615502001;QINnJ;1;"2018-08-01 00:00:00";"2018-08-01 23:59:59";16;10508;20;10;0;<FLG>
V6155020;V615502001;QINnJ;1;"2018-08-02 00:00:00";"2018-08-02 23:59:59";16;10335;20;10;0;<FLG>
V6155020;V615502001;QINnJ;1;"2018-08-03 00:00:00";"2018-08-03 23:59:59";16;10264;20;10;0;<FLG>
V6155020;V615502001;QINnJ;1;"2018-08-04 00:00:00";"2018-08-04 23:59:59";16;10097;20;10;0;<FLG>
V6155020;V615502001;QINnJ;1;"2018-08-05 00:00:00";"2018-08-05 21:00:00";16;9969;20;10;0;<FLG>
V6155020;V615502001;QINnJ;1;"2018-08-06 00:00:00";"2018-08-06 00:00:00";16;9987;20;10;0;<FLG>
V6155020;V615502001;QINnJ;1;"2018-08-07 00:00:00";"2018-08-07 23:59:59";16;9933;20;10;0;<FLG>
V6155020;V615502001;QINnJ;1;"2018-08-08 00:00:00";"2018-08-08 23:59:59";16;9897;20;10;0;<FLG>
V6155020;V615502001;QINnJ;1;"2018-08-09 00:00:00";"2018-08-09 10:00:00";16;9796;20;10;0;<FLG>
V6155020;V615502001;QINnJ;1;"2018-08-10 00:00:00";"2018-08-10 08:00:00";16;10607;20;10;0;<FLG>
V6155020;V615502001;QINnJ;1;"2018-08-11 00:00:00";"2018-08-11 20:50:00";16;10655;20;10;0;<FLG>
V6155020;V615502001;QINnJ;1;"2018-08-12 00:00:00";"2018-08-12 21:55:00";16;10342;20;10;0;<FLG>
V6155020;V615502001;QINnJ;1;"2018-08-13 00:00:00";"2018-08-13 00:00:00";16;10363;20;10;0;<FLG>
V6155020;V615502001;QINnJ;1;"2018-08-14 00:00:00";"2018-08-14 18:30:00";16;10374;20;10;0;<FLG>
V6155020;V615502001;QINnJ;1;"2018-08-15 00:00:00";"2018-08-15 19:45:00";16;10149;20;10;0;<FLG>
V6155020;V615502001;QINnJ;1;"2018-08-16 00:00:00";"2018-08-16 18:05:00";16;9896;20;10;0;<FLG>
V6155020;V615502001;QINnJ;1;"2018-08-17 00:00:00";"2018-08-17 19:00:00";16;9701;20;10;0;<FLG>
V6155020;V615502001;QINnJ;1;"2018-08-18 00:00:00";"2018-08-18 17:30:00";16;9627;20;10;0;<FLG>
V6155020;V615502001;QINnJ;1;"2018-08-19 00:00:00";"2018-08-19 20:00:00";16;9611;20;10;0;<FLG>
V6155020;V615502001;QINnJ;1;"2018-08-20 00:00:00";"2018-08-20 23:59:59";16;9538;20;10;0;<FLG>
V6155020;V615502001;QINnJ;1;"2018-08-21 00:00:00";"2018-08-21 00:50:00";16;9533;20;10;0;<FLG>
V6155020;V615502001;QINnJ;1;"2018-08-22 00:00:00";"2018-08-22 17:00:00";16;9837;20;10;0;<FLG>
V6155020;V615502001;QINnJ;1;"2018-08-23 00:00:00";"2018-08-23 23:15:00";16;9698;20;10;0;<FLG>
V6155020;V615502001;QINnJ;1;"2018-08-24 00:00:00";"2018-08-24 21:25:00";16;9685;20;10;0;<FLG>
V6155020;V615502001;QINnJ;1;"2018-08-25 00:00:00";"2018-08-25 20:05:00";16;9521;20;10;0;<FLG>
V6155020;V615502001;QINnJ;1;"2018-08-26 00:00:00";"2018-08-26 23:59:59";16;9384;20;10;0;<FLG>
V6155020;V615502001;QINnJ;1;"2018-08-27 00:00:00";"2018-08-27 23:59:59";16;9130;20;10;0;<FLG>
V6155020;V615502001;QINnJ;1;"2018-08-28 00:00:00";"2018-08-28 19:35:00";16;8909;20;10;0;<FLG>
V6155020;V615502001;QINnJ;1;"2018-08-29 00:00:00";"2018-08-29 19:40:00";16;8745;20;10;0;<FLG>
V6155020;V615502001;QINnJ;1;"2018-08-30 00:00:00";"2018-08-30 14:50:00";16;8762;20;10;0;<FLG>
V6155020;V615502001;QINnJ;1;"2018-08-31 00:00:00";"2018-08-31 23:59:00";16;8563;20;10;0;<FLG>
V6155020;V615502001;QINnJ;1;"2018-09-01 00:00:00";"2018-09-01 16:00:00";16;8523;20;10;0;<FLG>
V6155020;V615502001;QINnJ;1;"2018-09-02 00:00:00";"2018-09-02 23:59:59";16;8489;20;10;0;<FLG>
V6155020;V615502001;QINnJ;1;"2018-09-03 00:00:00";"2018-09-03 19:45:00";16;8252;20;10;0;<FLG>
V6155020;V615502001;QINnJ;1;"2018-09-04 00:00:00";"2018-09-04 23:59:59";16;8174;20;10;0;<FLG>
V6155020;V615502001;QINnJ;1;"2018-09-05 00:00:00";"2018-09-05 20:00:00";16;8072;20;10;0;<FLG>
V6155020;V615502001;QINnJ;1;"2018-09-06 00:00:00";"2018-09-06 00:00:00";16;8076;20;10;0;<FLG>
V6155020;V615502001;QINnJ;1;"2018-09-07 00:00:00";"2018-09-07 21:50:00";16;7906;20;10;0;<FLG>
V6155020;V615502001;QINnJ;1;"2018-09-08 00:00:00";"2018-09-08 23:55:00";16;7791;20;10;0;<FLG>
V6155020;V615502001;QINnJ;1;"2018-09-09 00:00:00";"2018-09-09 23:59:59";16;7728;20;10;0;<FLG>
V6155020;V615502001;QINnJ;1;"2018-09-10 00:00:00";"2018-09-10 15:10:00";16;7670;20;10;0;<FLG>
V6155020;V615502001;QINnJ;1;"2018-09-11 00:00:00";"2018-09-11 12:45:00";16;7583;20;10;0;<FLG>
V6155020;V615502001;QINnJ;1;"2018-09-12 00:00:00";"2018-09-12 20:30:00";16;7491;20;10;0;<FLG>
V6155020;V615502001;QINnJ;1;"2018-09-13 00:00:00";"2018-09-13 19:20:00";16;7479;20;10;0;<FLG>
V6155020;V615502001;QINnJ;1;"2018-09-14 00:00:00";"2018-09-14 23:59:59";16;7385;20;10;0;<FLG>
V6155020;V615502001;QINnJ;1;"2018-09-15 00:00:00";"2018-09-15 23:59:59";16;7335;20;10;0;<FLG>
V6155020;V615502001;QINnJ;1;"2018-09-16 00:00:00";"2018-09-16 23:59:59";16;7284;20;10;0;<FLG>
V6155020;V615502001;QINnJ;1;"2018-09-17 00:00:00";"2018-09-17 06:50:00";16;7251;20;10;0;<FLG>
V6155020;V615502001;QINnJ;1;"2018-09-18 00:00:00";"2018-09-18 23:59:59";16;7237;20;10;0;<FLG>
V6155020;V615502001;QINnJ;1;"2018-09-19 00:00:00";"2018-09-19 00:35:00";16;7236;20;10;0;<FLG>
V6155020;V615502001;QINnJ;1;"2018-09-20 00:00:00";"2018-09-20 00:00:00";16;7321;20;10;0;<FLG>
V6155020;V615502001;QINnJ;1;"2018-09-21 00:00:00";"2018-09-21 09:50:00";16;7109;20;10;0;<FLG>
V6155020;V615502001;QINnJ;1;"2018-09-22 00:00:00";"2018-09-22 12:10:00";16;7081;20;10;0;<FLG>
V6155020;V615502001;QINnJ;1;"2018-09-23 00:00:00";"2018-09-23 00:00:00";16;7084;20;10;0;<FLG>
V6155020;V615502001;QINnJ;1;"2018-09-24 00:00:00";"2018-09-24 09:55:00";16;6969;20;10;0;<FLG>
V6155020;V615502001;QINnJ;1;"2018-09-25 00:00:00";"2018-09-25 10:40:00";16;6914;20;10;0;<FLG>
V6155020;V615502001;QINnJ;1;"2018-09-26 00:00:00";"2018-09-26 21:15:00";16;6793;20;10;0;<FLG>
V6155020;V615502001;QINnJ;1;"2018-09-27 00:00:00";"2018-09-27 18:55:00";16;6811;20;10;0;<FLG>
V6155020;V615502001;QINnJ;1;"2018-09-28 00:00:00";"2018-09-28 09:25:00";16;6798;20;10;0;<FLG>
V6155020;V615502001;QINnJ;1;"2018-09-29 00:00:00";"2018-09-29 23:59:59";16;6790;20;10;0;<FLG>
V6155020;V615502001;QINnJ;1;"2018-09-30 00:00:00";"2018-09-30 23:59:59";16;6701;20;10;0;<FLG>
V6155020;V615502001;QINnJ;1;"2018-10-01 00:00:00";"2018-10-01 08:40:00";16;6658;20;10;0;<FLG>
V6155020;V615502001;QINnJ;1;"2018-10-02 00:00:00";"2018-10-02 23:59:59";16;6610;20;10;0;<FLG>
V6155020;V615502001;QINnJ;1;"2018-10-03 00:00:00";"2018-10-03 17:50:00";16;6505;20;10;0;<FLG>
V6155020;V615502001;QINnJ;1;"2018-10-04 00:00:00";"2018-10-04 23:59:59";16;6400;20;10;0;<FLG>
V6155020;V615502001;QINnJ;1;"2018-10-05 00:00:00";"2018-10-05 01:45:00";16;6381;20;10;0;<FLG>
V6155020;V615502001;QINnJ;1;"2018-10-06 00:00:00";"2018-10-06 17:45:00";16;6390;20;10;0;<FLG>
V6155020;V615502001;QINnJ;1;"2018-10-07 00:00:00";"2018-10-07 14:30:00";16;6333;20;10;0;<FLG>
V6155020;V615502001;QINnJ;1;"2018-10-08 00:00:00";"2018-10-08 00:15:00";16;6341;20;10;0;<FLG>
V6155020;V615502001;QINnJ;1;"2018-10-09 00:00:00";"2018-10-09 23:59:59";16;6396;20;10;0;<FLG>
V6155020;V615502001;QINnJ;1;"2018-10-10 00:00:00";"2018-10-10 13:20:00";16;6343;20;10;0;<FLG>
V6155020;V615502001;QINnJ;1;"2018-10-11 00:00:00";"2018-10-11 00:00:00";16;6504;20;10;0;<FLG>
V6155020;V615502001;QINnJ;1;"2018-10-12 00:00:00";"2018-10-12 23:59:59";16;8020;20;10;0;<FLG>
V6155020;V615502001;QINnJ;1;"2018-10-13 00:00:00";"2018-10-13 19:45:00";16;7795;20;10;0;<FLG>
V6155020;V615502001;QINnJ;1;"2018-10-14 00:00:00";"2018-10-14 21:30:00";16;7590;20;10;0;<FLG>
V6155020;V615502001;QINnJ;1;"2018-10-15 00:00:00";"2018-10-15 20:30:00";16;7207;20;10;0;<FLG>
V6155020;V615502001;QINnJ;1;"2018-10-16 00:00:00";"2018-10-16 03:35:00";16;7137;20;10;0;<FLG>
V6155020;V615502001;QINnJ;1;"2018-10-17 00:00:00";"2018-10-17 23:59:59";16;6969;20;10;0;<FLG>
V6155020;V615502001;QINnJ;1;"2018-10-18 00:00:00";"2018-10-18 23:30:00";16;6742;20;10;0;<FLG>
V6155020;V615502001;QINnJ;1;"2018-10-19 00:00:00";"2018-10-19 18:55:00";16;6658;20;10;0;<FLG>
V6155020;V615502001;QINnJ;1;"2018-10-20 00:00:00";"2018-10-20 23:59:59";16;6534;20;10;0;<FLG>
V6155020;V615502001;QINnJ;1;"2018-10-21 00:00:00";"2018-10-21 22:45:00";16;6450;20;10;0;<FLG>
V6155020;V615502001;QINnJ;1;"2018-10-22 00:00:00";"2018-10-22 09:20:00";16;6384;20;10;0;<FLG>
V6155020;V615502001;QINnJ;1;"2018-10-23 00:00:00";"2018-10-23 20:55:00";16;6288;20;10;0;<FLG>
V6155020;V615502001;QINnJ;1;"2018-10-24 00:00:00";"2018-10-24 14:50:00";16;6278;20;10;0;<FLG>
V6155020;V615502001;QINnJ;1;"2018-10-25 00:00:00";"2018-10-25 20:50:00";16;6178;20;10;0;<FLG>
V6155020;V615502001;QINnJ;1;"2018-10-26 00:00:00";"2018-10-26 00:00:00";16;6213;20;10;0;<FLG>
V6155020;V615502001;QINnJ;1;"2018-10-27 00:00:00";"2018-10-27 00:35:00";16;6227;20;10;0;<FLG>
V6155020;V615502001;QINnJ;1;"2018-10-28 00:00:00";"2018-10-28 02:10:00";16;6249;20;10;0;<FLG>
V6155020;V615502001;QINnJ;1;"2018-10-29 00:00:00";"2018-10-29 00:00:00";16;6357;20;10;0;<FLG>
V6155020;V615502001;QINnJ;1;"2018-10-30 00:00:00";"2018-10-30 00:00:00";16;15306;20;10;0;<FLG>
V6155020;V615502001;QINnJ;1;"2018-10-31 00:00:00";"2018-10-31 00:00:00";16;21730;20;10;0;<FLG>
V6155020;V615502001;QINnJ;1;"2018-11-01 00:00:00";"2018-11-01 00:00:00";16;38195;20;10;0;<FLG>
V6155020;V615502001;QINnJ;1;"2018-11-02 00:00:00";"2018-11-02 00:35:00";16;53989;20;10;0;<FLG>
V6155020;V615502001;QINnJ;1;"2018-11-03 00:00:00";"2018-11-03 23:05:00";16;55239;20;10;0;<FLG>
V6155020;V615502001;QINnJ;1;"2018-11-04 00:00:00";"2018-11-04 22:10:00";16;52259;20;10;0;<FLG>
V6155020;V615502001;QINnJ;1;"2018-11-05 00:00:00";"2018-11-05 23:59:59";16;49086;20;10;0;<FLG>
V6155020;V615502001;QINnJ;1;"2018-11-06 00:00:00";"2018-11-06 09:45:00";16;48029;20;10;0;<FLG>
V6155020;V615502001;QINnJ;1;"2018-11-07 00:00:00";"2018-11-07 00:45:00";16;50240;20;10;0;<FLG>
V6155020;V615502001;QINnJ;1;"2018-11-08 00:00:00";"2018-11-08 00:00:00";16;52836;20;10;0;<FLG>
V6155020;V615502001;QINnJ;1;"2018-11-09 00:00:00";"2018-11-09 22:45:00";16;52547;20;10;0;<FLG>
V6155020;V615502001;QINnJ;1;"2018-11-10 00:00:00";"2018-11-10 21:30:00";16;51490;20;10;0;<FLG>
V6155020;V615502001;QINnJ;1;"2018-11-11 00:00:00";"2018-11-11 23:59:59";16;48990;20;10;0;<FLG>
V6155020;V615502001;QINnJ;1;"2018-11-12 00:00:00";"2018-11-12 23:40:00";16;46779;20;10;0;<FLG>
V6155020;V615502001;QINnJ;1;"2018-11-13 00:00:00";"2018-11-13 23:59:59";16;44344;20;10;0;<FLG>
V6155020;V615502001;QINnJ;1;"2018-11-14 00:00:00";"2018-11-14 23:00:00";16;41972;20;10;0;<FLG>
V6155020;V615502001;QINnJ;1;"2018-11-15 00:00:00";"2018-11-15 23:55:00";16;39473;20;10;0;<FLG>
V6155020;V615502001;QINnJ;1;"2018-11-16 00:00:00";"2018-11-16 23:45:00";16;37202;20;10;0;<FLG>
V6155020;V615502001;QINnJ;1;"2018-11-17 00:00:00";"2018-11-17 23:55:00";16;34362;20;10;0;<FLG>
V6155020;V615502001;QINnJ;1;"2018-11-18 00:00:00";"2018-11-18 23:55:00";16;31965;20;10;0;<FLG>
V6155020;V615502001;QINnJ;1;"2018-11-19 00:00:00";"2018-11-19 23:25:00";16;29827;20;10;0;<FLG>
V6155020;V615502001;QINnJ;1;"2018-11-20 00:00:00";"2018-11-20 23:59:59";16;27813;20;10;0;<FLG>
V6155020;V615502001;QINnJ;1;"2018-11-21 00:00:00";"2018-11-21 10:15:00";16;26916;20;10;0;<FLG>
V6155020;V615502001;QINnJ;1;"2018-11-22 00:00:00";"2018-11-22 00:00:00";16;28984;20;10;0;<FLG>
V6155020;V615502001;QINnJ;1;"2018-11-23 00:00:00";"2018-11-23 02:05:00";16;32409;20;10;0;<FLG>
V6155020;V615502001;QINnJ;1;"2018-11-24 00:00:00";"2018-11-24 00:00:00";16;35649;20;10;0;<FLG>
V6155020;V615502001;QINnJ;1;"2018-11-25 00:00:00";"2018-11-25 00:00:00";16;46779;20;10;0;<FLG>
V6155020;V615502001;QINnJ;1;"2018-11-26 00:00:00";"2018-11-26 01:15:00";16;51874;20;10;0;<FLG>
V6155020;V615502001;QINnJ;1;"2018-11-27 00:00:00";"2018-11-27 02:15:00";16;52259;20;10;0;<FLG>
V6155020;V615502001;QINnJ;1;"2018-11-28 00:00:00";"2018-11-28 22:55:00";16;51201;20;10;0;<FLG>
V6155020;V615502001;QINnJ;1;"2018-11-29 00:00:00";"2018-11-29 23:59:59";16;49375;20;10;0;<FLG>
V6155020;V615502001;QINnJ;1;"2018-11-30 00:00:00";"2018-11-30 22:05:00";16;47068;20;10;0;<FLG>
V6155020;V615502001;QINnJ;1;"2018-12-01 00:00:00";"2018-12-01 23:30:00";16;45049;20;10;0;<FLG>
V6155020;V615502001;QINnJ;1;"2018-12-02 00:00:00";"2018-12-02 22:45:00";16;43126;20;10;0;<FLG>
V6155020;V615502001;QINnJ;1;"2018-12-03 00:00:00";"2018-12-03 19:45:00";16;41492;20;10;0;<FLG>
V6155020;V615502001;QINnJ;1;"2018-12-04 00:00:00";"2018-12-04 23:55:00";16;38800;20;10;0;<FLG>
V6155020;V615502001;QINnJ;1;"2018-12-05 00:00:00";"2018-12-05 23:35:00";16;37025;20;10;0;<FLG>
V6155020;V615502001;QINnJ;1;"2018-12-06 00:00:00";"2018-12-06 23:59:59";16;35135;20;10;0;<FLG>
V6155020;V615502001;QINnJ;1;"2018-12-07 00:00:00";"2018-12-07 23:05:00";16;33474;20;10;0;<FLG>
V6155020;V615502001;QINnJ;1;"2018-12-08 00:00:00";"2018-12-08 21:50:00";16;32143;20;10;0;<FLG>
V6155020;V615502001;QINnJ;1;"2018-12-09 00:00:00";"2018-12-09 23:10:00";16;30670;20;10;0;<FLG>
V6155020;V615502001;QINnJ;1;"2018-12-10 00:00:00";"2018-12-10 23:35:00";16;29444;20;10;0;<FLG>
V6155020;V615502001;QINnJ;1;"2018-12-11 00:00:00";"2018-12-11 22:15:00";16;28448;20;10;0;<FLG>
V6155020;V615502001;QINnJ;1;"2018-12-12 00:00:00";"2018-12-12 21:30:00";16;26916;20;10;0;<FLG>
V6155020;V615502001;QINnJ;1;"2018-12-13 00:00:00";"2018-12-13 23:50:00";16;25919;20;10;0;<FLG>
V6155020;V615502001;QINnJ;1;"2018-12-14 00:00:00";"2018-12-14 20:10:00";16;25077;20;10;0;<FLG>
V6155020;V615502001;QINnJ;1;"2018-12-15 00:00:00";"2018-12-15 22:05:00";16;24275;20;10;0;<FLG>
V6155020;V615502001;QINnJ;1;"2018-12-16 00:00:00";"2018-12-16 21:10:00";16;23611;20;10;0;<FLG>
V6155020;V615502001;QINnJ;1;"2018-12-17 00:00:00";"2018-12-17 14:00:00";16;22947;20;10;0;<FLG>
V6155020;V615502001;QINnJ;1;"2018-12-18 00:00:00";"2018-12-18 02:35:00";16;23008;20;10;0;<FLG>
V6155020;V615502001;QINnJ;1;"2018-12-19 00:00:00";"2018-12-19 00:50:00";16;23008;20;10;0;<FLG>
V6155020;V615502001;QINnJ;1;"2018-12-20 00:00:00";"2018-12-20 00:00:00";16;28698;20;10;0;<FLG>
V6155020;V615502001;QINnJ;1;"2018-12-21 00:00:00";"2018-12-21 00:25:00";16;39761;20;10;0;<FLG>
V6155020;V615502001;QINnJ;1;"2018-12-22 00:00:00";"2018-12-22 21:00:00";16;40434;20;10;0;<FLG>
V6155020;V615502001;QINnJ;1;"2018-12-23 00:00:00";"2018-12-23 23:59:59";16;39386;20;10;0;<FLG>
V6155020;V615502001;QINnJ;1;"2018-12-24 00:00:00";"2018-12-24 23:55:00";16;37912;20;10;0;<FLG>
V6155020;V615502001;QINnJ;1;"2018-12-25 00:00:00";"2018-12-25 23:30:00";16;36137;20;10;0;<FLG>
V6155020;V615502001;QINnJ;1;"2018-12-26 00:00:00";"2018-12-26 23:59:59";16;34260;20;10;0;<FLG>
V6155020;V615502001;QINnJ;1;"2018-12-27 00:00:00";"2018-12-27 23:30:00";16;31521;20;10;0;<FLG>
V6155020;V615502001;QINnJ;1;"2018-12-28 00:00:00";"2018-12-28 23:59:59";16;29942;20;10;0;<FLG>
V6155020;V615502001;QINnJ;1;"2018-12-29 00:00:00";"2018-12-29 23:59:59";16;28606;20;10;0;<FLG>
V6155020;V615502001;QINnJ;1;"2018-12-30 00:00:00";"2018-12-30 21:55:00";16;27222;20;10;0;<FLG>
V6155020;V615502001;QINnJ;1;"2018-12-31 00:00:00";"2018-12-31 23:45:00";16;26073;20;10;0;<FLG>
V6155020;V615502001;QINnJ;1;"2019-01-01 00:00:00";"2019-01-01 23:45:00";16;24940;20;10;0;<FLG>
V6155020;V615502001;QINnJ;1;"2019-01-02 00:00:00";"2019-01-02 20:45:00";16;24155;20;10;0;<FLG>
V6155020;V615502001;QINnJ;1;"2019-01-03 00:00:00";"2019-01-03 23:50:00";16;23128;20;10;0;<FLG>
V6155020;V615502001;QINnJ;1;"2019-01-04 00:00:00";"2019-01-04 22:05:00";16;22464;20;10;0;<FLG>
V6155020;V615502001;QINnJ;1;"2019-01-05 00:00:00";"2019-01-05 23:35:00";16;21860;20;10;0;<FLG>
V6155020;V615502001;QINnJ;1;"2019-01-06 00:00:00";"2019-01-06 23:35:00";16;21195;20;10;0;<FLG>
V6155020;V615502001;QINnJ;1;"2019-01-07 00:00:00";"2019-01-07 21:00:00";16;20729;20;10;0;<FLG>
V6155020;V615502001;QINnJ;1;"2019-01-08 00:00:00";"2019-01-08 23:50:00";16;20357;20;10;0;<FLG>
V6155020;V615502001;QINnJ;1;"2019-01-09 00:00:00";"2019-01-09 20:10:00";16;20124;20;10;0;<FLG>
V6155020;V615502001;QINnJ;1;"2019-01-10 00:00:00";"2019-01-10 21:30:00";16;19612;20;10;0;<FLG>
V6155020;V615502001;QINnJ;1;"2019-01-11 00:00:00";"2019-01-11 22:10:00";16;19286;20;10;0;<FLG>
V6155020;V615502001;QINnJ;1;"2019-01-12 00:00:00";"2019-01-12 23:50:00";16;19100;20;10;0;<FLG>
V6155020;V615502001;QINnJ;1;"2019-01-13 00:00:00";"2019-01-13 22:30:00";16;18931;20;10;0;<FLG>
V6155020;V615502001;QINnJ;1;"2019-01-14 00:00:00";"2019-01-14 11:55:00";16;18805;20;10;0;<FLG>
V6155020;V615502001;QINnJ;1;"2019-01-15 00:00:00";"2019-01-15 22:55:00";16;18636;20;10;0;<FLG>
V6155020;V615502001;QINnJ;1;"2019-01-16 00:00:00";"2019-01-16 23:05:00";16;18425;20;10;0;<FLG>
V6155020;V615502001;QINnJ;1;"2019-01-17 00:00:00";"2019-01-17 20:10:00";16;18257;20;10;0;<FLG>
V6155020;V615502001;QINnJ;1;"2019-01-18 00:00:00";"2019-01-18 09:40:00";16;18088;20;10;0;<FLG>
V6155020;V615502001;QINnJ;1;"2019-01-19 00:00:00";"2019-01-19 19:50:00";16;17919;20;10;0;<FLG>
V6155020;V615502001;QINnJ;1;"2019-01-20 00:00:00";"2019-01-20 18:25:00";16;17708;20;10;0;<FLG>
V6155020;V615502001;QINnJ;1;"2019-01-21 00:00:00";"2019-01-21 21:50:00";16;17540;20;10;0;<FLG>
V6155020;V615502001;QINnJ;1;"2019-01-22 00:00:00";"2019-01-22 21:20:00";16;17329;20;10;0;<FLG>
V6155020;V615502001;QINnJ;1;"2019-01-23 00:00:00";"2019-01-23 21:45:00";16;17202;20;10;0;<FLG>
V6155020;V615502001;QINnJ;1;"2019-01-24 00:00:00";"2019-01-24 20:05:00";16;17034;20;10;0;<FLG>
V6155020;V615502001;QINnJ;1;"2019-01-25 00:00:00";"2019-01-25 15:25:00";16;16823;20;10;0;<FLG>
V6155020;V615502001;QINnJ;1;"2019-01-26 00:00:00";"2019-01-26 18:50:00";16;16570;20;10;0;<FLG>
V6155020;V615502001;QINnJ;1;"2019-01-27 00:00:00";"2019-01-27 23:05:00";16;16359;20;10;0;<FLG>
V6155020;V615502001;QINnJ;1;"2019-01-28 00:00:00";"2019-01-28 16:40:00";16;16190;20;10;0;<FLG>
V6155020;V615502001;QINnJ;1;"2019-01-29 00:00:00";"2019-01-29 22:15:00";16;15980;20;10;0;<FLG>
V6155020;V615502001;QINnJ;1;"2019-01-30 00:00:00";"2019-01-30 22:10:00";16;15811;20;10;0;<FLG>
V6155020;V615502001;QINnJ;1;"2019-01-31 00:00:00";"2019-01-31 03:40:00";16;15684;20;10;0;<FLG>
V6155020;V615502001;QINnJ;1;"2019-02-01 00:00:00";"2019-02-01 02:05:00";16;15684;20;10;0;<FLG>
V6155020;V615502001;QINnJ;1;"2019-02-02 00:00:00";"2019-02-02 00:00:00";16;18722;20;10;0;<FLG>
V6155020;V615502001;QINnJ;1;"2019-02-03 00:00:00";"2019-02-03 00:00:00";16;33461;20;10;0;<FLG>
V6155020;V615502001;QINnJ;1;"2019-02-04 00:00:00";"2019-02-04 23:20:00";16;37113;20;10;0;<FLG>
V6155020;V615502001;QINnJ;1;"2019-02-05 00:00:00";"2019-02-05 23:35:00";16;34096;20;10;0;<FLG>
V6155020;V615502001;QINnJ;1;"2019-02-06 00:00:00";"2019-02-06 23:59:59";16;31460;20;10;0;<FLG>
V6155020;V615502001;QINnJ;1;"2019-02-07 00:00:00";"2019-02-07 23:59:59";16;29082;20;10;0;<FLG>
V6155020;V615502001;QINnJ;1;"2019-02-08 00:00:00";"2019-02-08 23:59:59";16;26597;20;10;0;<FLG>
V6155020;V615502001;QINnJ;1;"2019-02-09 00:00:00";"2019-02-09 23:55:00";16;24638;20;10;0;<FLG>
V6155020;V615502001;QINnJ;1;"2019-02-10 00:00:00";"2019-02-10 20:15:00";16;23611;20;10;0;<FLG>
V6155020;V615502001;QINnJ;1;"2019-02-11 00:00:00";"2019-02-11 23:59:59";16;22436;20;10;0;<FLG>
V6155020;V615502001;QINnJ;1;"2019-02-12 00:00:00";"2019-02-12 21:45:00";16;21428;20;10;0;<FLG>
V6155020;V615502001;QINnJ;1;"2019-02-13 00:00:00";"2019-02-13 23:59:59";16;20721;20;10;0;<FLG>
V6155020;V615502001;QINnJ;1;"2019-02-14 00:00:00";"2019-02-14 23:59:59";16;20181;20;10;0;<FLG>
V6155020;V615502001;QINnJ;1;"2019-02-15 00:00:00";"2019-02-15 20:05:00";16;19752;20;10;0;<FLG>
V6155020;V615502001;QINnJ;1;"2019-02-16 00:00:00";"2019-02-16 23:40:00";16;19379;20;10;0;<FLG>
V6155020;V615502001;QINnJ;1;"2019-02-17 00:00:00";"2019-02-17 20:05:00";16;19147;20;10;0;<FLG>
V6155020;V615502001;QINnJ;1;"2019-02-18 00:00:00";"2019-02-18 23:50:00";16;18931;20;10;0;<FLG>
V6155020;V615502001;QINnJ;1;"2019-02-19 00:00:00";"2019-02-19 22:55:00";16;18805;20;10;0;<FLG>
V6155020;V615502001;QINnJ;1;"2019-02-20 00:00:00";"2019-02-20 21:40:00";16;18636;20;10;0;<FLG>
V6155020;V615502001;QINnJ;1;"2019-02-21 00:00:00";"2019-02-21 21:30:00";16;18383;20;10;0;<FLG>
V6155020;V615502001;QINnJ;1;"2019-02-22 00:00:00";"2019-02-22 23:25:00";16;18172;20;10;0;<FLG>
V6155020;V615502001;QINnJ;1;"2019-02-23 00:00:00";"2019-02-23 19:35:00";16;17961;20;10;0;<FLG>
V6155020;V615502001;QINnJ;1;"2019-02-24 00:00:00";"2019-02-24 19:10:00";16;17708;20;10;0;<FLG>
V6155020;V615502001;QINnJ;1;"2019-02-25 00:00:00";"2019-02-25 23:35:00";16;17498;20;10;0;<FLG>
V6155020;V615502001;QINnJ;1;"2019-02-26 00:00:00";"2019-02-26 21:25:00";16;17329;20;10;0;<FLG>
V6155020;V615502001;QINnJ;1;"2019-02-27 00:00:00";"2019-02-27 22:50:00";16;17118;20;10;0;<FLG>
V6155020;V615502001;QINnJ;1;"2019-02-28 00:00:00";"2019-02-28 22:35:00";16;16949;20;10;0;<FLG>
V6155020;V615502001;QINnJ;1;"2019-03-01 00:00:00";"2019-03-01 17:55:00";16;16823;20;10;0;<FLG>
V6155020;V615502001;QINnJ;1;"2019-03-02 00:00:00";"2019-03-02 23:45:00";16;16612;20;10;0;<FLG>
V6155020;V615502001;QINnJ;1;"2019-03-03 00:00:00";"2019-03-03 16:15:00";16;16443;20;10;0;<FLG>
V6155020;V615502001;QINnJ;1;"2019-03-04 00:00:00";"2019-03-04 23:15:00";16;16148;20;10;0;<FLG>
V6155020;V615502001;QINnJ;1;"2019-03-05 00:00:00";"2019-03-05 19:10:00";16;16064;20;10;0;<FLG>
V6155020;V615502001;QINnJ;1;"2019-03-06 00:00:00";"2019-03-06 22:55:00";16;15811;20;10;0;<FLG>
V6155020;V615502001;QINnJ;1;"2019-03-07 00:00:00";"2019-03-07 20:30:00";16;15727;20;10;0;<FLG>
V6155020;V615502001;QINnJ;1;"2019-03-08 00:00:00";"2019-03-08 19:00:00";16;15522;20;10;0;<FLG>
V6155020;V615502001;QINnJ;1;"2019-03-09 00:00:00";"2019-03-09 23:30:00";16;15290;20;10;0;<FLG>
V6155020;V615502001;QINnJ;1;"2019-03-10 00:00:00";"2019-03-10 20:55:00";16;15134;20;10;0;<FLG>
V6155020;V615502001;QINnJ;1;"2019-03-11 00:00:00";"2019-03-11 15:10:00";16;14979;20;10;0;<FLG>
V6155020;V615502001;QINnJ;1;"2019-03-12 00:00:00";"2019-03-12 23:59:59";16;14851;20;10;0;<FLG>
V6155020;V615502001;QINnJ;1;"2019-03-13 00:00:00";"2019-03-13 20:25:00";16;14707;20;10;0;<FLG>
V6155020;V615502001;QINnJ;1;"2019-03-14 00:00:00";"2019-03-14 22:50:00";16;14513;20;10;0;<FLG>
V6155020;V615502001;QINnJ;1;"2019-03-15 00:00:00";"2019-03-15 15:05:00";16;14397;20;10;0;<FLG>
V6155020;V615502001;QINnJ;1;"2019-03-16 00:00:00";"2019-03-16 16:35:00";16;14242;20;10;0;<FLG>
V6155020;V615502001;QINnJ;1;"2019-03-17 00:00:00";"2019-03-17 23:59:59";16;14015;20;10;0;<FLG>
V6155020;V615502001;QINnJ;1;"2019-03-18 00:00:00";"2019-03-18 23:00:00";16;13893;20;10;0;<FLG>
V6155020;V615502001;QINnJ;1;"2019-03-19 00:00:00";"2019-03-19 20:20:00";16;13427;20;10;0;<FLG>
V6155020;V615502001;QINnJ;1;"2019-03-20 00:00:00";"2019-03-20 23:59:59";16;13236;20;10;0;<FLG>
V6155020;V615502001;QINnJ;1;"2019-03-21 00:00:00";"2019-03-21 23:40:00";16;13039;20;10;0;<FLG>
V6155020;V615502001;QINnJ;1;"2019-03-22 00:00:00";"2019-03-22 09:20:00";16;12961;20;10;0;<FLG>
V6155020;V615502001;QINnJ;1;"2019-03-23 00:00:00";"2019-03-23 23:59:59";16;12846;20;10;0;<FLG>
V6155020;V615502001;QINnJ;1;"2019-03-24 00:00:00";"2019-03-24 19:25:00";16;12690;20;10;0;<FLG>
V6155020;V615502001;QINnJ;1;"2019-03-25 00:00:00";"2019-03-25 16:55:00";16;12573;20;10;0;<FLG>
V6155020;V615502001;QINnJ;1;"2019-03-26 00:00:00";"2019-03-26 15:15:00";16;12418;20;10;0;<FLG>
V6155020;V615502001;QINnJ;1;"2019-03-27 00:00:00";"2019-03-27 18:20:00";16;12340;20;10;0;<FLG>
V6155020;V615502001;QINnJ;1;"2019-03-28 00:00:00";"2019-03-28 23:20:00";16;12185;20;10;0;<FLG>
V6155020;V615502001;QINnJ;1;"2019-03-29 00:00:00";"2019-03-29 18:35:00";16;12030;20;10;0;<FLG>
V6155020;V615502001;QINnJ;1;"2019-03-30 00:00:00";"2019-03-30 20:35:00";16;11952;20;10;0;<FLG>
V6155020;V615502001;QINnJ;1;"2019-03-31 00:00:00";"2019-03-31 21:20:00";16;11836;20;10;0;<FLG>
V6155020;V615502001;QINnJ;1;"2019-04-01 00:00:00";"2019-04-01 23:10:00";16;11719;20;10;0;<FLG>
V6155020;V615502001;QINnJ;1;"2019-04-02 00:00:00";"2019-04-02 23:59:59";16;11634;20;10;0;<FLG>
V6155020;V615502001;QINnJ;1;"2019-04-03 00:00:00";"2019-04-03 17:15:00";16;11564;20;10;0;<FLG>
V6155020;V615502001;QINnJ;1;"2019-04-04 00:00:00";"2019-04-04 01:25:00";16;11681;20;10;0;<FLG>
V6155020;V615502001;QINnJ;1;"2019-04-05 00:00:00";"2019-04-05 00:00:00";16;12956;20;10;0;<FLG>
V6155020;V615502001;QINnJ;1;"2019-04-06 00:00:00";"2019-04-06 01:40:00";16;14009;20;10;0;<FLG>
V6155020;V615502001;QINnJ;1;"2019-04-07 00:00:00";"2019-04-07 10:55:00";16;14009;20;10;0;<FLG>
V6155020;V615502001;QINnJ;1;"2019-04-08 00:00:00";"2019-04-08 07:05:00";16;14087;20;10;0;<FLG>
V6155020;V615502001;QINnJ;1;"2019-04-09 00:00:00";"2019-04-09 00:00:00";16;14255;20;10;0;<FLG>
V6155020;V615502001;QINnJ;1;"2019-04-10 00:00:00";"2019-04-10 01:40:00";16;14475;20;10;0;<FLG>
V6155020;V615502001;QINnJ;1;"2019-04-11 00:00:00";"2019-04-11 00:10:00";16;14552;20;10;0;<FLG>
V6155020;V615502001;QINnJ;1;"2019-04-12 00:00:00";"2019-04-12 09:05:00";16;14824;20;10;0;<FLG>
V6155020;V615502001;QINnJ;1;"2019-04-13 00:00:00";"2019-04-13 17:15:00";16;14824;20;10;0;<FLG>
V6155020;V615502001;QINnJ;1;"2019-04-14 00:00:00";"2019-04-14 16:35:00";16;14824;20;10;0;<FLG>
V6155020;V615502001;QINnJ;1;"2019-04-15 00:00:00";"2019-04-15 21:00:00";16;14746;20;10;0;<FLG>
V6155020;V615502001;QINnJ;1;"2019-04-16 00:00:00";"2019-04-16 23:59:59";16;14553;20;10;0;<FLG>
V6155020;V615502001;QINnJ;1;"2019-04-17 00:00:00";"2019-04-17 20:45:00";16;14319;20;10;0;<FLG>
V6155020;V615502001;QINnJ;1;"2019-04-18 00:00:00";"2019-04-18 19:05:00";16;14048;20;10;0;<FLG>
V6155020;V615502001;QINnJ;1;"2019-04-19 00:00:00";"2019-04-19 23:59:59";16;13868;20;10;0;<FLG>
V6155020;V615502001;QINnJ;1;"2019-04-20 00:00:00";"2019-04-20 18:05:00";16;13699;20;10;0;<FLG>
V6155020;V615502001;QINnJ;1;"2019-04-21 00:00:00";"2019-04-21 20:30:00";16;13582;20;10;0;<FLG>
V6155020;V615502001;QINnJ;1;"2019-04-22 00:00:00";"2019-04-22 18:30:00";16;13504;20;10;0;<FLG>
V6155020;V615502001;QINnJ;1;"2019-04-23 00:00:00";"2019-04-23 17:35:00";16;13427;20;10;0;<FLG>
V6155020;V615502001;QINnJ;1;"2019-04-24 00:00:00";"2019-04-24 14:15:00";16;13310;20;10;0;<FLG>
V6155020;V615502001;QINnJ;1;"2019-04-25 00:00:00";"2019-04-25 00:00:00";16;14079;20;10;0;<FLG>
V6155020;V615502001;QINnJ;1;"2019-04-26 00:00:00";"2019-04-26 00:40:00";16;15769;20;10;0;<FLG>
V6155020;V615502001;QINnJ;1;"2019-04-27 00:00:00";"2019-04-27 00:00:00";16;17029;20;10;0;<FLG>
V6155020;V615502001;QINnJ;1;"2019-04-28 00:00:00";"2019-04-28 01:35:00";16;18046;20;10;0;<FLG>
V6155020;V615502001;QINnJ;1;"2019-04-29 00:00:00";"2019-04-29 04:20:00";16;18341;20;10;0;<FLG>
V6155020;V615502001;QINnJ;1;"2019-04-30 00:00:00";"2019-04-30 21:55:00";16;18046;20;10;0;<FLG>
V6155020;V615502001;QINnJ;1;"2019-05-01 00:00:00";"2019-05-01 19:52:00";16;17835;20;10;0;<FLG>
V6155020;V615502001;QINnJ;1;"2019-05-02 00:00:00";"2019-05-02 23:59:59";16;17490;20;10;0;<FLG>
V6155020;V615502001;QINnJ;1;"2019-05-03 00:00:00";"2019-05-03 22:50:00";16;17118;20;10;0;<FLG>
V6155020;V615502001;QINnJ;1;"2019-05-04 00:00:00";"2019-05-04 20:55:00";16;16781;20;10;0;<FLG>
V6155020;V615502001;QINnJ;1;"2019-05-05 00:00:00";"2019-05-05 17:50:00";16;16528;20;10;0;<FLG>
V6155020;V615502001;QINnJ;1;"2019-05-06 00:00:00";"2019-05-06 23:58:00";16;16106;20;10;0;<FLG>
V6155020;V615502001;QINnJ;1;"2019-05-07 00:00:00";"2019-05-07 22:20:00";16;15727;20;10;0;<FLG>
V6155020;V615502001;QINnJ;1;"2019-05-08 00:00:00";"2019-05-08 22:17:00";16;15445;20;10;0;<FLG>
V6155020;V615502001;QINnJ;1;"2019-05-09 00:00:00";"2019-05-09 23:59:59";16;15160;20;10;0;<FLG>
V6155020;V615502001;QINnJ;1;"2019-05-10 00:00:00";"2019-05-10 23:59:59";16;14910;20;10;0;<FLG>
V6155020;V615502001;QINnJ;1;"2019-05-11 00:00:00";"2019-05-11 23:59:59";16;14571;20;10;0;<FLG>
V6155020;V615502001;QINnJ;1;"2019-05-12 00:00:00";"2019-05-12 10:25:00";16;14319;20;10;0;<FLG>
V6155020;V615502001;QINnJ;1;"2019-05-13 00:00:00";"2019-05-13 23:59:59";16;14055;20;10;0;<FLG>
V6155020;V615502001;QINnJ;1;"2019-05-14 00:00:00";"2019-05-14 22:20:00";16;13854;20;10;0;<FLG>
V6155020;V615502001;QINnJ;1;"2019-05-15 00:00:00";"2019-05-15 21:42:00";16;13699;20;10;0;<FLG>
V6155020;V615502001;QINnJ;1;"2019-05-16 00:00:00";"2019-05-16 21:45:00";16;13504;20;10;0;<FLG>
V6155020;V615502001;QINnJ;1;"2019-05-17 00:00:00";"2019-05-17 23:59:59";16;13376;20;10;0;<FLG>
V6155020;V615502001;QINnJ;1;"2019-05-18 00:00:00";"2019-05-18 17:50:00";16;13194;20;10;0;<FLG>
V6155020;V615502001;QINnJ;1;"2019-05-19 00:00:00";"2019-05-19 23:59:59";16;13061;20;10;0;<FLG>
V6155020;V615502001;QINnJ;1;"2019-05-20 00:00:00";"2019-05-20 11:33:00";16;12937;20;10;0;<FLG>
V6155020;V615502001;QINnJ;1;"2019-05-21 00:00:00";"2019-05-21 09:42:00";16;12999;20;10;0;<FLG>
V6155020;V615502001;QINnJ;1;"2019-05-22 00:00:00";"2019-05-22 22:48:00";16;12858;20;10;0;<FLG>
V6155020;V615502001;QINnJ;1;"2019-05-23 00:00:00";"2019-05-23 23:59:59";16;12629;20;10;0;<FLG>
V6155020;V615502001;QINnJ;1;"2019-05-24 00:00:00";"2019-05-24 23:59:59";16;12475;20;10;0;<FLG>
V6155020;V615502001;QINnJ;1;"2019-05-25 00:00:00";"2019-05-25 17:28:00";16;12385;20;10;0;<FLG>
V6155020;V615502001;QINnJ;1;"2019-05-26 00:00:00";"2019-05-26 07:25:00";16;12414;20;10;0;<FLG>
V6155020;V615502001;QINnJ;1;"2019-05-27 00:00:00";"2019-05-27 00:00:00";16;12585;20;10;0;<FLG>
V6155020;V615502001;QINnJ;1;"2019-05-28 00:00:00";"2019-05-28 18:35:00";16;12568;20;10;0;<FLG>
V6155020;V615502001;QINnJ;1;"2019-05-29 00:00:00";"2019-05-29 21:42:00";16;12394;20;10;0;<FLG>
V6155020;V615502001;QINnJ;1;"2019-05-30 00:00:00";"2019-05-30 23:59:59";16;12173;20;10;0;<FLG>
V6155020;V615502001;QINnJ;1;"2019-05-31 00:00:00";"2019-05-31 23:59:59";16;11933;20;10;0;<FLG>
V6155020;V615502001;QINnJ;1;"2019-06-01 00:00:00";"2019-06-01 20:55:00";16;11725;20;10;0;<FLG>
V6155020;V615502001;QINnJ;1;"2019-06-02 00:00:00";"2019-06-02 22:05:00";16;11475;20;10;0;<FLG>
V6155020;V615502001;QINnJ;1;"2019-06-03 00:00:00";"2019-06-03 23:59:59";16;11268;20;10;0;<FLG>
V6155020;V615502001;QINnJ;1;"2019-06-04 00:00:00";"2019-06-04 23:59:59";16;11160;20;10;0;<FLG>
V6155020;V615502001;QINnJ;1;"2019-06-05 00:00:00";"2019-06-05 23:59:59";16;10976;20;10;0;<FLG>
V6155020;V615502001;QINnJ;1;"2019-06-06 00:00:00";"2019-06-06 17:20:00";16;10792;20;10;0;<FLG>
V6155020;V615502001;QINnJ;1;"2019-06-07 00:00:00";"2019-06-07 22:30:00";16;10539;20;10;0;<FLG>
V6155020;V615502001;QINnJ;1;"2019-06-08 00:00:00";"2019-06-08 22:45:00";16;10285;20;10;0;<FLG>
V6155020;V615502001;QINnJ;1;"2019-06-09 00:00:00";"2019-06-09 19:10:00";16;10185;20;10;0;<FLG>
V6155020;V615502001;QINnJ;1;"2019-06-10 00:00:00";"2019-06-10 19:10:00";16;10082;20;10;0;<FLG>
V6155020;V615502001;QINnJ;1;"2019-06-11 00:00:00";"2019-06-11 11:15:00";16;10044;20;10;0;<FLG>
V6155020;V615502001;QINnJ;1;"2019-06-12 00:00:00";"2019-06-12 22:50:00";16;9966;20;10;0;<FLG>
V6155020;V615502001;QINnJ;1;"2019-06-13 00:00:00";"2019-06-13 19:55:00";16;9865;20;10;0;<FLG>
V6155020;V615502001;QINnJ;1;"2019-06-14 00:00:00";"2019-06-14 21:30:00";16;9762;20;10;0;<FLG>
V6155020;V615502001;QINnJ;1;"2019-06-15 00:00:00";"2019-06-15 23:59:59";16;9599;20;10;0;<FLG>
V6155020;V615502001;QINnJ;1;"2019-06-16 00:00:00";"2019-06-16 23:59:59";16;9476;20;10;0;<FLG>
V6155020;V615502001;QINnJ;1;"2019-06-17 00:00:00";"2019-06-17 23:35:00";16;9424;20;10;0;<FLG>
V6155020;V615502001;QINnJ;1;"2019-06-18 00:00:00";"2019-06-18 23:10:00";16;9292;20;10;0;<FLG>
V6155020;V615502001;QINnJ;1;"2019-06-19 00:00:00";"2019-06-19 21:00:00";16;9131;20;10;0;<FLG>
V6155020;V615502001;QINnJ;1;"2019-06-20 00:00:00";"2019-06-20 23:20:00";16;9028;20;10;0;<FLG>
V6155020;V615502001;QINnJ;1;"2019-06-21 00:00:00";"2019-06-21 23:59:59";16;8955;20;10;0;<FLG>
V6155020;V615502001;QINnJ;1;"2019-06-22 00:00:00";"2019-06-22 23:59:59";16;8853;20;10;0;<FLG>
V6155020;V615502001;QINnJ;1;"2019-06-23 00:00:00";"2019-06-23 23:59:59";16;8750;20;10;0;<FLG>
V6155020;V615502001;QINnJ;1;"2019-06-24 00:00:00";"2019-06-24 23:05:00";16;8589;20;10;0;<FLG>
V6155020;V615502001;QINnJ;1;"2019-06-25 00:00:00";"2019-06-25 22:45:00";16;8457;20;10;0;<FLG>
V6155020;V615502001;QINnJ;1;"2019-06-26 00:00:00";"2019-06-26 23:59:59";16;8414;20;10;0;<FLG>
V6155020;V615502001;QINnJ;1;"2019-06-27 00:00:00";"2019-06-27 23:59:59";16;8312;20;10;0;<FLG>
V6155020;V615502001;QINnJ;1;"2019-06-28 00:00:00";"2019-06-28 20:35:00";16;8241;20;10;0;<FLG>
V6155020;V615502001;QINnJ;1;"2019-06-29 00:00:00";"2019-06-29 20:25:00";16;8109;20;10;0;<FLG>
V6155020;V615502001;QINnJ;1;"2019-06-30 00:00:00";"2019-06-30 23:40:00";16;8005;20;10;0;<FLG>
V6155020;V615502001;QINnJ;1;"2019-07-01 00:00:00";"2019-07-01 07:55:00";16;8031;20;10;0;<FLG>
V6155020;V615502001;QINnJ;1;"2019-07-02 00:00:00";"2019-07-02 13:45:00";16;8015;20;10;0;<FLG>
V6155020;V615502001;QINnJ;1;"2019-07-03 00:00:00";"2019-07-03 19:50:00";16;7895;20;10;0;<FLG>
V6155020;V615502001;QINnJ;1;"2019-07-04 00:00:00";"2019-07-04 23:45:00";16;7782;20;10;0;<FLG>
V6155020;V615502001;QINnJ;1;"2019-07-05 00:00:00";"2019-07-05 22:50:00";16;7772;20;10;0;<FLG>
V6155020;V615502001;QINnJ;1;"2019-07-06 00:00:00";"2019-07-06 19:20:00";16;7687;20;10;0;<FLG>
V6155020;V615502001;QINnJ;1;"2019-07-07 00:00:00";"2019-07-07 00:00:00";16;7699;20;10;0;<FLG>
V6155020;V615502001;QINnJ;1;"2019-07-08 00:00:00";"2019-07-08 21:00:00";16;7615;20;10;0;<FLG>
V6155020;V615502001;QINnJ;1;"2019-07-09 00:00:00";"2019-07-09 18:50:00";16;7555;20;10;0;<FLG>
V6155020;V615502001;QINnJ;1;"2019-07-10 00:00:00";"2019-07-10 23:59:59";16;7513;20;10;0;<FLG>
V6155020;V615502001;QINnJ;1;"2019-07-11 00:00:00";"2019-07-11 21:35:00";16;7406;20;10;0;<FLG>
V6155020;V615502001;QINnJ;1;"2019-07-12 00:00:00";"2019-07-12 21:05:00";16;7346;20;10;0;<FLG>
V6155020;V615502001;QINnJ;1;"2019-07-13 00:00:00";"2019-07-13 23:59:59";16;7278;20;10;0;<FLG>
V6155020;V615502001;QINnJ;1;"2019-07-14 00:00:00";"2019-07-14 08:55:00";16;7229;20;10;0;<FLG>
V6155020;V615502001;QINnJ;1;"2019-07-15 00:00:00";"2019-07-15 21:40:00";16;7137;20;10;0;<FLG>
V6155020;V615502001;QINnJ;1;"2019-07-16 00:00:00";"2019-07-16 23:59:59";16;7117;20;10;0;<FLG>
V6155020;V615502001;QINnJ;1;"2019-07-17 00:00:00";"2019-07-17 03:35:00";16;7099;20;10;0;<FLG>
V6155020;V615502001;QINnJ;1;"2019-07-18 00:00:00";"2019-07-18 23:59:59";16;7054;20;10;0;<FLG>
V6155020;V615502001;QINnJ;1;"2019-07-19 00:00:00";"2019-07-19 23:59:59";16;6892;20;10;0;<FLG>
V6155020;V615502001;QINnJ;1;"2019-07-20 00:00:00";"2019-07-20 23:59:59";16;6806;20;10;0;<FLG>
V6155020;V615502001;QINnJ;1;"2019-07-21 00:00:00";"2019-07-21 23:59:59";16;6746;20;10;0;<FLG>
V6155020;V615502001;QINnJ;1;"2019-07-22 00:00:00";"2019-07-22 19:25:00";16;6686;20;10;0;<FLG>
V6155020;V615502001;QINnJ;1;"2019-07-23 00:00:00";"2019-07-23 19:40:00";16;6650;20;10;0;<FLG>
V6155020;V615502001;QINnJ;1;"2019-07-24 00:00:00";"2019-07-24 19:40:00";16;6614;20;10;0;<FLG>
V6155020;V615502001;QINnJ;1;"2019-07-25 00:00:00";"2019-07-25 19:40:00";16;6553;20;10;0;<FLG>
V6155020;V615502001;QINnJ;1;"2019-07-26 00:00:00";"2019-07-26 18:00:00";16;6543;20;10;0;<FLG>
V6155020;V615502001;QINnJ;1;"2019-07-27 00:00:00";"2019-07-27 06:40:00";16;6512;20;10;0;<FLG>
V6155020;V615502001;QINnJ;1;"2019-07-28 00:00:00";"2019-07-28 11:00:00";16;6550;20;10;0;<FLG>
V6155020;V615502001;QINnJ;1;"2019-07-29 00:00:00";"2019-07-29 18:55:00";16;6530;20;10;0;<FLG>
V6155020;V615502001;QINnJ;1;"2019-07-30 00:00:00";"2019-07-30 21:15:00";16;6468;20;10;0;<FLG>
V6155020;V615502001;QINnJ;1;"2019-07-31 00:00:00";"2019-07-31 11:05:00";16;6451;20;10;0;<FLG>
V6155020;V615502001;QINnJ;1;"2019-08-01 00:00:00";"2019-08-01 23:59:59";16;6447;20;10;0;<FLG>
V6155020;V615502001;QINnJ;1;"2019-08-02 00:00:00";"2019-08-02 05:00:00";16;6423;20;10;0;<FLG>
V6155020;V615502001;QINnJ;1;"2019-08-03 00:00:00";"2019-08-03 23:59:59";16;6371;20;10;0;<FLG>
V6155020;V615502001;QINnJ;1;"2019-08-04 00:00:00";"2019-08-04 23:59:59";16;6333;20;10;0;<FLG>
V6155020;V615502001;QINnJ;1;"2019-08-05 00:00:00";"2019-08-05 23:59:59";16;6254;20;10;0;<FLG>
V6155020;V615502001;QINnJ;1;"2019-08-06 00:00:00";"2019-08-06 18:13:00";16;6205;20;10;0;<FLG>
V6155020;V615502001;QINnJ;1;"2019-08-07 00:00:00";"2019-08-07 17:35:00";16;6168;20;10;0;<FLG>
V6155020;V615502001;QINnJ;1;"2019-08-08 00:00:00";"2019-08-08 03:58:00";16;6148;20;10;0;<FLG>
V6155020;V615502001;QINnJ;1;"2019-08-09 00:00:00";"2019-08-09 21:35:00";16;6045;20;10;0;<FLG>
V6155020;V615502001;QINnJ;1;"2019-08-10 00:00:00";"2019-08-10 09:02:00";16;6026;20;10;0;<FLG>
V6155020;V615502001;QINnJ;1;"2019-08-11 00:00:00";"2019-08-11 17:15:00";16;5993;20;10;0;<FLG>
V6155020;V615502001;QINnJ;1;"2019-08-12 00:00:00";"2019-08-12 23:59:59";16;5960;20;10;0;<FLG>
V6155020;V615502001;QINnJ;1;"2019-08-13 00:00:00";"2019-08-13 18:05:00";16;5926;20;10;0;<FLG>
V6155020;V615502001;QINnJ;1;"2019-08-14 00:00:00";"2019-08-14 20:48:00";16;5901;20;10;0;<FLG>
V6155020;V615502001;QINnJ;1;"2019-08-15 00:00:00";"2019-08-15 23:59:59";16;5886;20;10;0;<FLG>
V6155020;V615502001;QINnJ;1;"2019-08-16 00:00:00";"2019-08-16 02:20:00";16;5878;20;10;0;<FLG>
V6155020;V615502001;QINnJ;1;"2019-08-17 00:00:00";"2019-08-17 21:15:00";16;5843;20;10;0;<FLG>
V6155020;V615502001;QINnJ;1;"2019-08-18 00:00:00";"2019-08-18 23:59:59";16;5839;20;10;0;<FLG>
V6155020;V615502001;QINnJ;1;"2019-08-19 00:00:00";"2019-08-19 21:58:00";16;5793;20;10;0;<FLG>
V6155020;V615502001;QINnJ;1;"2019-08-20 00:00:00";"2019-08-20 23:59:59";16;5793;20;10;0;<FLG>
V6155020;V615502001;QINnJ;1;"2019-08-21 00:00:00";"2019-08-21 16:02:00";16;5757;20;10;0;<FLG>
V6155020;V615502001;QINnJ;1;"2019-08-22 00:00:00";"2019-08-22 21:45:00";16;5683;20;10;0;<FLG>
V6155020;V615502001;QINnJ;1;"2019-08-23 00:00:00";"2019-08-23 23:59:59";16;5681;20;10;0;<FLG>
V6155020;V615502001;QINnJ;1;"2019-08-24 00:00:00";"2019-08-24 20:28:00";16;5649;20;10;0;<FLG>
V6155020;V615502001;QINnJ;1;"2019-08-25 00:00:00";"2019-08-25 23:59:59";16;5626;20;10;0;<FLG>
V6155020;V615502001;QINnJ;1;"2019-08-26 00:00:00";"2019-08-26 23:59:59";16;5609;20;10;0;<FLG>
V6155020;V615502001;QINnJ;1;"2019-08-27 00:00:00";"2019-08-27 20:32:00";16;5574;20;10;0;<FLG>
V6155020;V615502001;QINnJ;1;"2019-08-28 00:00:00";"2019-08-28 00:00:00";16;5575;20;10;0;<FLG>
V6155020;V615502001;QINnJ;1;"2019-08-29 00:00:00";"2019-08-29 20:20:00";16;5540;20;10;0;<FLG>
V6155020;V615502001;QINnJ;1;"2019-08-30 00:00:00";"2019-08-30 23:59:59";16;5494;20;10;0;<FLG>
V6155020;V615502001;QINnJ;1;"2019-08-31 00:00:00";"2019-08-31 18:02:00";16;5472;20;10;0;<FLG>
V6155020;V615502001;QINnJ;1;"2019-09-01 00:00:00";"2019-09-01 23:59:59";16;5451;20;10;0;<FLG>
V6155020;V615502001;QINnJ;1;"2019-09-02 00:00:00";"2019-09-02 15:50:00";16;5438;20;10;0;<FLG>
V6155020;V615502001;QINnJ;1;"2019-09-03 00:00:00";"2019-09-03 23:59:59";16;5411;20;10;0;<FLG>
V6155020;V615502001;QINnJ;1;"2019-09-04 00:00:00";"2019-09-04 03:50:00";16;5383;20;10;0;<FLG>
V6155020;V615502001;QINnJ;1;"2019-09-05 00:00:00";"2019-09-05 15:20:00";16;5345;20;10;0;<FLG>
V6155020;V615502001;QINnJ;1;"2019-09-06 00:00:00";"2019-09-06 00:00:00";16;5382;20;10;0;<FLG>
V6155020;V615502001;QINnJ;1;"2019-09-07 00:00:00";"2019-09-07 22:05:00";16;5331;20;10;0;<FLG>
V6155020;V615502001;QINnJ;1;"2019-09-08 00:00:00";"2019-09-08 20:20:00";16;5271;20;10;0;<FLG>
V6155020;V615502001;QINnJ;1;"2019-09-09 00:00:00";"2019-09-09 06:55:00";16;5275;20;10;0;<FLG>
V6155020;V615502001;QINnJ;1;"2019-09-10 00:00:00";"2019-09-10 07:20:00";16;5267;20;10;0;<FLG>
V6155020;V615502001;QINnJ;1;"2019-09-11 00:00:00";"2019-09-11 23:59:59";16;5232;20;10;0;<FLG>
V6155020;V615502001;QINnJ;1;"2019-09-12 00:00:00";"2019-09-12 10:15:00";16;5201;20;10;0;<FLG>
V6155020;V615502001;QINnJ;1;"2019-09-13 00:00:00";"2019-09-13 23:10:00";16;5146;20;10;0;<FLG>
V6155020;V615502001;QINnJ;1;"2019-09-14 00:00:00";"2019-09-14 22:35:00";16;5104;20;10;0;<FLG>
V6155020;V615502001;QINnJ;1;"2019-09-15 00:00:00";"2019-09-15 00:00:00";16;5114;20;10;0;<FLG>
V6155020;V615502001;QINnJ;1;"2019-09-16 00:00:00";"2019-09-16 23:10:00";16;5105;20;10;0;<FLG>
V6155020;V615502001;QINnJ;1;"2019-09-17 00:00:00";"2019-09-17 23:59:59";16;5108;20;10;0;<FLG>
V6155020;V615502001;QINnJ;1;"2019-09-18 00:00:00";"2019-09-18 00:25:00";16;5097;20;10;0;<FLG>
V6155020;V615502001;QINnJ;1;"2019-09-19 00:00:00";"2019-09-19 23:59:59";16;5069;20;10;0;<FLG>
V6155020;V615502001;QINnJ;1;"2019-09-20 00:00:00";"2019-09-20 02:15:00";16;5047;20;10;0;<FLG>
V6155020;V615502001;QINnJ;1;"2019-09-21 00:00:00";"2019-09-21 07:15:00";16;5041;20;10;0;<FLG>
V6155020;V615502001;QINnJ;1;"2019-09-22 00:00:00";"2019-09-22 06:10:00";16;5083;20;10;0;<FLG>
V6155020;V615502001;QINnJ;1;"2019-09-23 00:00:00";"2019-09-23 00:00:00";16;5153;20;10;0;<FLG>
V6155020;V615502001;QINnJ;1;"2019-09-24 00:00:00";"2019-09-24 02:50:00";16;5219;20;10;0;<FLG>
V6155020;V615502001;QINnJ;1;"2019-09-25 00:00:00";"2019-09-25 23:59:59";16;5164;20;10;0;<FLG>
V6155020;V615502001;QINnJ;1;"2019-09-26 00:00:00";"2019-09-26 20:25:00";16;5057;20;10;0;<FLG>
V6155020;V615502001;QINnJ;1;"2019-09-27 00:00:00";"2019-09-27 20:25:00";16;4989;20;10;0;<FLG>
V6155020;V615502001;QINnJ;1;"2019-09-28 00:00:00";"2019-09-28 00:35:00";16;4972;20;10;0;<FLG>
V6155020;V615502001;QINnJ;1;"2019-09-29 00:00:00";"2019-09-29 23:59:59";16;4887;20;10;0;<FLG>
V6155020;V615502001;QINnJ;1;"2019-09-30 00:00:00";"2019-09-30 21:55:00";16;4870;20;10;0;<FLG>
V6155020;V615502001;QINnJ;1;"2019-10-01 00:00:00";"2019-10-01 07:35:00";16;4853;20;10;0;<FLG>
V6155020;V615502001;QINnJ;1;"2019-10-02 00:00:00";"2019-10-02 00:35:00";16;4853;20;10;0;<FLG>
V6155020;V615502001;QINnJ;1;"2019-10-03 00:00:00";"2019-10-03 23:59:59";16;4826;20;10;0;<FLG>
V6155020;V615502001;QINnJ;1;"2019-10-04 00:00:00";"2019-10-04 07:40:00";16;4785;20;10;0;<FLG>
V6155020;V615502001;QINnJ;1;"2019-10-05 00:00:00";"2019-10-05 21:50:00";16;4768;20;10;0;<FLG>
V6155020;V615502001;QINnJ;1;"2019-10-06 00:00:00";"2019-10-06 18:35:00";16;4717;20;10;0;<FLG>
V6155020;V615502001;QINnJ;1;"2019-10-07 00:00:00";"2019-10-07 06:40:00";16;4683;20;10;0;<FLG>
V6155020;V615502001;QINnJ;1;"2019-10-08 00:00:00";"2019-10-08 08:00:00";16;4683;20;10;0;<FLG>
V6155020;V615502001;QINnJ;1;"2019-10-09 00:00:00";"2019-10-09 10:45:00";16;4632;20;10;0;<FLG>
V6155020;V615502001;QINnJ;1;"2019-10-10 00:00:00";"2019-10-10 22:55:00";16;4547;20;10;0;<FLG>
V6155020;V615502001;QINnJ;1;"2019-10-11 00:00:00";"2019-10-11 00:00:00";16;4557;20;10;0;<FLG>
V6155020;V615502001;QINnJ;1;"2019-10-12 00:00:00";"2019-10-12 23:35:00";16;4530;20;10;0;<FLG>
V6155020;V615502001;QINnJ;1;"2019-10-13 00:00:00";"2019-10-13 23:45:00";16;4462;20;10;0;<FLG>
V6155020;V615502001;QINnJ;1;"2019-10-14 00:00:00";"2019-10-14 00:40:00";16;4479;20;10;0;<FLG>
V6155020;V615502001;QINnJ;1;"2019-10-15 00:00:00";"2019-10-15 01:40:00";16;4547;20;10;0;<FLG>
V6155020;V615502001;QINnJ;1;"2019-10-16 00:00:00";"2019-10-16 01:15:00";16;4785;20;10;0;<FLG>
V6155020;V615502001;QINnJ;1;"2019-10-17 00:00:00";"2019-10-17 21:30:00";16;4734;20;10;0;<FLG>
V6155020;V615502001;QINnJ;1;"2019-10-18 00:00:00";"2019-10-18 20:40:00";16;4717;20;10;0;<FLG>
V6155020;V615502001;QINnJ;1;"2019-10-19 00:00:00";"2019-10-19 15:00:00";16;4632;20;10;0;<FLG>
V6155020;V615502001;QINnJ;1;"2019-10-20 00:00:00";"2019-10-20 00:40:00";16;4666;20;10;0;<FLG>
V6155020;V615502001;QINnJ;1;"2019-10-21 00:00:00";"2019-10-21 02:25:00";16;4887;20;10;0;<FLG>
V6155020;V615502001;QINnJ;1;"2019-10-22 00:00:00";"2019-10-22 00:00:00";16;7284;20;10;0;<FLG>
V6155020;V615502001;QINnJ;1;"2019-10-23 00:00:00";"2019-10-23 00:00:00";16;10779;20;10;0;<FLG>
V6155020;V615502001;QINnJ;1;"2019-10-24 00:00:00";"2019-10-24 00:00:00";16;14934;20;10;0;<FLG>
V6155020;V615502001;QINnJ;1;"2019-10-25 00:00:00";"2019-10-25 00:00:00";16;24232;20;10;0;<FLG>
V6155020;V615502001;QINnJ;1;"2019-10-26 00:00:00";"2019-10-26 23:59:59";16;22752;20;10;0;<FLG>
V6155020;V615502001;QINnJ;1;"2019-10-27 00:00:00";"2019-10-27 23:59:59";16;20225;20;10;0;<FLG>
V6155020;V615502001;QINnJ;1;"2019-10-28 00:00:00";"2019-10-28 23:20:00";16;19016;20;10;0;<FLG>
V6155020;V615502001;QINnJ;1;"2019-10-29 00:00:00";"2019-10-29 23:55:00";16;17624;20;10;0;<FLG>
V6155020;V615502001;QINnJ;1;"2019-10-30 00:00:00";"2019-10-30 23:59:59";16;16285;20;10;0;<FLG>
V6155020;V615502001;QINnJ;1;"2019-10-31 00:00:00";"2019-10-31 22:15:00";16;15212;20;10;0;<FLG>
V6155020;V615502001;QINnJ;1;"2019-11-01 00:00:00";"2019-11-01 23:59:59";16;14343;20;10;0;<FLG>
V6155020;V615502001;QINnJ;1;"2019-11-02 00:00:00";"2019-11-02 18:10:00";16;13815;20;10;0;<FLG>
V6155020;V615502001;QINnJ;1;"2019-11-03 00:00:00";"2019-11-03 00:00:00";16;14002;20;10;0;<FLG>
V6155020;V615502001;QINnJ;1;"2019-11-04 00:00:00";"2019-11-04 00:00:00";16;18621;20;10;0;<FLG>
V6155020;V615502001;QINnJ;1;"2019-11-05 00:00:00";"2019-11-05 00:00:00";16;21860;20;10;0;<FLG>
V6155020;V615502001;QINnJ;1;"2019-11-06 00:00:00";"2019-11-06 00:15:00";16;24155;20;10;0;<FLG>
V6155020;V615502001;QINnJ;1;"2019-11-07 00:00:00";"2019-11-07 22:45:00";16;23611;20;10;0;<FLG>
V6155020;V615502001;QINnJ;1;"2019-11-08 00:00:00";"2019-11-08 22:45:00";16;22766;20;10;0;<FLG>
V6155020;V615502001;QINnJ;1;"2019-11-09 00:00:00";"2019-11-09 23:59:59";16;21796;20;10;0;<FLG>
V6155020;V615502001;QINnJ;1;"2019-11-10 00:00:00";"2019-11-10 21:35:00";16;20729;20;10;0;<FLG>
V6155020;V615502001;QINnJ;1;"2019-11-11 00:00:00";"2019-11-11 23:35:00";16;20078;20;10;0;<FLG>
V6155020;V615502001;QINnJ;1;"2019-11-12 00:00:00";"2019-11-12 23:59:59";16;19556;20;10;0;<FLG>
V6155020;V615502001;QINnJ;1;"2019-11-13 00:00:00";"2019-11-13 23:05:00";16;18931;20;10;0;<FLG>
V6155020;V615502001;QINnJ;1;"2019-11-14 00:00:00";"2019-11-14 10:15:00";16;18763;20;10;0;<FLG>
V6155020;V615502001;QINnJ;1;"2019-11-15 00:00:00";"2019-11-15 00:00:00";16;27529;20;10;0;<FLG>
V6155020;V615502001;QINnJ;1;"2019-11-16 00:00:00";"2019-11-16 01:00:00";16;38622;20;10;0;<FLG>
V6155020;V615502001;QINnJ;1;"2019-11-17 00:00:00";"2019-11-17 22:50:00";16;38622;20;10;0;<FLG>
V6155020;V615502001;QINnJ;1;"2019-11-18 00:00:00";"2019-11-18 23:10:00";16;35871;20;10;0;<FLG>
V6155020;V615502001;QINnJ;1;"2019-11-19 00:00:00";"2019-11-19 23:50:00";16;32409;20;10;0;<FLG>
V6155020;V615502001;QINnJ;1;"2019-11-20 00:00:00";"2019-11-20 23:25:00";16;29368;20;10;0;<FLG>
V6155020;V615502001;QINnJ;1;"2019-11-21 00:00:00";"2019-11-21 04:50:00";16;29138;20;10;0;<FLG>
V6155020;V615502001;QINnJ;1;"2019-11-22 00:00:00";"2019-11-22 00:10:00";16;30594;20;10;0;<FLG>
V6155020;V615502001;QINnJ;1;"2019-11-23 00:00:00";"2019-11-23 00:00:00";16;37528;20;10;0;<FLG>
V6155020;V615502001;QINnJ;1;"2019-11-24 00:00:00";"2019-11-24 00:25:00";16;66487;20;10;0;<FLG>
V6155020;V615502001;QINnJ;1;"2019-11-25 00:00:00";"2019-11-25 00:10:00";16;74049;20;10;0;<FLG>
V6155020;V615502001;QINnJ;1;"2019-11-26 00:00:00";"2019-11-26 00:55:00";16;75016;20;10;0;<FLG>
V6155020;V615502001;QINnJ;1;"2019-11-27 00:00:00";"2019-11-27 06:40:00";16;73823;20;10;0;<FLG>
V6155020;V615502001;QINnJ;1;"2019-11-28 00:00:00";"2019-11-28 20:40:00";16;73936;20;10;0;<FLG>
V6155020;V615502001;QINnJ;1;"2019-11-29 00:00:00";"2019-11-29 23:15:00";16;70663;20;10;0;<FLG>
V6155020;V615502001;QINnJ;1;"2019-11-30 00:00:00";"2019-11-30 20:35:00";16;69534;20;10;0;<FLG>
V6155020;V615502001;QINnJ;1;"2019-12-01 00:00:00";"2019-12-01 04:50:00";16;68857;20;10;0;<FLG>
V6155020;V615502001;QINnJ;1;"2019-12-02 00:00:00";"2019-12-02 01:05:00";16;77983;20;10;0;<FLG>
V6155020;V615502001;QINnJ;1;"2019-12-03 00:00:00";"2019-12-03 11:00:00";16;80047;20;10;0;<FLG>
V6155020;V615502001;QINnJ;1;"2019-12-04 00:00:00";"2019-12-04 23:35:00";16;80176;20;10;0;<FLG>
V6155020;V615502001;QINnJ;1;"2019-12-05 00:00:00";"2019-12-05 23:45:00";16;78112;20;10;0;<FLG>
V6155020;V615502001;QINnJ;1;"2019-12-06 00:00:00";"2019-12-06 18:15:00";16;74049;20;10;0;<FLG>
V6155020;V615502001;QINnJ;1;"2019-12-07 00:00:00";"2019-12-07 23:20:00";16;72920;20;10;0;<FLG>
V6155020;V615502001;QINnJ;1;"2019-12-08 00:00:00";"2019-12-08 22:35:00";16;71340;20;10;0;<FLG>
V6155020;V615502001;QINnJ;1;"2019-12-09 00:00:00";"2019-12-09 20:05:00";16;69647;20;10;0;<FLG>
V6155020;V615502001;QINnJ;1;"2019-12-10 00:00:00";"2019-12-10 23:20:00";16;68293;20;10;0;<FLG>
V6155020;V615502001;QINnJ;1;"2019-12-11 00:00:00";"2019-12-11 23:15:00";16;65471;20;10;0;<FLG>
V6155020;V615502001;QINnJ;1;"2019-12-12 00:00:00";"2019-12-12 23:25:00";16;62763;20;10;0;<FLG>
V6155020;V615502001;QINnJ;1;"2019-12-13 00:00:00";"2019-12-13 16:10:00";16;60957;20;10;0;<FLG>
V6155020;V615502001;QINnJ;1;"2019-12-14 00:00:00";"2019-12-14 23:30:00";16;60393;20;10;0;<FLG>
V6155020;V615502001;QINnJ;1;"2019-12-15 00:00:00";"2019-12-15 23:35:00";16;59941;20;10;0;<FLG>
V6155020;V615502001;QINnJ;1;"2019-12-16 00:00:00";"2019-12-16 22:55:00";16;58926;20;10;0;<FLG>
V6155020;V615502001;QINnJ;1;"2019-12-17 00:00:00";"2019-12-17 23:55:00";16;57835;20;10;0;<FLG>
V6155020;V615502001;QINnJ;1;"2019-12-18 00:00:00";"2019-12-18 23:59:59";16;56633;20;10;0;<FLG>
V6155020;V615502001;QINnJ;1;"2019-12-19 00:00:00";"2019-12-19 21:15:00";16;54951;20;10;0;<FLG>
V6155020;V615502001;QINnJ;1;"2019-12-20 00:00:00";"2019-12-20 05:55:00";16;54374;20;10;0;<FLG>
V6155020;V615502001;QINnJ;1;"2019-12-21 00:00:00";"2019-12-21 00:00:00";16;69610;20;10;0;<FLG>
V6155020;V615502001;QINnJ;1;"2019-12-22 00:00:00";"2019-12-22 00:35:00";16;75919;20;10;0;<FLG>
V6155020;V615502001;QINnJ;1;"2019-12-23 00:00:00";"2019-12-23 01:45:00";16;78370;20;10;0;<FLG>
V6155020;V615502001;QINnJ;1;"2019-12-24 00:00:00";"2019-12-24 19:45:00";16;78112;20;10;0;<FLG>
V6155020;V615502001;QINnJ;1;"2019-12-25 00:00:00";"2019-12-25 23:20:00";16;75016;20;10;0;<FLG>
V6155020;V615502001;QINnJ;1;"2019-12-26 00:00:00";"2019-12-26 21:20:00";16;74387;20;10;0;<FLG>
V6155020;V615502001;QINnJ;1;"2019-12-27 00:00:00";"2019-12-27 11:55:00";16;73371;20;10;0;<FLG>
V6155020;V615502001;QINnJ;1;"2019-12-28 00:00:00";"2019-12-28 22:40:00";16;72356;20;10;0;<FLG>
V6155020;V615502001;QINnJ;1;"2019-12-29 00:00:00";"2019-12-29 23:20:00";16;70099;20;10;0;<FLG>
V6155020;V615502001;QINnJ;1;"2019-12-30 00:00:00";"2019-12-30 23:10:00";16;67841;20;10;0;<FLG>
V6155020;V615502001;QINnJ;1;"2019-12-31 00:00:00";"2019-12-31 23:25:00";16;65246;20;10;0;<FLG>
V6155020;V615502001;QINnJ;1;"2020-01-01 00:00:00";"2020-01-01 21:15:00";16;63214;20;10;0;<FLG>
V6155020;V615502001;QINnJ;1;"2020-01-02 00:00:00";"2020-01-02 21:40:00";16;60619;20;10;0;<FLG>
V6155020;V615502001;QINnJ;1;"2020-01-03 00:00:00";"2020-01-03 23:59:59";16;58239;20;10;0;<FLG>
V6155020;V615502001;QINnJ;1;"2020-01-04 00:00:00";"2020-01-04 22:55:00";16;56200;20;10;0;<FLG>
V6155020;V615502001;QINnJ;1;"2020-01-05 00:00:00";"2020-01-05 23:59:59";16;53786;20;10;0;<FLG>
V6155020;V615502001;QINnJ;1;"2020-01-06 00:00:00";"2020-01-06 23:59:59";16;51645;20;10;0;<FLG>
V6155020;V615502001;QINnJ;1;"2020-01-07 00:00:00";"2020-01-07 23:59:59";16;50005;20;10;0;<FLG>
V6155020;V615502001;QINnJ;1;"2020-01-08 00:00:00";"2020-01-08 23:59:59";16;47550;20;10;0;<FLG>
V6155020;V615502001;QINnJ;1;"2020-01-09 00:00:00";"2020-01-09 23:59:59";16;45620;20;10;0;<FLG>
V6155020;V615502001;QINnJ;1;"2020-01-10 00:00:00";"2020-01-10 22:30:00";16;43561;20;10;0;<FLG>
V6155020;V615502001;QINnJ;1;"2020-01-11 00:00:00";"2020-01-11 22:35:00";16;41821;20;10;0;<FLG>
V6155020;V615502001;QINnJ;1;"2020-01-12 00:00:00";"2020-01-12 20:30:00";16;40371;20;10;0;<FLG>
V6155020;V615502001;QINnJ;1;"2020-01-13 00:00:00";"2020-01-13 19:40:00";16;39016;20;10;0;<FLG>
V6155020;V615502001;QINnJ;1;"2020-01-14 00:00:00";"2020-01-14 17:15:00";16;37927;20;10;0;<FLG>
V6155020;V615502001;QINnJ;1;"2020-01-15 00:00:00";"2020-01-15 23:59:59";16;36649;20;10;0;<FLG>
V6155020;V615502001;QINnJ;1;"2020-01-16 00:00:00";"2020-01-16 23:59:59";16;35569;20;10;0;<FLG>
V6155020;V615502001;QINnJ;1;"2020-01-17 00:00:00";"2020-01-17 16:20:00";16;34440;20;10;0;<FLG>
V6155020;V615502001;QINnJ;1;"2020-01-18 00:00:00";"2020-01-18 00:00:00";16;34761;20;10;0;<FLG>
V6155020;V615502001;QINnJ;1;"2020-01-19 00:00:00";"2020-01-19 20:10:00";16;34510;20;10;0;<FLG>
V6155020;V615502001;QINnJ;1;"2020-01-20 00:00:00";"2020-01-20 23:59:59";16;33788;20;10;0;<FLG>
V6155020;V615502001;QINnJ;1;"2020-01-21 00:00:00";"2020-01-21 23:59:59";16;33396;20;10;0;<FLG>
V6155020;V615502001;QINnJ;1;"2020-01-22 00:00:00";"2020-01-22 22:55:00";16;32176;20;10;0;<FLG>
V6155020;V615502001;QINnJ;1;"2020-01-23 00:00:00";"2020-01-23 16:10:00";16;31726;20;10;0;<FLG>
V6155020;V615502001;QINnJ;1;"2020-01-24 00:00:00";"2020-01-24 23:59:59";16;30942;20;10;0;<FLG>
V6155020;V615502001;QINnJ;1;"2020-01-25 00:00:00";"2020-01-25 23:59:59";16;30512;20;10;0;<FLG>
V6155020;V615502001;QINnJ;1;"2020-01-26 00:00:00";"2020-01-26 19:05:00";16;29674;20;10;0;<FLG>
V6155020;V615502001;QINnJ;1;"2020-01-27 00:00:00";"2020-01-27 23:59:59";16;29265;20;10;0;<FLG>
V6155020;V615502001;QINnJ;1;"2020-01-28 00:00:00";"2020-01-28 23:59:59";16;28480;20;10;0;<FLG>
V6155020;V615502001;QINnJ;1;"2020-01-29 00:00:00";"2020-01-29 23:59:59";16;28072;20;10;0;<FLG>
V6155020;V615502001;QINnJ;1;"2020-01-30 00:00:00";"2020-01-30 23:59:59";16;27688;20;10;0;<FLG>
V6155020;V615502001;QINnJ;1;"2020-01-31 00:00:00";"2020-01-31 23:35:00";16;26877;20;10;0;<FLG>
V6155020;V615502001;QINnJ;1;"2020-02-01 00:00:00";"2020-02-01 23:20:00";16;26334;20;10;0;<FLG>
V6155020;V615502001;QINnJ;1;"2020-02-02 00:00:00";"2020-02-02 23:50:00";16;25790;20;10;0;<FLG>
V6155020;V615502001;QINnJ;1;"2020-02-03 00:00:00";"2020-02-03 22:35:00";16;25017;20;10;0;<FLG>
V6155020;V615502001;QINnJ;1;"2020-02-04 00:00:00";"2020-02-04 21:35:00";16;24645;20;10;0;<FLG>
V6155020;V615502001;QINnJ;1;"2020-02-05 00:00:00";"2020-02-05 22:55:00";16;24217;20;10;0;<FLG>
V6155020;V615502001;QINnJ;1;"2020-02-06 00:00:00";"2020-02-06 23:10:00";16;23788;20;10;0;<FLG>
V6155020;V615502001;QINnJ;1;"2020-02-07 00:00:00";"2020-02-07 23:25:00";16;23420;20;10;0;<FLG>
V6155020;V615502001;QINnJ;1;"2020-02-08 00:00:00";"2020-02-08 23:59:59";16;22991;20;10;0;<FLG>
V6155020;V615502001;QINnJ;1;"2020-02-09 00:00:00";"2020-02-09 21:45:00";16;22563;20;10;0;<FLG>
V6155020;V615502001;QINnJ;1;"2020-02-10 00:00:00";"2020-02-10 19:40:00";16;22256;20;10;0;<FLG>
V6155020;V615502001;QINnJ;1;"2020-02-11 00:00:00";"2020-02-11 18:10:00";16;21775;20;10;0;<FLG>
V6155020;V615502001;QINnJ;1;"2020-02-12 00:00:00";"2020-02-12 23:05:00";16;21444;20;10;0;<FLG>
V6155020;V615502001;QINnJ;1;"2020-02-13 00:00:00";"2020-02-13 23:35:00";16;21160;20;10;0;<FLG>
V6155020;V615502001;QINnJ;1;"2020-02-14 00:00:00";"2020-02-14 23:59:59";16;20923;20;10;0;<FLG>
V6155020;V615502001;QINnJ;1;"2020-02-15 00:00:00";"2020-02-15 23:59:59";16;20437;20;10;0;<FLG>
V6155020;V615502001;QINnJ;1;"2020-02-16 00:00:00";"2020-02-16 23:59:59";16;20186;20;10;0;<FLG>
V6155020;V615502001;QINnJ;1;"2020-02-17 00:00:00";"2020-02-17 23:30:00";16;19978;20;10;0;<FLG>
V6155020;V615502001;QINnJ;1;"2020-02-18 00:00:00";"2020-02-18 19:10:00";16;19742;20;10;0;<FLG>
V6155020;V615502001;QINnJ;1;"2020-02-19 00:00:00";"2020-02-19 21:55:00";16;19318;20;10;0;<FLG>
V6155020;V615502001;QINnJ;1;"2020-02-20 00:00:00";"2020-02-20 23:35:00";16;19220;20;10;0;<FLG>
V6155020;V615502001;QINnJ;1;"2020-02-21 00:00:00";"2020-02-21 23:15:00";16;19078;20;10;0;<FLG>
V6155020;V615502001;QINnJ;1;"2020-02-22 00:00:00";"2020-02-22 23:50:00";16;18948;20;10;0;<FLG>
V6155020;V615502001;QINnJ;1;"2020-02-23 00:00:00";"2020-02-23 23:30:00";16;18859;20;10;0;<FLG>
V6155020;V615502001;QINnJ;1;"2020-02-24 00:00:00";"2020-02-24 23:50:00";16;18729;20;10;0;<FLG>
V6155020;V615502001;QINnJ;1;"2020-02-25 00:00:00";"2020-02-25 23:00:00";16;18598;20;10;0;<FLG>
V6155020;V615502001;QINnJ;1;"2020-02-26 00:00:00";"2020-02-26 20:55:00";16;18510;20;10;0;<FLG>
V6155020;V615502001;QINnJ;1;"2020-02-27 00:00:00";"2020-02-27 23:50:00";16;18337;20;10;0;<FLG>
V6155020;V615502001;QINnJ;1;"2020-02-28 00:00:00";"2020-02-28 23:25:00";16;18249;20;10;0;<FLG>
V6155020;V615502001;QINnJ;1;"2020-02-29 00:00:00";"2020-02-29 22:50:00";16;18118;20;10;0;<FLG>
V6155020;V615502001;QINnJ;1;"2020-03-01 00:00:00";"2020-03-01 22:25:00";16;17988;20;10;0;<FLG>
V6155020;V615502001;QINnJ;1;"2020-03-02 00:00:00";"2020-03-02 11:10:00";16;18070;20;10;0;<FLG>
V6155020;V615502001;QINnJ;1;"2020-03-03 00:00:00";"2020-03-03 00:00:00";16;19822;20;10;0;<FLG>
V6155020;V615502001;QINnJ;1;"2020-03-04 00:00:00";"2020-03-04 00:15:00";16;27254;20;10;0;<FLG>
V6155020;V615502001;QINnJ;1;"2020-03-05 00:00:00";"2020-03-05 22:45:00";16;28926;20;10;0;<FLG>
V6155020;V615502001;QINnJ;1;"2020-03-06 00:00:00";"2020-03-06 04:55:00";16;28924;20;10;0;<FLG>
V6155020;V615502001;QINnJ;1;"2020-03-07 00:00:00";"2020-03-07 01:10:00";16;30603;20;10;0;<FLG>
V6155020;V615502001;QINnJ;1;"2020-03-08 00:00:00";"2020-03-08 22:20:00";16;32316;20;10;0;<FLG>
V6155020;V615502001;QINnJ;1;"2020-03-09 00:00:00";"2020-03-09 23:50:00";16;31241;20;10;0;<FLG>
V6155020;V615502001;QINnJ;1;"2020-03-10 00:00:00";"2020-03-10 23:30:00";16;29502;20;10;0;<FLG>
V6155020;V615502001;QINnJ;1;"2020-03-11 00:00:00";"2020-03-11 22:45:00";16;27656;20;10;0;<FLG>
V6155020;V615502001;QINnJ;1;"2020-03-12 00:00:00";"2020-03-12 23:59:59";16;25949;20;10;0;<FLG>
V6155020;V615502001;QINnJ;1;"2020-03-13 00:00:00";"2020-03-13 23:59:59";16;25017;20;10;0;<FLG>
V6155020;V615502001;QINnJ;1;"2020-03-14 00:00:00";"2020-03-14 23:59:59";16;24206;20;10;0;<FLG>
V6155020;V615502001;QINnJ;1;"2020-03-15 00:00:00";"2020-03-15 23:05:00";16;23205;20;10;0;<FLG>
V6155020;V615502001;QINnJ;1;"2020-03-16 00:00:00";"2020-03-16 19:20:00";16;22415;20;10;0;<FLG>
V6155020;V615502001;QINnJ;1;"2020-03-17 00:00:00";"2020-03-17 22:25:00";16;21664;20;10;0;<FLG>
V6155020;V615502001;QINnJ;1;"2020-03-18 00:00:00";"2020-03-18 22:35:00";16;21101;20;10;0;<FLG>
V6155020;V615502001;QINnJ;1;"2020-03-19 00:00:00";"2020-03-19 23:00:00";16;20678;20;10;0;<FLG>
V6155020;V615502001;QINnJ;1;"2020-03-20 00:00:00";"2020-03-20 22:35:00";16;20208;20;10;0;<FLG>
V6155020;V615502001;QINnJ;1;"2020-03-21 00:00:00";"2020-03-21 22:10:00";16;19971;20;10;0;<FLG>
V6155020;V615502001;QINnJ;1;"2020-03-22 00:00:00";"2020-03-22 22:55:00";16;19640;20;10;0;<FLG>
V6155020;V615502001;QINnJ;1;"2020-03-23 00:00:00";"2020-03-23 23:50:00";16;19449;20;10;0;<FLG>
V6155020;V615502001;QINnJ;1;"2020-03-24 00:00:00";"2020-03-24 23:25:00";16;19212;20;10;0;<FLG>
V6155020;V615502001;QINnJ;1;"2020-03-25 00:00:00";"2020-03-25 20:45:00";16;19071;20;10;0;<FLG>
V6155020;V615502001;QINnJ;1;"2020-03-26 00:00:00";"2020-03-26 21:55:00";16;18898;20;10;0;<FLG>
V6155020;V615502001;QINnJ;1;"2020-03-27 00:00:00";"2020-03-27 23:40:00";16;18683;20;10;0;<FLG>
V6155020;V615502001;QINnJ;1;"2020-03-28 00:00:00";"2020-03-28 23:20:00";16;18553;20;10;0;<FLG>
V6155020;V615502001;QINnJ;1;"2020-03-29 00:00:00";"2020-03-29 18:30:00";16;18339;20;10;0;<FLG>
V6155020;V615502001;QINnJ;1;"2020-03-30 00:00:00";"2020-03-30 23:45:00";16;18165;20;10;0;<FLG>
V6155020;V615502001;QINnJ;1;"2020-03-31 00:00:00";"2020-03-31 19:15:00";16;17951;20;10;0;<FLG>
V6155020;V615502001;QINnJ;1;"2020-04-01 00:00:00";"2020-04-01 23:15:00";16;17735;20;10;0;<FLG>
V6155020;V615502001;QINnJ;1;"2020-04-02 00:00:00";"2020-04-02 21:40:00";16;17605;20;10;0;<FLG>
V6155020;V615502001;QINnJ;1;"2020-04-03 00:00:00";"2020-04-03 23:59:59";16;17397;20;10;0;<FLG>
V6155020;V615502001;QINnJ;1;"2020-04-04 00:00:00";"2020-04-04 19:25:00";16;17176;20;10;0;<FLG>
V6155020;V615502001;QINnJ;1;"2020-04-05 00:00:00";"2020-04-05 23:05:00";16;16960;20;10;0;<FLG>
V6155020;V615502001;QINnJ;1;"2020-04-06 00:00:00";"2020-04-06 23:00:00";16;16745;20;10;0;<FLG>
V6155020;V615502001;QINnJ;1;"2020-04-07 00:00:00";"2020-04-07 23:35:00";16;16572;20;10;0;<FLG>
V6155020;V615502001;QINnJ;1;"2020-04-08 00:00:00";"2020-04-08 22:55:00";16;16315;20;10;0;<FLG>
V6155020;V615502001;QINnJ;1;"2020-04-09 00:00:00";"2020-04-09 21:25:00";16;16143;20;10;0;<FLG>
V6155020;V615502001;QINnJ;1;"2020-04-10 00:00:00";"2020-04-10 20:10:00";16;16013;20;10;0;<FLG>
V6155020;V615502001;QINnJ;1;"2020-04-11 00:00:00";"2020-04-11 23:10:00";16;15839;20;10;0;<FLG>
V6155020;V615502001;QINnJ;1;"2020-04-12 00:00:00";"2020-04-12 23:25:00";16;15624;20;10;0;<FLG>
V6155020;V615502001;QINnJ;1;"2020-04-13 00:00:00";"2020-04-13 20:35:00";16;15542;20;10;0;<FLG>
V6155020;V615502001;QINnJ;1;"2020-04-14 00:00:00";"2020-04-14 23:40:00";16;15421;20;10;0;<FLG>
V6155020;V615502001;QINnJ;1;"2020-04-15 00:00:00";"2020-04-15 21:25:00";16;15262;20;10;0;<FLG>
V6155020;V615502001;QINnJ;1;"2020-04-16 00:00:00";"2020-04-16 20:45:00";16;15142;20;10;0;<FLG>
V6155020;V615502001;QINnJ;1;"2020-04-17 00:00:00";"2020-04-17 17:50:00";16;14984;20;10;0;<FLG>
V6155020;V615502001;QINnJ;1;"2020-04-18 00:00:00";"2020-04-18 20:35:00";16;14824;20;10;0;<FLG>
V6155020;V615502001;QINnJ;1;"2020-04-19 00:00:00";"2020-04-19 23:45:00";16;14704;20;10;0;<FLG>
V6155020;V615502001;QINnJ;1;"2020-04-20 00:00:00";"2020-04-20 18:40:00";16;14662;20;10;0;<FLG>
V6155020;V615502001;QINnJ;1;"2020-04-21 00:00:00";"2020-04-21 22:50:00";16;14696;20;10;0;<FLG>
V6155020;V615502001;QINnJ;1;"2020-04-22 00:00:00";"2020-04-22 23:15:00";16;14576;20;10;0;<FLG>
V6155020;V615502001;QINnJ;1;"2020-04-23 00:00:00";"2020-04-23 21:35:00";16;14456;20;10;0;<FLG>
V6155020;V615502001;QINnJ;1;"2020-04-24 00:00:00";"2020-04-24 16:40:00";16;14298;20;10;0;<FLG>
V6155020;V615502001;QINnJ;1;"2020-04-25 00:00:00";"2020-04-25 00:00:00";16;14469;20;10;0;<FLG>
V6155020;V615502001;QINnJ;1;"2020-04-26 00:00:00";"2020-04-26 01:50:00";16;14759;20;10;0;<FLG>
V6155020;V615502001;QINnJ;1;"2020-04-27 00:00:00";"2020-04-27 08:45:00";16;14754;20;10;0;<FLG>
V6155020;V615502001;QINnJ;1;"2020-04-28 00:00:00";"2020-04-28 04:10:00";16;14906;20;10;0;<FLG>
V6155020;V615502001;QINnJ;1;"2020-04-29 00:00:00";"2020-04-29 00:50:00";16;15291;20;10;0;<FLG>
V6155020;V615502001;QINnJ;1;"2020-04-30 00:00:00";"2020-04-30 00:55:00";16;15977;20;10;0;<FLG>
V6155020;V615502001;QINnJ;1;"2020-05-01 00:00:00";"2020-05-01 18:25:00";16;16096;20;10;0;<FLG>
V6155020;V615502001;QINnJ;1;"2020-05-02 00:00:00";"2020-05-02 19:50:00";16;15966;20;10;0;<FLG>
V6155020;V615502001;QINnJ;1;"2020-05-03 00:00:00";"2020-05-03 23:00:00";16;15792;20;10;0;<FLG>
V6155020;V615502001;QINnJ;1;"2020-05-04 00:00:00";"2020-05-04 23:59:59";16;15619;20;10;0;<FLG>
V6155020;V615502001;QINnJ;1;"2020-05-05 00:00:00";"2020-05-05 23:00:00";16;15343;20;10;0;<FLG>
V6155020;V615502001;QINnJ;1;"2020-05-06 00:00:00";"2020-05-06 20:15:00";16;15145;20;10;0;<FLG>
V6155020;V615502001;QINnJ;1;"2020-05-07 00:00:00";"2020-05-07 23:05:00";16;14947;20;10;0;<FLG>
V6155020;V615502001;QINnJ;1;"2020-05-08 00:00:00";"2020-05-08 23:59:59";16;14786;20;10;0;<FLG>
V6155020;V615502001;QINnJ;1;"2020-05-09 00:00:00";"2020-05-09 22:20:00";16;14552;20;10;0;<FLG>
V6155020;V615502001;QINnJ;1;"2020-05-10 00:00:00";"2020-05-10 21:05:00";16;14432;20;10;0;<FLG>
V6155020;V615502001;QINnJ;1;"2020-05-11 00:00:00";"2020-05-11 01:45:00";16;14509;20;10;0;<FLG>
V6155020;V615502001;QINnJ;1;"2020-05-12 00:00:00";"2020-05-12 00:00:00";16;18440;20;10;0;<FLG>
V6155020;V615502001;QINnJ;1;"2020-05-13 00:00:00";"2020-05-13 00:00:00";16;25040;20;10;0;<FLG>
V6155020;V615502001;QINnJ;1;"2020-05-14 00:00:00";"2020-05-14 22:20:00";16;26725;20;10;0;<FLG>
V6155020;V615502001;QINnJ;1;"2020-05-15 00:00:00";"2020-05-15 23:50:00";16;25031;20;10;0;<FLG>
V6155020;V615502001;QINnJ;1;"2020-05-16 00:00:00";"2020-05-16 22:50:00";16;23570;20;10;0;<FLG>
V6155020;V615502001;QINnJ;1;"2020-05-17 00:00:00";"2020-05-17 01:00:00";16;23509;20;10;0;<FLG>
V6155020;V615502001;QINnJ;1;"2020-05-18 00:00:00";"2020-05-18 00:45:00";16;26932;20;10;0;<FLG>
V6155020;V615502001;QINnJ;1;"2020-05-19 00:00:00";"2020-05-19 00:00:00";16;31527;20;10;0;<FLG>
V6155020;V615502001;QINnJ;1;"2020-05-20 00:00:00";"2020-05-20 23:50:00";16;31248;20;10;0;<FLG>
V6155020;V615502001;QINnJ;1;"2020-05-21 00:00:00";"2020-05-21 23:59:59";16;29278;20;10;0;<FLG>
V6155020;V615502001;QINnJ;1;"2020-05-22 00:00:00";"2020-05-22 23:45:00";16;26742;20;10;0;<FLG>
V6155020;V615502001;QINnJ;1;"2020-05-23 00:00:00";"2020-05-23 23:59:59";16;24297;20;10;0;<FLG>
V6155020;V615502001;QINnJ;1;"2020-05-24 00:00:00";"2020-05-24 23:59:59";16;22799;20;10;0;<FLG>
V6155020;V615502001;QINnJ;1;"2020-05-25 00:00:00";"2020-05-25 23:59:59";16;21634;20;10;0;<FLG>
V6155020;V615502001;QINnJ;1;"2020-05-26 00:00:00";"2020-05-26 23:35:00";16;20699;20;10;0;<FLG>
V6155020;V615502001;QINnJ;1;"2020-05-27 00:00:00";"2020-05-27 23:30:00";16;19950;20;10;0;<FLG>
V6155020;V615502001;QINnJ;1;"2020-05-28 00:00:00";"2020-05-28 23:25:00";16;19526;20;10;0;<FLG>
V6155020;V615502001;QINnJ;1;"2020-05-29 00:00:00";"2020-05-29 19:15:00";16;19383;20;10;0;<FLG>
V6155020;V615502001;QINnJ;1;"2020-05-30 00:00:00";"2020-05-30 20:45:00";16;19057;20;10;0;<FLG>
V6155020;V615502001;QINnJ;1;"2020-05-31 00:00:00";"2020-05-31 23:59:00";16;18757;20;10;0;<FLG>
V6155020;V615502001;QINnJ;1;"2020-06-01 00:00:00";"2020-06-01 22:55:00";16;18500;20;10;0;<FLG>
V6155020;V615502001;QINnJ;1;"2020-06-02 00:00:00";"2020-06-02 22:15:00";16;18201;20;10;0;<FLG>
V6155020;V615502001;QINnJ;1;"2020-06-03 00:00:00";"2020-06-03 18:35:00";16;17987;20;10;0;<FLG>
V6155020;V615502001;QINnJ;1;"2020-06-04 00:00:00";"2020-06-04 22:30:00";16;17476;20;10;0;<FLG>
V6155020;V615502001;QINnJ;1;"2020-06-05 00:00:00";"2020-06-05 06:15:00";16;17517;20;10;0;<FLG>
V6155020;V615502001;QINnJ;1;"2020-06-06 00:00:00";"2020-06-06 23:59:59";16;17511;20;10;0;<FLG>
V6155020;V615502001;QINnJ;1;"2020-06-07 00:00:00";"2020-06-07 22:00:00";16;17337;20;10;0;<FLG>
V6155020;V615502001;QINnJ;1;"2020-06-08 00:00:00";"2020-06-08 23:59:59";16;17115;20;10;0;<FLG>
V6155020;V615502001;QINnJ;1;"2020-06-09 00:00:00";"2020-06-09 21:10:00";16;16823;20;10;0;<FLG>
V6155020;V615502001;QINnJ;1;"2020-06-10 00:00:00";"2020-06-10 22:30:00";16;16608;20;10;0;<FLG>
V6155020;V615502001;QINnJ;1;"2020-06-11 00:00:00";"2020-06-11 22:45:00";16;16140;20;10;0;<FLG>
V6155020;V615502001;QINnJ;1;"2020-06-12 00:00:00";"2020-06-12 17:40:00";16;16011;20;10;0;<FLG>
V6155020;V615502001;QINnJ;1;"2020-06-13 00:00:00";"2020-06-13 14:00:00";16;15923;20;10;0;<FLG>
V6155020;V615502001;QINnJ;1;"2020-06-14 00:00:00";"2020-06-14 01:40:00";16;16005;20;10;0;<FLG>
V6155020;V615502001;QINnJ;1;"2020-06-15 00:00:00";"2020-06-15 01:05:00";16;16592;20;10;0;<FLG>
V6155020;V615502001;QINnJ;1;"2020-06-16 00:00:00";"2020-06-16 23:59:59";16;16584;20;10;0;<FLG>
V6155020;V615502001;QINnJ;1;"2020-06-17 00:00:00";"2020-06-17 21:45:00";16;16200;20;10;0;<FLG>
V6155020;V615502001;QINnJ;1;"2020-06-18 00:00:00";"2020-06-18 21:30:00";16;15901;20;10;0;<FLG>
V6155020;V615502001;QINnJ;1;"2020-06-19 00:00:00";"2020-06-19 23:59:59";16;15526;20;10;0;<FLG>
V6155020;V615502001;QINnJ;1;"2020-06-20 00:00:00";"2020-06-20 18:20:00";16;15327;20;10;0;<FLG>
V6155020;V615502001;QINnJ;1;"2020-06-21 00:00:00";"2020-06-21 23:35:00";16;14779;20;10;0;<FLG>
V6155020;V615502001;QINnJ;1;"2020-06-22 00:00:00";"2020-06-22 22:40:00";16;14504;20;10;0;<FLG>
V6155020;V615502001;QINnJ;1;"2020-06-23 00:00:00";"2020-06-23 18:00:00";16;14307;20;10;0;<FLG>
V6155020;V615502001;QINnJ;1;"2020-06-24 00:00:00";"2020-06-24 22:35:00";16;14070;20;10;0;<FLG>
V6155020;V615502001;QINnJ;1;"2020-06-25 00:00:00";"2020-06-25 20:05:00";16;13911;20;10;0;<FLG>
V6155020;V615502001;QINnJ;1;"2020-06-26 00:00:00";"2020-06-26 22:30:00";16;13752;20;10;0;<FLG>
V6155020;V615502001;QINnJ;1;"2020-06-27 00:00:00";"2020-06-27 22:55:00";16;13515;20;10;0;<FLG>
V6155020;V615502001;QINnJ;1;"2020-06-28 00:00:00";"2020-06-28 20:55:00";16;13356;20;10;0;<FLG>
V6155020;V615502001;QINnJ;1;"2020-06-29 00:00:00";"2020-06-29 23:05:00";16;13197;20;10;0;<FLG>
V6155020;V615502001;QINnJ;1;"2020-06-30 00:00:00";"2020-06-30 20:50:00";16;13077;20;10;0;<FLG>
V6155020;V615502001;QINnJ;1;"2020-07-01 00:00:00";"2020-07-01 21:35:00";16;12918;20;10;0;<FLG>
V6155020;V615502001;QINnJ;1;"2020-07-02 00:00:00";"2020-07-02 19:00:00";16;12721;20;10;0;<FLG>
V6155020;V615502001;QINnJ;1;"2020-07-03 00:00:00";"2020-07-03 13:50:00";16;12602;20;10;0;<FLG>
V6155020;V615502001;QINnJ;1;"2020-07-04 00:00:00";"2020-07-04 17:10:00";16;12442;20;10;0;<FLG>
V6155020;V615502001;QINnJ;1;"2020-07-05 00:00:00";"2020-07-05 22:35:00";16;12205;20;10;0;<FLG>
V6155020;V615502001;QINnJ;1;"2020-07-06 00:00:00";"2020-07-06 21:20:00";16;12046;20;10;0;<FLG>
V6155020;V615502001;QINnJ;1;"2020-07-07 00:00:00";"2020-07-07 23:59:59";16;11945;20;10;0;<FLG>
V6155020;V615502001;QINnJ;1;"2020-07-08 00:00:00";"2020-07-08 22:20:00";16;11767;20;10;0;<FLG>
V6155020;V615502001;QINnJ;1;"2020-07-09 00:00:00";"2020-07-09 23:59:59";16;11625;20;10;0;<FLG>
V6155020;V615502001;QINnJ;1;"2020-07-10 00:00:00";"2020-07-10 23:59:59";16;11512;20;10;0;<FLG>
V6155020;V615502001;QINnJ;1;"2020-07-11 00:00:00";"2020-07-11 19:15:00";16;11251;20;10;0;<FLG>
V6155020;V615502001;QINnJ;1;"2020-07-12 00:00:00";"2020-07-12 21:20:00";16;11209;20;10;0;<FLG>
V6155020;V615502001;QINnJ;1;"2020-07-13 00:00:00";"2020-07-13 22:50:00";16;11011;20;10;0;<FLG>
V6155020;V615502001;QINnJ;1;"2020-07-14 00:00:00";"2020-07-14 19:10:00";16;10930;20;10;0;<FLG>
V6155020;V615502001;QINnJ;1;"2020-07-15 00:00:00";"2020-07-15 23:59:59";16;10848;20;10;0;<FLG>
V6155020;V615502001;QINnJ;1;"2020-07-16 00:00:00";"2020-07-16 18:40:00";16;10728;20;10;0;<FLG>
V6155020;V615502001;QINnJ;1;"2020-07-17 00:00:00";"2020-07-17 23:59:59";16;10660;20;10;0;<FLG>
V6155020;V615502001;QINnJ;1;"2020-07-18 00:00:00";"2020-07-18 23:59:59";16;10495;20;10;0;<FLG>
V6155020;V615502001;QINnJ;1;"2020-07-19 00:00:00";"2020-07-19 23:59:59";16;10351;20;10;0;<FLG>
V6155020;V615502001;QINnJ;1;"2020-07-20 00:00:00";"2020-07-20 23:59:59";16;10234;20;10;0;<FLG>
V6155020;V615502001;QINnJ;1;"2020-07-21 00:00:00";"2020-07-21 23:59:59";16;10132;20;10;0;<FLG>
V6155020;V615502001;QINnJ;1;"2020-07-22 00:00:00";"2020-07-22 23:59:59";16;10065;20;10;0;<FLG>
V6155020;V615502001;QINnJ;1;"2020-07-23 00:00:00";"2020-07-23 22:45:00";16;10035;20;10;0;<FLG>
V6155020;V615502001;QINnJ;1;"2020-07-24 00:00:00";"2020-07-24 17:25:00";16;9943;20;10;0;<FLG>
V6155020;V615502001;QINnJ;1;"2020-07-25 00:00:00";"2020-07-25 23:05:00";16;9880;20;10;0;<FLG>
V6155020;V615502001;QINnJ;1;"2020-07-26 00:00:00";"2020-07-26 20:05:00";16;9638;20;10;0;<FLG>
V6155020;V615502001;QINnJ;1;"2020-07-27 00:00:00";"2020-07-27 23:05:00";16;9545;20;10;0;<FLG>
V6155020;V615502001;QINnJ;1;"2020-07-28 00:00:00";"2020-07-28 18:00:00";16;9513;20;10;0;<FLG>
V6155020;V615502001;QINnJ;1;"2020-07-29 00:00:00";"2020-07-29 21:20:00";16;9450;20;10;0;<FLG>
V6155020;V615502001;QINnJ;1;"2020-07-30 00:00:00";"2020-07-30 20:45:00";16;9417;20;10;0;<FLG>
V6155020;V615502001;QINnJ;1;"2020-07-31 00:00:00";"2020-07-31 16:15:00";16;9355;20;10;0;<FLG>
V6155020;V615502001;QINnJ;1;"2020-08-01 00:00:00";"2020-08-01 17:25:00";16;9260;20;10;0;<FLG>
V6155020;V615502001;QINnJ;1;"2020-08-02 00:00:00";"2020-08-02 23:59:59";16;9317;20;10;0;<FLG>
V6155020;V615502001;QINnJ;1;"2020-08-03 00:00:00";"2020-08-03 16:45:00";16;8979;20;10;0;<FLG>
V6155020;V615502001;QINnJ;1;"2020-08-04 00:00:00";"2020-08-04 10:18:00";16;8975;20;10;0;<FLG>
V6155020;V615502001;QINnJ;1;"2020-08-05 00:00:00";"2020-08-05 20:38:00";16;8996;20;10;0;<FLG>
V6155020;V615502001;QINnJ;1;"2020-08-06 00:00:00";"2020-08-06 23:59:59";16;8927;20;10;0;<FLG>
V6155020;V615502001;QINnJ;1;"2020-08-07 00:00:00";"2020-08-07 03:15:00";16;8899;20;10;0;<FLG>
V6155020;V615502001;QINnJ;1;"2020-08-08 00:00:00";"2020-08-08 02:55:00";16;8893;20;10;0;<FLG>
V6155020;V615502001;QINnJ;1;"2020-08-09 00:00:00";"2020-08-09 23:59:59";16;8854;20;10;0;<FLG>
V6155020;V615502001;QINnJ;1;"2020-08-10 00:00:00";"2020-08-10 23:59:59";16;8696;20;10;0;<FLG>
V6155020;V615502001;QINnJ;1;"2020-08-11 00:00:00";"2020-08-11 19:37:00";16;8601;20;10;0;<FLG>
V6155020;V615502001;QINnJ;1;"2020-08-12 00:00:00";"2020-08-12 23:59:59";16;8590;20;10;0;<FLG>
V6155020;V615502001;QINnJ;1;"2020-08-13 00:00:00";"2020-08-13 18:40:00";16;8410;20;10;0;<FLG>
V6155020;V615502001;QINnJ;1;"2020-08-14 00:00:00";"2020-08-14 00:00:00";16;8419;20;10;0;<FLG>
V6155020;V615502001;QINnJ;1;"2020-08-15 00:00:00";"2020-08-15 20:05:00";16;8368;20;10;0;<FLG>
V6155020;V615502001;QINnJ;1;"2020-08-16 00:00:00";"2020-08-16 19:32:00";16;8362;20;10;0;<FLG>
V6155020;V615502001;QINnJ;1;"2020-08-17 00:00:00";"2020-08-17 09:48:00";16;8358;20;10;0;<FLG>
V6155020;V615502001;QINnJ;1;"2020-08-18 00:00:00";"2020-08-18 19:50:00";16;8319;20;10;0;<FLG>
V6155020;V615502001;QINnJ;1;"2020-08-19 00:00:00";"2020-08-19 23:08:00";16;8074;20;10;0;<FLG>
V6155020;V615502001;QINnJ;1;"2020-08-20 00:00:00";"2020-08-20 20:58:00";16;8068;20;10;0;<FLG>
V6155020;V615502001;QINnJ;1;"2020-08-21 00:00:00";"2020-08-21 22:23:00";16;8032;20;10;0;<FLG>
V6155020;V615502001;QINnJ;1;"2020-08-22 00:00:00";"2020-08-22 23:52:00";16;7892;20;10;0;<FLG>
V6155020;V615502001;QINnJ;1;"2020-08-23 00:00:00";"2020-08-23 13:10:00";16;7889;20;10;0;<FLG>
V6155020;V615502001;QINnJ;1;"2020-08-24 00:00:00";"2020-08-24 04:28:00";16;7936;20;10;0;<FLG>
V6155020;V615502001;QINnJ;1;"2020-08-25 00:00:00";"2020-08-25 23:59:59";16;7766;20;10;0;<FLG>
V6155020;V615502001;QINnJ;1;"2020-08-26 00:00:00";"2020-08-26 04:35:00";16;7725;20;10;0;<FLG>
V6155020;V615502001;QINnJ;1;"2020-08-27 00:00:00";"2020-08-27 23:59:59";16;7738;20;10;0;<FLG>
V6155020;V615502001;QINnJ;1;"2020-08-28 00:00:00";"2020-08-28 17:28:00";16;7686;20;10;0;<FLG>
V6155020;V615502001;QINnJ;1;"2020-08-29 00:00:00";"2020-08-29 23:59:59";16;7806;20;10;0;<FLG>
V6155020;V615502001;QINnJ;1;"2020-08-30 00:00:00";"2020-08-30 09:35:00";16;7501;20;10;0;<FLG>
V6155020;V615502001;QINnJ;1;"2020-08-31 00:00:00";"2020-08-31 23:59:00";16;7544;20;10;0;<FLG>
V6155020;V615502001;QINnJ;1;"2020-09-01 00:00:00";"2020-09-01 14:40:00";16;7465;20;10;0;<FLG>
V6155020;V615502001;QINnJ;1;"2020-09-02 00:00:00";"2020-09-02 22:15:00";16;7433;20;10;0;<FLG>
V6155020;V615502001;QINnJ;1;"2020-09-03 00:00:00";"2020-09-03 22:25:00";16;7403;20;10;0;<FLG>
V6155020;V615502001;QINnJ;1;"2020-09-04 00:00:00";"2020-09-04 23:59:59";16;7373;20;10;0;<FLG>
V6155020;V615502001;QINnJ;1;"2020-09-05 00:00:00";"2020-09-05 00:05:00";16;7372;20;10;0;<FLG>
V6155020;V615502001;QINnJ;1;"2020-09-06 00:00:00";"2020-09-06 23:59:59";16;7416;20;10;0;<FLG>
V6155020;V615502001;QINnJ;1;"2020-09-07 00:00:00";"2020-09-07 23:59:59";16;7402;20;10;0;<FLG>
V6155020;V615502001;QINnJ;1;"2020-09-08 00:00:00";"2020-09-08 21:35:00";16;7327;20;10;0;<FLG>
V6155020;V615502001;QINnJ;1;"2020-09-09 00:00:00";"2020-09-09 16:55:00";16;7297;20;10;0;<FLG>
V6155020;V615502001;QINnJ;1;"2020-09-10 00:00:00";"2020-09-10 14:10:00";16;7268;20;10;0;<FLG>
V6155020;V615502001;QINnJ;1;"2020-09-11 00:00:00";"2020-09-11 20:50:00";16;7211;20;10;0;<FLG>
V6155020;V615502001;QINnJ;1;"2020-09-12 00:00:00";"2020-09-12 09:25:00";16;7158;20;10;0;<FLG>
V6155020;V615502001;QINnJ;1;"2020-09-13 00:00:00";"2020-09-13 20:15:00";16;7049;20;10;0;<FLG>
V6155020;V615502001;QINnJ;1;"2020-09-14 00:00:00";"2020-09-14 22:05:00";16;7019;20;10;0;<FLG>
V6155020;V615502001;QINnJ;1;"2020-09-15 00:00:00";"2020-09-15 09:10:00";16;6991;20;10;0;<FLG>
V6155020;V615502001;QINnJ;1;"2020-09-16 00:00:00";"2020-09-16 21:45:00";16;7009;20;10;0;<FLG>
V6155020;V615502001;QINnJ;1;"2020-09-17 00:00:00";"2020-09-17 22:35:00";16;6902;20;10;0;<FLG>
V6155020;V615502001;QINnJ;1;"2020-09-18 00:00:00";"2020-09-18 15:25:00";16;6899;20;10;0;<FLG>
V6155020;V615502001;QINnJ;1;"2020-09-19 00:00:00";"2020-09-19 10:45:00";16;6924;20;10;0;<FLG>
V6155020;V615502001;QINnJ;1;"2020-09-20 00:00:00";"2020-09-20 13:20:00";16;6902;20;10;0;<FLG>
V6155020;V615502001;QINnJ;1;"2020-09-21 00:00:00";"2020-09-21 04:45:00";16;6980;20;10;0;<FLG>
V6155020;V615502001;QINnJ;1;"2020-09-22 00:00:00";"2020-09-22 05:05:00";16;7110;20;10;0;<FLG>
V6155020;V615502001;QINnJ;1;"2020-09-23 00:00:00";"2020-09-23 00:05:00";16;7263;20;10;0;<FLG>
V6155020;V615502001;QINnJ;1;"2020-09-24 00:00:00";"2020-09-24 04:55:00";16;7268;20;10;0;<FLG>
V6155020;V615502001;QINnJ;1;"2020-09-25 00:00:00";"2020-09-25 02:20:00";16;7296;20;10;0;<FLG>
V6155020;V615502001;QINnJ;1;"2020-09-26 00:00:00";"2020-09-26 01:20:00";16;7425;20;10;0;<FLG>
V6155020;V615502001;QINnJ;1;"2020-09-27 00:00:00";"2020-09-27 07:50:00";16;7404;20;10;0;<FLG>
V6155020;V615502001;QINnJ;1;"2020-09-28 00:00:00";"2020-09-28 23:59:59";16;7318;20;10;0;<FLG>
V6155020;V615502001;QINnJ;1;"2020-09-29 00:00:00";"2020-09-29 21:40:00";16;7187;20;10;0;<FLG>
V6155020;V615502001;QINnJ;1;"2020-09-30 00:00:00";"2020-09-30 20:00:00";16;7064;20;10;0;<FLG>
V6155020;V615502001;QINnJ;1;"2020-10-01 00:00:00";"2020-10-01 13:10:00";16;7066;20;10;0;<FLG>
V6155020;V615502001;QINnJ;1;"2020-10-02 00:00:00";"2020-10-02 01:35:00";16;7093;20;10;0;<FLG>
V6155020;V615502001;QINnJ;1;"2020-10-03 00:00:00";"2020-10-03 00:00:00";16;7921;20;10;0;<FLG>
V6155020;V615502001;QINnJ;1;"2020-10-04 00:00:00";"2020-10-04 03:05:00";16;9566;20;10;0;<FLG>
V6155020;V615502001;QINnJ;1;"2020-10-05 00:00:00";"2020-10-05 21:10:00";16;9812;20;10;0;<FLG>
V6155020;V615502001;QINnJ;1;"2020-10-06 00:00:00";"2020-10-06 23:59:59";16;9622;20;10;0;<FLG>
V6155020;V615502001;QINnJ;1;"2020-10-07 00:00:00";"2020-10-07 06:30:00";16;9519;20;10;0;<FLG>
V6155020;V615502001;QINnJ;1;"2020-10-08 00:00:00";"2020-10-08 23:59:59";16;9452;20;10;0;<FLG>
V6155020;V615502001;QINnJ;1;"2020-10-09 00:00:00";"2020-10-09 23:59:59";16;9294;20;10;0;<FLG>
V6155020;V615502001;QINnJ;1;"2020-10-10 00:00:00";"2020-10-10 21:55:00";16;9056;20;10;0;<FLG>
V6155020;V615502001;QINnJ;1;"2020-10-11 00:00:00";"2020-10-11 21:50:00";16;8821;20;10;0;<FLG>
V6155020;V615502001;QINnJ;1;"2020-10-12 00:00:00";"2020-10-12 23:59:59";16;8639;20;10;0;<FLG>
V6155020;V615502001;QINnJ;1;"2020-10-13 00:00:00";"2020-10-13 22:45:00";16;8441;20;10;0;<FLG>
V6155020;V615502001;QINnJ;1;"2020-10-14 00:00:00";"2020-10-14 18:30:00";16;8265;20;10;0;<FLG>
V6155020;V615502001;QINnJ;1;"2020-10-15 00:00:00";"2020-10-15 12:15:00";16;8059;20;10;0;<FLG>
V6155020;V615502001;QINnJ;1;"2020-10-16 00:00:00";"2020-10-16 23:55:00";16;7850;20;10;0;<FLG>
V6155020;V615502001;QINnJ;1;"2020-10-17 00:00:00";"2020-10-17 23:59:59";16;7726;20;10;0;<FLG>
V6155020;V615502001;QINnJ;1;"2020-10-18 00:00:00";"2020-10-18 23:45:00";16;7479;20;10;0;<FLG>
V6155020;V615502001;QINnJ;1;"2020-10-19 00:00:00";"2020-10-19 23:59:59";16;7444;20;10;0;<FLG>
V6155020;V615502001;QINnJ;1;"2020-10-20 00:00:00";"2020-10-20 18:55:00";16;7309;20;10;0;<FLG>
V6155020;V615502001;QINnJ;1;"2020-10-21 00:00:00";"2020-10-21 14:30:00";16;7236;20;10;0;<FLG>
V6155020;V615502001;QINnJ;1;"2020-10-22 00:00:00";"2020-10-22 19:40:00";16;7140;20;10;0;<FLG>
V6155020;V615502001;QINnJ;1;"2020-10-23 00:00:00";"2020-10-23 10:00:00";16;7066;20;10;0;<FLG>
V6155020;V615502001;QINnJ;1;"2020-10-24 00:00:00";"2020-10-24 00:00:00";16;7800;20;10;0;<FLG>
V6155020;V615502001;QINnJ;1;"2020-10-25 00:00:00";"2020-10-25 01:35:00";16;9741;20;10;0;<FLG>
V6155020;V615502001;QINnJ;1;"2020-10-26 00:00:00";"2020-10-26 04:50:00";16;9746;20;10;0;<FLG>
V6155020;V615502001;QINnJ;1;"2020-10-27 00:00:00";"2020-10-27 00:20:00";16;9898;20;10;0;<FLG>
V6155020;V615502001;QINnJ;1;"2020-10-28 00:00:00";"2020-10-28 22:35:00";16;10145;20;10;0;<FLG>
V6155020;V615502001;QINnJ;1;"2020-10-29 00:00:00";"2020-10-29 21:50:00";16;9850;20;10;0;<FLG>
V6155020;V615502001;QINnJ;1;"2020-10-30 00:00:00";"2020-10-30 23:25:00";16;9526;20;10;0;<FLG>
V6155020;V615502001;QINnJ;1;"2020-10-31 00:00:00";"2020-10-31 23:59:59";16;9292;20;10;0;<FLG>
V6155020;V615502001;QINnJ;1;"2020-11-01 00:00:00";"2020-11-01 23:59:59";16;8984;20;10;0;<FLG>
V6155020;V615502001;QINnJ;1;"2020-11-02 00:00:00";"2020-11-02 23:59:59";16;8814;20;10;0;<FLG>
V6155020;V615502001;QINnJ;1;"2020-11-03 00:00:00";"2020-11-03 23:59:59";16;8542;20;10;0;<FLG>
V6155020;V615502001;QINnJ;1;"2020-11-04 00:00:00";"2020-11-04 23:59:59";16;8342;20;10;0;<FLG>
V6155020;V615502001;QINnJ;1;"2020-11-05 00:00:00";"2020-11-05 23:59:59";16;8103;20;10;0;<FLG>
V6155020;V615502001;QINnJ;1;"2020-11-06 00:00:00";"2020-11-06 23:59:59";16;7869;20;10;0;<FLG>
V6155020;V615502001;QINnJ;1;"2020-11-07 00:00:00";"2020-11-07 23:59:59";16;7778;20;10;0;<FLG>
V6155020;V615502001;QINnJ;1;"2020-11-08 00:00:00";"2020-11-08 10:48:00";16;7751;20;10;0;<FLG>
V6155020;V615502001;QINnJ;1;"2020-11-09 00:00:00";"2020-11-09 00:00:00";16;8328;20;10;0;<FLG>
V6155020;V615502001;QINnJ;1;"2020-11-10 00:00:00";"2020-11-10 00:00:00";16;9372;20;10;0;<FLG>
V6155020;V615502001;QINnJ;1;"2020-11-11 00:00:00";"2020-11-11 23:59:59";16;9206;20;10;0;<FLG>
V6155020;V615502001;QINnJ;1;"2020-11-12 00:00:00";"2020-11-12 23:59:59";16;9032;20;10;0;<FLG>
V6155020;V615502001;QINnJ;1;"2020-11-13 00:00:00";"2020-11-13 23:59:59";16;8798;20;10;0;<FLG>
V6155020;V615502001;QINnJ;1;"2020-11-14 00:00:00";"2020-11-14 23:59:59";16;8676;20;10;0;<FLG>
V6155020;V615502001;QINnJ;1;"2020-11-15 00:00:00";"2020-11-15 23:59:59";16;8513;20;10;0;<FLG>
V6155020;V615502001;QINnJ;1;"2020-11-16 00:00:00";"2020-11-16 07:49:00";16;8458;20;10;0;<FLG>
V6155020;V615502001;QINnJ;1;"2020-11-17 00:00:00";"2020-11-17 00:00:00";16;8555;20;10;0;<FLG>
V6155020;V615502001;QINnJ;1;"2020-11-18 00:00:00";"2020-11-18 00:00:00";16;8698;20;10;0;<FLG>
V6155020;V615502001;QINnJ;1;"2020-11-19 00:00:00";"2020-11-19 23:59:59";16;8773;20;10;0;<FLG>
V6155020;V615502001;QINnJ;1;"2020-11-20 00:00:00";"2020-11-20 23:59:59";16;8671;20;10;0;<FLG>
V6155020;V615502001;QINnJ;1;"2020-11-21 00:00:00";"2020-11-21 23:59:59";16;8545;20;10;0;<FLG>
V6155020;V615502001;QINnJ;1;"2020-11-22 00:00:00";"2020-11-22 23:59:59";16;8404;20;10;0;<FLG>
V6155020;V615502001;QINnJ;1;"2020-11-23 00:00:00";"2020-11-23 23:59:59";16;8263;20;10;0;<FLG>
V6155020;V615502001;QINnJ;1;"2020-11-24 00:00:00";"2020-11-24 23:59:59";16;8122;20;10;0;<FLG>
V6155020;V615502001;QINnJ;1;"2020-11-25 00:00:00";"2020-11-25 23:59:59";16;7981;20;10;0;<FLG>
V6155020;V615502001;QINnJ;1;"2020-11-26 00:00:00";"2020-11-26 23:59:59";16;7862;20;10;0;<FLG>
V6155020;V615502001;QINnJ;1;"2020-11-27 00:00:00";"2020-11-27 23:59:59";16;7586;20;10;0;<FLG>
V6155020;V615502001;QINnJ;1;"2020-11-28 00:00:00";"2020-11-28 23:59:59";16;7519;20;10;0;<FLG>
V6155020;V615502001;QINnJ;1;"2020-11-29 00:00:00";"2020-11-29 23:59:59";16;7409;20;10;0;<FLG>
V6155020;V615502001;QINnJ;1;"2020-11-30 00:00:00";"2020-11-30 22:20:00";16;7325;20;10;0;<FLG>
V6155020;V615502001;QINnJ;1;"2020-12-01 00:00:00";"2020-12-01 23:59:59";16;7276;20;10;0;<FLG>
V6155020;V615502001;QINnJ;1;"2020-12-02 00:00:00";"2020-12-02 23:59:59";16;7249;20;10;0;<FLG>
V6155020;V615502001;QINnJ;1;"2020-12-03 00:00:00";"2020-12-03 23:59:59";16;7221;20;10;0;<FLG>
V6155020;V615502001;QINnJ;1;"2020-12-04 00:00:00";"2020-12-04 23:59:59";16;7175;20;10;0;<FLG>
V6155020;V615502001;QINnJ;1;"2020-12-05 00:00:00";"2020-12-05 02:32:00";16;7163;20;10;0;<FLG>
V6155020;V615502001;QINnJ;1;"2020-12-06 00:00:00";"2020-12-06 23:59:59";16;7196;20;10;0;<FLG>
V6155020;V615502001;QINnJ;1;"2020-12-07 00:00:00";"2020-12-07 23:59:59";16;7159;20;10;0;<FLG>
V6155020;V615502001;QINnJ;1;"2020-12-08 00:00:00";"2020-12-08 23:59:59";16;7105;20;10;0;<FLG>
V6155020;V615502001;QINnJ;1;"2020-12-09 00:00:00";"2020-12-09 23:59:59";16;7064;20;10;0;<FLG>
V6155020;V615502001;QINnJ;1;"2020-12-10 00:00:00";"2020-12-10 22:08:00";16;7007;20;10;0;<FLG>
V6155020;V615502001;QINnJ;1;"2020-12-11 00:00:00";"2020-12-11 23:59:59";16;6966;20;10;0;<FLG>
V6155020;V615502001;QINnJ;1;"2020-12-12 00:00:00";"2020-12-12 01:10:00";16;6960;20;10;0;<FLG>
V6155020;V615502001;QINnJ;1;"2020-12-13 00:00:00";"2020-12-13 00:00:00";16;7599;20;10;0;<FLG>
V6155020;V615502001;QINnJ;1;"2020-12-14 00:00:00";"2020-12-14 00:00:00";16;8620;20;10;0;<FLG>
V6155020;V615502001;QINnJ;1;"2020-12-15 00:00:00";"2020-12-15 00:00:00";16;8855;20;10;0;<FLG>
V6155020;V615502001;QINnJ;1;"2020-12-16 00:00:00";"2020-12-16 00:00:00";16;8980;20;10;0;<FLG>
V6155020;V615502001;QINnJ;1;"2020-12-17 00:00:00";"2020-12-17 00:00:00";16;10653;20;10;0;<FLG>
V6155020;V615502001;QINnJ;1;"2020-12-18 00:00:00";"2020-12-18 00:00:00";16;11891;20;10;0;<FLG>
V6155020;V615502001;QINnJ;1;"2020-12-19 00:00:00";"2020-12-19 00:00:00";16;12203;20;10;0;<FLG>
V6155020;V615502001;QINnJ;1;"2020-12-20 00:00:00";"2020-12-20 06:21:00";16;12171;20;10;0;<FLG>
V6155020;V615502001;QINnJ;1;"2020-12-21 00:00:00";"2020-12-21 00:00:00";16;12210;20;10;0;<FLG>
V6155020;V615502001;QINnJ;1;"2020-12-22 00:00:00";"2020-12-22 00:00:00";16;13429;20;10;0;<FLG>
V6155020;V615502001;QINnJ;1;"2020-12-23 00:00:00";"2020-12-23 23:59:59";16;13746;20;10;0;<FLG>
V6155020;V615502001;QINnJ;1;"2020-12-24 00:00:00";"2020-12-24 23:59:59";16;13433;20;10;0;<FLG>
V6155020;V615502001;QINnJ;1;"2020-12-25 00:00:00";"2020-12-25 23:59:59";16;13358;20;10;0;<FLG>
V6155020;V615502001;QINnJ;1;"2020-12-26 00:00:00";"2020-12-26 23:59:59";16;13161;20;10;0;<FLG>
V6155020;V615502001;QINnJ;1;"2020-12-27 00:00:00";"2020-12-27 23:59:59";16;12887;20;10;0;<FLG>
V6155020;V615502001;QINnJ;1;"2020-12-28 00:00:00";"2020-12-28 23:59:59";16;12613;20;10;0;<FLG>
V6155020;V615502001;QINnJ;1;"2020-12-29 00:00:00";"2020-12-29 23:59:59";16;12295;20;10;0;<FLG>
V6155020;V615502001;QINnJ;1;"2020-12-30 00:00:00";"2020-12-30 23:55:00";16;11918;20;10;0;<FLG>
V6155020;V615502001;QINnJ;1;"2020-12-31 00:00:00";"2020-12-31 20:10:00";16;11689;20;10;0;<FLG>
V6155020;V615502001;QINnJ;1;"2021-01-01 00:00:00";"2021-01-01 10:40:00";16;11537;20;10;0;<FLG>
V6155020;V615502001;QINnJ;1;"2021-01-02 00:00:00";"2021-01-02 00:00:00";16;11782;20;10;0;<FLG>
V6155020;V615502001;QINnJ;1;"2021-01-03 00:00:00";"2021-01-03 23:59:59";16;12009;20;10;0;<FLG>
V6155020;V615502001;QINnJ;1;"2021-01-04 00:00:00";"2021-01-04 23:59:59";16;11824;20;10;0;<FLG>
V6155020;V615502001;QINnJ;1;"2021-01-05 00:00:00";"2021-01-05 23:59:59";16;11566;20;10;0;<FLG>
V6155020;V615502001;QINnJ;1;"2021-01-06 00:00:00";"2021-01-06 23:59:59";16;11308;20;10;0;<FLG>
V6155020;V615502001;QINnJ;1;"2021-01-07 00:00:00";"2021-01-07 23:59:59";16;11050;20;10;0;<FLG>
V6155020;V615502001;QINnJ;1;"2021-01-08 00:00:00";"2021-01-08 23:59:59";16;10792;20;10;0;<FLG>
V6155020;V615502001;QINnJ;1;"2021-01-09 00:00:00";"2021-01-09 23:59:59";16;10534;20;10;0;<FLG>
V6155020;V615502001;QINnJ;1;"2021-01-10 00:00:00";"2021-01-10 23:59:59";16;10305;20;10;0;<FLG>
V6155020;V615502001;QINnJ;1;"2021-01-11 00:00:00";"2021-01-11 23:59:59";16;10106;20;10;0;<FLG>
V6155020;V615502001;QINnJ;1;"2021-01-12 00:00:00";"2021-01-12 23:59:59";16;9908;20;10;0;<FLG>
V6155020;V615502001;QINnJ;1;"2021-01-13 00:00:00";"2021-01-13 23:30:00";16;9714;20;10;0;<FLG>
V6155020;V615502001;QINnJ;1;"2021-01-14 00:00:00";"2021-01-14 00:00:00";16;9715;20;10;0;<FLG>
V6155020;V615502001;QINnJ;1;"2021-01-15 00:00:00";"2021-01-15 00:00:00";16;9866;20;10;0;<FLG>
V6155020;V615502001;QINnJ;1;"2021-01-16 00:00:00";"2021-01-16 00:00:00";16;10117;20;10;0;<FLG>
V6155020;V615502001;QINnJ;1;"2021-01-17 00:00:00";"2021-01-17 00:00:00";16;10283;20;10;0;<FLG>
V6155020;V615502001;QINnJ;1;"2021-01-18 00:00:00";"2021-01-18 23:59:59";16;10256;20;10;0;<FLG>
V6155020;V615502001;QINnJ;1;"2021-01-19 00:00:00";"2021-01-19 23:59:59";16;10173;20;10;0;<FLG>
V6155020;V615502001;QINnJ;1;"2021-01-20 00:00:00";"2021-01-20 17:20:00";16;10010;20;10;0;<FLG>
V6155020;V615502001;QINnJ;1;"2021-01-21 00:00:00";"2021-01-21 00:00:00";16;10023;20;10;0;<FLG>
V6155020;V615502001;QINnJ;1;"2021-01-22 00:00:00";"2021-01-22 00:00:00";16;11356;20;10;0;<FLG>
V6155020;V615502001;QINnJ;1;"2021-01-23 00:00:00";"2021-01-23 00:00:00";16;13553;20;10;0;<FLG>
V6155020;V615502001;QINnJ;1;"2021-01-24 00:00:00";"2021-01-24 00:00:00";16;17525;20;10;0;<FLG>
V6155020;V615502001;QINnJ;1;"2021-01-25 00:00:00";"2021-01-25 00:00:00";16;18485;20;10;0;<FLG>
V6155020;V615502001;QINnJ;1;"2021-01-26 00:00:00";"2021-01-26 23:59:59";16;18158;20;10;0;<FLG>
V6155020;V615502001;QINnJ;1;"2021-01-27 00:00:00";"2021-01-27 23:59:59";16;17582;20;10;0;<FLG>
V6155020;V615502001;QINnJ;1;"2021-01-28 00:00:00";"2021-01-28 23:59:59";16;16941;20;10;0;<FLG>
V6155020;V615502001;QINnJ;1;"2021-01-29 00:00:00";"2021-01-29 16:15:00";16;16830;20;10;0;<FLG>
V6155020;V615502001;QINnJ;1;"2021-01-30 00:00:00";"2021-01-30 00:00:00";16;16919;20;10;0;<FLG>
V6155020;V615502001;QINnJ;1;"2021-01-31 00:00:00";"2021-01-31 00:00:00";16;17193;20;10;0;<FLG>
V6155020;V615502001;QINnJ;1;"2021-02-01 00:00:00";"2021-02-01 00:00:00";16;17585;20;10;0;<FLG>
V6155020;V615502001;QINnJ;1;"2021-02-02 00:00:00";"2021-02-02 00:00:00";16;18078;20;10;0;<FLG>
V6155020;V615502001;QINnJ;1;"2021-02-03 00:00:00";"2021-02-03 00:00:00";16;18891;20;10;0;<FLG>
V6155020;V615502001;QINnJ;1;"2021-02-04 00:00:00";"2021-02-04 23:59:59";16;19400;20;10;0;<FLG>
V6155020;V615502001;QINnJ;1;"2021-02-05 00:00:00";"2021-02-05 23:59:59";16;19283;20;10;0;<FLG>
V6155020;V615502001;QINnJ;1;"2021-02-06 00:00:00";"2021-02-06 23:59:59";16;18842;20;10;0;<FLG>
V6155020;V615502001;QINnJ;1;"2021-02-07 00:00:00";"2021-02-07 23:59:59";16;18667;20;10;0;<FLG>
V6155020;V615502001;QINnJ;1;"2021-02-08 00:00:00";"2021-02-08 01:45:00";16;18656;20;10;0;<FLG>
V6155020;V615502001;QINnJ;1;"2021-02-09 00:00:00";"2021-02-09 00:00:00";16;18841;20;10;0;<FLG>
V6155020;V615502001;QINnJ;1;"2021-02-10 00:00:00";"2021-02-10 00:00:00";16;18878;20;10;0;<FLG>
V6155020;V615502001;QINnJ;1;"2021-02-11 00:00:00";"2021-02-11 00:00:00";16;19250;20;10;0;<FLG>
V6155020;V615502001;QINnJ;1;"2021-02-12 00:00:00";"2021-02-12 00:00:00";16;19937;20;10;0;<FLG>
V6155020;V615502001;QINnJ;1;"2021-02-13 00:00:00";"2021-02-13 23:59:59";16;20012;20;10;0;<FLG>
V6155020;V615502001;QINnJ;1;"2021-02-14 00:00:00";"2021-02-14 23:59:59";16;19716;20;10;0;<FLG>
V6155020;V615502001;QINnJ;1;"2021-02-15 00:00:00";"2021-02-15 23:59:59";16;19269;20;10;0;<FLG>
V6155020;V615502001;QINnJ;1;"2021-02-16 00:00:00";"2021-02-16 23:59:59";16;18848;20;10;0;<FLG>
V6155020;V615502001;QINnJ;1;"2021-02-17 00:00:00";"2021-02-17 23:59:59";16;18579;20;10;0;<FLG>
V6155020;V615502001;QINnJ;1;"2021-02-18 00:00:00";"2021-02-18 23:59:59";16;18316;20;10;0;<FLG>
V6155020;V615502001;QINnJ;1;"2021-02-19 00:00:00";"2021-02-19 23:59:59";16;17947;20;10;0;<FLG>
V6155020;V615502001;QINnJ;1;"2021-02-20 00:00:00";"2021-02-20 23:59:59";16;17577;20;10;0;<FLG>
V6155020;V615502001;QINnJ;1;"2021-02-21 00:00:00";"2021-02-21 23:59:59";16;17208;20;10;0;<FLG>
V6155020;V615502001;QINnJ;1;"2021-02-22 00:00:00";"2021-02-22 23:59:59";16;16838;20;10;0;<FLG>
V6155020;V615502001;QINnJ;1;"2021-02-23 00:00:00";"2021-02-23 23:59:59";16;16531;20;10;0;<FLG>
V6155020;V615502001;QINnJ;1;"2021-02-24 00:00:00";"2021-02-24 23:59:59";16;16322;20;10;0;<FLG>
V6155020;V615502001;QINnJ;1;"2021-02-25 00:00:00";"2021-02-25 23:59:59";16;16113;20;10;0;<FLG>
V6155020;V615502001;QINnJ;1;"2021-02-26 00:00:00";"2021-02-26 23:59:59";16;15904;20;10;0;<FLG>
V6155020;V615502001;QINnJ;1;"2021-02-27 00:00:00";"2021-02-27 23:59:59";16;15695;20;10;0;<FLG>
V6155020;V615502001;QINnJ;1;"2021-02-28 00:00:00";"2021-02-28 23:59:59";16;15394;20;10;0;<FLG>
V6155020;V615502001;QINnJ;1;"2021-03-01 00:00:00";"2021-03-01 23:59:59";16;15086;20;10;0;<FLG>
V6155020;V615502001;QINnJ;1;"2021-03-02 00:00:00";"2021-03-02 23:59:59";16;14777;20;10;0;<FLG>
V6155020;V615502001;QINnJ;1;"2021-03-03 00:00:00";"2021-03-03 23:59:59";16;14468;20;10;0;<FLG>
V6155020;V615502001;QINnJ;1;"2021-03-04 00:00:00";"2021-03-04 23:59:59";16;14162;20;10;0;<FLG>
V6155020;V615502001;QINnJ;1;"2021-03-05 00:00:00";"2021-03-05 23:59:59";16;13937;20;10;0;<FLG>
V6155020;V615502001;QINnJ;1;"2021-03-06 00:00:00";"2021-03-06 23:59:59";16;13712;20;10;0;<FLG>
V6155020;V615502001;QINnJ;1;"2021-03-07 00:00:00";"2021-03-07 23:59:59";16;13486;20;10;0;<FLG>
V6155020;V615502001;QINnJ;1;"2021-03-08 00:00:00";"2021-03-08 23:59:59";16;13325;20;10;0;<FLG>
V6155020;V615502001;QINnJ;1;"2021-03-09 00:00:00";"2021-03-09 23:59:59";16;13208;20;10;0;<FLG>
V6155020;V615502001;QINnJ;1;"2021-03-10 00:00:00";"2021-03-10 23:59:59";16;12915;20;10;0;<FLG>
V6155020;V615502001;QINnJ;1;"2021-03-11 00:00:00";"2021-03-11 23:59:59";16;12624;20;10;0;<FLG>
V6155020;V615502001;QINnJ;1;"2021-03-12 00:00:00";"2021-03-12 23:59:59";16;12410;20;10;0;<FLG>
V6155020;V615502001;QINnJ;1;"2021-03-13 00:00:00";"2021-03-13 23:59:59";16;12195;20;10;0;<FLG>
V6155020;V615502001;QINnJ;1;"2021-03-14 00:00:00";"2021-03-14 23:59:59";16;11980;20;10;0;<FLG>
V6155020;V615502001;QINnJ;1;"2021-03-15 00:00:00";"2021-03-15 23:59:59";16;11765;20;10;0;<FLG>
V6155020;V615502001;QINnJ;1;"2021-03-16 00:00:00";"2021-03-16 23:59:59";16;11565;20;10;0;<FLG>
V6155020;V615502001;QINnJ;1;"2021-03-17 00:00:00";"2021-03-17 23:59:59";16;11402;20;10;0;<FLG>
V6155020;V615502001;QINnJ;1;"2021-03-18 00:00:00";"2021-03-18 23:59:59";16;11239;20;10;0;<FLG>
V6155020;V615502001;QINnJ;1;"2021-03-19 00:00:00";"2021-03-19 23:59:59";16;11076;20;10;0;<FLG>
V6155020;V615502001;QINnJ;1;"2021-03-20 00:00:00";"2021-03-20 23:59:59";16;10913;20;10;0;<FLG>
V6155020;V615502001;QINnJ;1;"2021-03-21 00:00:00";"2021-03-21 23:59:59";16;10653;20;10;0;<FLG>
V6155020;V615502001;QINnJ;1;"2021-03-22 00:00:00";"2021-03-22 23:59:59";16;10558;20;10;0;<FLG>
V6155020;V615502001;QINnJ;1;"2021-03-23 00:00:00";"2021-03-23 23:59:59";16;10304;20;10;0;<FLG>
V6155020;V615502001;QINnJ;1;"2021-03-24 00:00:00";"2021-03-24 23:59:59";16;10101;20;10;0;<FLG>
V6155020;V615502001;QINnJ;1;"2021-03-25 00:00:00";"2021-03-25 23:59:59";16;9994;20;10;0;<FLG>
V6155020;V615502001;QINnJ;1;"2021-03-26 00:00:00";"2021-03-26 23:59:59";16;9887;20;10;0;<FLG>
V6155020;V615502001;QINnJ;1;"2021-03-27 00:00:00";"2021-03-27 23:59:59";16;9780;20;10;0;<FLG>
V6155020;V615502001;QINnJ;1;"2021-03-28 00:00:00";"2021-03-28 23:59:59";16;9602;20;10;0;<FLG>
V6155020;V615502001;QINnJ;1;"2021-03-29 00:00:00";"2021-03-29 23:59:59";16;9484;20;10;0;<FLG>
V6155020;V615502001;QINnJ;1;"2021-03-30 00:00:00";"2021-03-30 23:59:59";16;9410;20;10;0;<FLG>
V6155020;V615502001;QINnJ;1;"2021-03-31 00:00:00";"2021-03-31 23:59:59";16;9337;20;10;0;<FLG>
V6155020;V615502001;QINnJ;1;"2021-04-01 00:00:00";"2021-04-01 23:59:59";16;9263;20;10;0;<FLG>
V6155020;V615502001;QINnJ;1;"2021-04-02 00:00:00";"2021-04-02 23:59:59";16;9189;20;10;0;<FLG>
V6155020;V615502001;QINnJ;1;"2021-04-03 00:00:00";"2021-04-03 23:59:59";16;9115;20;10;0;<FLG>
V6155020;V615502001;QINnJ;1;"2021-04-04 00:00:00";"2021-04-04 23:59:59";16;9042;20;10;0;<FLG>
V6155020;V615502001;QINnJ;1;"2021-04-05 00:00:00";"2021-04-05 23:59:59";16;8968;20;10;0;<FLG>
V6155020;V615502001;QINnJ;1;"2021-04-06 00:00:00";"2021-04-06 23:59:59";16;8894;20;10;0;<FLG>
V6155020;V615502001;QINnJ;1;"2021-04-07 00:00:00";"2021-04-07 23:59:59";16;8738;20;10;0;<FLG>
V6155020;V615502001;QINnJ;1;"2021-04-08 00:00:00";"2021-04-08 23:59:59";16;8569;20;10;0;<FLG>
V6155020;V615502001;QINnJ;1;"2021-04-09 00:00:00";"2021-04-09 23:59:59";16;8451;20;10;0;<FLG>
V6155020;V615502001;QINnJ;1;"2021-04-10 00:00:00";"2021-04-10 23:59:59";16;8380;20;10;0;<FLG>
V6155020;V615502001;QINnJ;1;"2021-04-11 00:00:00";"2021-04-11 15:05:00";16;8334;20;10;0;<FLG>
V6155020;V615502001;QINnJ;1;"2021-04-12 00:00:00";"2021-04-12 00:00:00";16;8407;20;10;0;<FLG>
V6155020;V615502001;QINnJ;1;"2021-04-13 00:00:00";"2021-04-13 00:00:00";16;9517;20;10;0;<FLG>
V6155020;V615502001;QINnJ;1;"2021-04-14 00:00:00";"2021-04-14 00:00:00";16;10330;20;10;0;<FLG>
V6155020;V615502001;QINnJ;1;"2021-04-15 00:00:00";"2021-04-15 00:00:00";16;10437;20;10;0;<FLG>
V6155020;V615502001;QINnJ;1;"2021-04-16 00:00:00";"2021-04-16 23:59:59";16;10289;20;10;0;<FLG>
V6155020;V615502001;QINnJ;1;"2021-04-17 00:00:00";"2021-04-17 23:59:59";16;10223;20;10;0;<FLG>
V6155020;V615502001;QINnJ;1;"2021-04-18 00:00:00";"2021-04-18 23:59:59";16;10156;20;10;0;<FLG>
V6155020;V615502001;QINnJ;1;"2021-04-19 00:00:00";"2021-04-19 23:59:59";16;10105;20;10;0;<FLG>
V6155020;V615502001;QINnJ;1;"2021-04-20 00:00:00";"2021-04-20 23:59:59";16;10103;20;10;0;<FLG>
V6155020;V615502001;QINnJ;1;"2021-04-21 00:00:00";"2021-04-21 23:59:59";16;10100;20;10;0;<FLG>
V6155020;V615502001;QINnJ;1;"2021-04-22 00:00:00";"2021-04-22 23:59:59";16;10097;20;10;0;<FLG>
V6155020;V615502001;QINnJ;1;"2021-04-23 00:00:00";"2021-04-23 23:59:59";16;10034;20;10;0;<FLG>
V6155020;V615502001;QINnJ;1;"2021-04-24 00:00:00";"2021-04-24 23:59:59";16;9941;20;10;0;<FLG>
V6155020;V615502001;QINnJ;1;"2021-04-25 00:00:00";"2021-04-25 23:59:59";16;9847;20;10;0;<FLG>
V6155020;V615502001;QINnJ;1;"2021-04-26 00:00:00";"2021-04-26 23:59:59";16;9753;20;10;0;<FLG>
V6155020;V615502001;QINnJ;1;"2021-04-27 00:00:00";"2021-04-27 23:59:59";16;9659;20;10;0;<FLG>
V6155020;V615502001;QINnJ;1;"2021-04-28 00:00:00";"2021-04-28 13:50:00";16;9605;20;10;0;<FLG>
V6155020;V615502001;QINnJ;1;"2021-04-29 00:00:00";"2021-04-29 00:00:00";16;9686;20;10;0;<FLG>
V6155020;V615502001;QINnJ;1;"2021-04-30 00:00:00";"2021-04-30 00:00:00";16;12694;20;10;0;<FLG>
V6155020;V615502001;QINnJ;1;"2021-05-01 00:00:00";"2021-05-01 00:00:00";16;16242;20;10;0;<FLG>
V6155020;V615502001;QINnJ;1;"2021-05-02 00:00:00";"2021-05-02 00:00:00";16;19542;20;10;0;<FLG>
V6155020;V615502001;QINnJ;1;"2021-05-03 00:00:00";"2021-05-03 00:00:00";16;32948;20;10;0;<FLG>
V6155020;V615502001;QINnJ;1;"2021-05-04 00:00:00";"2021-05-04 23:59:59";16;32078;20;10;0;<FLG>
V6155020;V615502001;QINnJ;1;"2021-05-05 00:00:00";"2021-05-05 23:59:59";16;29954;20;10;0;<FLG>
V6155020;V615502001;QINnJ;1;"2021-05-06 00:00:00";"2021-05-06 23:59:59";16;27527;20;10;0;<FLG>
V6155020;V615502001;QINnJ;1;"2021-05-07 00:00:00";"2021-05-07 23:59:59";16;24299;20;10;0;<FLG>
V6155020;V615502001;QINnJ;1;"2021-05-08 00:00:00";"2021-05-08 23:59:59";16;21626;20;10;0;<FLG>
V6155020;V615502001;QINnJ;1;"2021-05-09 00:00:00";"2021-05-09 23:59:59";16;20159;20;10;0;<FLG>
V6155020;V615502001;QINnJ;1;"2021-05-10 00:00:00";"2021-05-10 21:50:00";16;19812;20;10;0;<FLG>
V6155020;V615502001;QINnJ;1;"2021-05-11 00:00:00";"2021-05-11 00:00:00";16;19969;20;10;0;<FLG>
V6155020;V615502001;QINnJ;1;"2021-05-12 00:00:00";"2021-05-12 00:00:00";16;34716;20;10;0;<FLG>
V6155020;V615502001;QINnJ;1;"2021-05-13 00:00:00";"2021-05-13 23:59:59";16;41008;20;10;0;<FLG>
V6155020;V615502001;QINnJ;1;"2021-05-14 00:00:00";"2021-05-14 23:59:59";16;39323;20;10;0;<FLG>
V6155020;V615502001;QINnJ;1;"2021-05-15 00:00:00";"2021-05-15 23:59:59";16;36867;20;10;0;<FLG>
V6155020;V615502001;QINnJ;1;"2021-05-16 00:00:00";"2021-05-16 23:59:59";16;34488;20;10;0;<FLG>
V6155020;V615502001;QINnJ;1;"2021-05-17 00:00:00";"2021-05-17 23:59:59";16;32726;20;10;0;<FLG>
V6155020;V615502001;QINnJ;1;"2021-05-18 00:00:00";"2021-05-18 23:59:59";16;31347;20;10;0;<FLG>
V6155020;V615502001;QINnJ;1;"2021-05-19 00:00:00";"2021-05-19 23:59:59";16;29228;20;10;0;<FLG>
V6155020;V615502001;QINnJ;1;"2021-05-20 00:00:00";"2021-05-20 23:59:59";16;26843;20;10;0;<FLG>
V6155020;V615502001;QINnJ;1;"2021-05-21 00:00:00";"2021-05-21 23:59:59";16;24724;20;10;0;<FLG>
V6155020;V615502001;QINnJ;1;"2021-05-22 00:00:00";"2021-05-22 23:59:59";16;23417;20;10;0;<FLG>
V6155020;V615502001;QINnJ;1;"2021-05-23 00:00:00";"2021-05-23 23:59:59";16;22266;20;10;0;<FLG>
V6155020;V615502001;QINnJ;1;"2021-05-24 00:00:00";"2021-05-24 23:59:59";16;21419;20;10;0;<FLG>
V6155020;V615502001;QINnJ;1;"2021-05-25 00:00:00";"2021-05-25 23:59:59";16;20635;20;10;0;<FLG>
V6155020;V615502001;QINnJ;1;"2021-05-26 00:00:00";"2021-05-26 23:59:59";16;20059;20;10;0;<FLG>
V6155020;V615502001;QINnJ;1;"2021-05-27 00:00:00";"2021-05-27 23:59:59";16;19728;20;10;0;<FLG>
V6155020;V615502001;QINnJ;1;"2021-05-28 00:00:00";"2021-05-28 23:59:59";16;19398;20;10;0;<FLG>
V6155020;V615502001;QINnJ;1;"2021-05-29 00:00:00";"2021-05-29 23:59:59";16;19070;20;10;0;<FLG>
V6155020;V615502001;QINnJ;1;"2021-05-30 00:00:00";"2021-05-30 23:59:59";16;18770;20;10;0;<FLG>
V6155020;V615502001;QINnJ;1;"2021-05-31 00:00:00";"2021-05-31 23:59:59";16;18471;20;10;0;<FLG>
V6155020;V615502001;QINnJ;1;"2021-06-01 00:00:00";"2021-06-01 23:59:59";16;18171;20;10;0;<FLG>
V6155020;V615502001;QINnJ;1;"2021-06-02 00:00:00";"2021-06-02 23:59:59";16;17802;20;10;0;<FLG>
V6155020;V615502001;QINnJ;1;"2021-06-03 00:00:00";"2021-06-03 23:59:59";16;17425;20;10;0;<FLG>
V6155020;V615502001;QINnJ;1;"2021-06-04 00:00:00";"2021-06-04 23:59:59";16;17059;20;10;0;<FLG>
V6155020;V615502001;QINnJ;1;"2021-06-05 00:00:00";"2021-06-05 23:59:59";16;16802;20;10;0;<FLG>
V6155020;V615502001;QINnJ;1;"2021-06-06 00:00:00";"2021-06-06 23:59:59";16;16544;20;10;0;<FLG>
V6155020;V615502001;QINnJ;1;"2021-06-07 00:00:00";"2021-06-07 23:59:59";16;16191;20;10;0;<FLG>
V6155020;V615502001;QINnJ;1;"2021-06-08 00:00:00";"2021-06-08 23:59:59";16;15830;20;10;0;<FLG>
V6155020;V615502001;QINnJ;1;"2021-06-09 00:00:00";"2021-06-09 19:00:00";16;15549;20;10;0;<FLG>
V6155020;V615502001;QINnJ;1;"2021-06-10 00:00:00";"2021-06-10 21:45:00";16;15235;20;10;0;<FLG>
V6155020;V615502001;QINnJ;1;"2021-06-11 00:00:00";"2021-06-11 23:59:59";16;15185;20;10;0;<FLG>
V6155020;V615502001;QINnJ;1;"2021-06-12 00:00:00";"2021-06-12 17:50:00";16;14840;20;10;0;<FLG>
V6155020;V615502001;QINnJ;1;"2021-06-13 00:00:00";"2021-06-13 23:59:59";16;14564;20;10;0;<FLG>
V6155020;V615502001;QINnJ;1;"2021-06-14 00:00:00";"2021-06-14 23:59:59";16;14289;20;10;0;<FLG>
V6155020;V615502001;QINnJ;1;"2021-06-15 00:00:00";"2021-06-15 23:59:59";16;13993;20;10;0;<FLG>
V6155020;V615502001;QINnJ;1;"2021-06-16 00:00:00";"2021-06-16 23:59:59";16;13707;20;10;0;<FLG>
V6155020;V615502001;QINnJ;1;"2021-06-17 00:00:00";"2021-06-17 01:20:00";16;13700;20;10;0;<FLG>
V6155020;V615502001;QINnJ;1;"2021-06-18 00:00:00";"2021-06-18 23:25:00";16;13461;20;10;0;<FLG>
V6155020;V615502001;QINnJ;1;"2021-06-19 00:00:00";"2021-06-19 18:50:00";16;13264;20;10;0;<FLG>
V6155020;V615502001;QINnJ;1;"2021-06-20 00:00:00";"2021-06-20 17:05:00";16;13067;20;10;0;<FLG>
V6155020;V615502001;QINnJ;1;"2021-06-21 00:00:00";"2021-06-21 23:59:59";16;12782;20;10;0;<FLG>
V6155020;V615502001;QINnJ;1;"2021-06-22 00:00:00";"2021-06-22 22:55:00";16;12555;20;10;0;<FLG>
V6155020;V615502001;QINnJ;1;"2021-06-23 00:00:00";"2021-06-23 21:50:00";16;12358;20;10;0;<FLG>
V6155020;V615502001;QINnJ;1;"2021-06-24 00:00:00";"2021-06-24 23:59:59";16;12173;20;10;0;<FLG>
V6155020;V615502001;QINnJ;1;"2021-06-25 00:00:00";"2021-06-25 18:35:00";16;11924;20;10;0;<FLG>
V6155020;V615502001;QINnJ;1;"2021-06-26 00:00:00";"2021-06-26 22:40:00";16;11688;20;10;0;<FLG>
V6155020;V615502001;QINnJ;1;"2021-06-27 00:00:00";"2021-06-27 17:05:00";16;11569;20;10;0;<FLG>
V6155020;V615502001;QINnJ;1;"2021-06-28 00:00:00";"2021-06-28 18:25:00";16;11371;20;10;0;<FLG>
V6155020;V615502001;QINnJ;1;"2021-06-29 00:00:00";"2021-06-29 23:59:59";16;11251;20;10;0;<FLG>
V6155020;V615502001;QINnJ;1;"2021-06-30 00:00:00";"2021-06-30 18:55:00";16;10958;20;10;0;<FLG>
V6155020;V615502001;QINnJ;1;"2021-07-01 00:00:00";"2021-07-01 23:59:59";16;10777;20;10;0;<FLG>
V6155020;V615502001;QINnJ;1;"2021-07-02 00:00:00";"2021-07-02 18:35:00";16;10579;20;10;0;<FLG>
V6155020;V615502001;QINnJ;1;"2021-07-03 00:00:00";"2021-07-03 21:25:00";16;10358;20;10;0;<FLG>
V6155020;V615502001;QINnJ;1;"2021-07-04 00:00:00";"2021-07-04 20:40:00";16;10242;20;10;0;<FLG>
V6155020;V615502001;QINnJ;1;"2021-07-05 00:00:00";"2021-07-05 23:59:59";16;10122;20;10;0;<FLG>
V6155020;V615502001;QINnJ;1;"2021-07-06 00:00:00";"2021-07-06 17:05:00";16;9984;20;10;0;<FLG>
V6155020;V615502001;QINnJ;1;"2021-07-07 00:00:00";"2021-07-07 20:15:00";16;9834;20;10;0;<FLG>
V6155020;V615502001;QINnJ;1;"2021-07-08 00:00:00";"2021-07-08 21:25:00";16;9656;20;10;0;<FLG>
V6155020;V615502001;QINnJ;1;"2021-07-09 00:00:00";"2021-07-09 22:55:00";16;9538;20;10;0;<FLG>
V6155020;V615502001;QINnJ;1;"2021-07-10 00:00:00";"2021-07-10 17:25:00";16;9427;20;10;0;<FLG>
V6155020;V615502001;QINnJ;1;"2021-07-11 00:00:00";"2021-07-11 23:55:00";16;9274;20;10;0;<FLG>
V6155020;V615502001;QINnJ;1;"2021-07-12 00:00:00";"2021-07-12 23:59:59";16;9209;20;10;0;<FLG>
V6155020;V615502001;QINnJ;1;"2021-07-13 00:00:00";"2021-07-13 23:59:59";16;9161;20;10;0;<FLG>
V6155020;V615502001;QINnJ;1;"2021-07-14 00:00:00";"2021-07-14 23:59:59";16;9042;20;10;0;<FLG>
V6155020;V615502001;QINnJ;1;"2021-07-15 00:00:00";"2021-07-15 23:59:59";16;8920;20;10;0;<FLG>
V6155020;V615502001;QINnJ;1;"2021-07-16 00:00:00";"2021-07-16 18:50:00";16;8727;20;10;0;<FLG>
V6155020;V615502001;QINnJ;1;"2021-07-17 00:00:00";"2021-07-17 23:59:59";16;8604;20;10;0;<FLG>
V6155020;V615502001;QINnJ;1;"2021-07-18 00:00:00";"2021-07-18 23:59:59";16;8578;20;10;0;<FLG>
V6155020;V615502001;QINnJ;1;"2021-07-19 00:00:00";"2021-07-19 15:45:00";16;8428;20;10;0;<FLG>
V6155020;V615502001;QINnJ;1;"2021-07-20 00:00:00";"2021-07-20 16:40:00";16;8309;20;10;0;<FLG>
V6155020;V615502001;QINnJ;1;"2021-07-21 00:00:00";"2021-07-21 23:59:59";16;8245;20;10;0;<FLG>
V6155020;V615502001;QINnJ;1;"2021-07-22 00:00:00";"2021-07-22 21:45:00";16;8100;20;10;0;<FLG>
V6155020;V615502001;QINnJ;1;"2021-07-23 00:00:00";"2021-07-23 23:59:59";16;8065;20;10;0;<FLG>
V6155020;V615502001;QINnJ;1;"2021-07-24 00:00:00";"2021-07-24 13:35:00";16;7980;20;10;0;<FLG>
V6155020;V615502001;QINnJ;1;"2021-07-25 00:00:00";"2021-07-25 12:10:00";16;7930;20;10;0;<FLG>
V6155020;V615502001;QINnJ;1;"2021-07-26 00:00:00";"2021-07-26 16:25:00";16;7854;20;10;0;<FLG>
V6155020;V615502001;QINnJ;1;"2021-07-27 00:00:00";"2021-07-27 23:50:00";16;7779;20;10;0;<FLG>
V6155020;V615502001;QINnJ;1;"2021-07-28 00:00:00";"2021-07-28 16:40:00";16;7703;20;10;0;<FLG>
V6155020;V615502001;QINnJ;1;"2021-07-29 00:00:00";"2021-07-29 23:59:59";16;7651;20;10;0;<FLG>
V6155020;V615502001;QINnJ;1;"2021-07-30 00:00:00";"2021-07-30 15:15:00";16;7602;20;10;0;<FLG>
V6155020;V615502001;QINnJ;1;"2021-07-31 00:00:00";"2021-07-31 14:25:00";16;7577;20;10;0;<FLG>
V6155020;V615502001;QINnJ;1;"2021-08-01 00:00:00";"2021-08-01 22:35:00";16;7527;20;10;0;<FLG>
V6155020;V615502001;QINnJ;1;"2021-08-02 00:00:00";"2021-08-02 20:50:00";16;7451;20;10;0;<FLG>
V6155020;V615502001;QINnJ;1;"2021-08-03 00:00:00";"2021-08-03 15:45:00";16;7451;20;10;0;<FLG>
V6155020;V615502001;QINnJ;1;"2021-08-04 00:00:00";"2021-08-04 00:00:00";16;7451;20;10;0;<FLG>
V6155020;V615502001;QINnJ;1;"2021-08-05 00:00:00";"2021-08-05 00:00:00";16;7451;20;10;0;<FLG>
V6155020;V615502001;QINnJ;1;"2021-08-06 00:00:00";"2021-08-06 20:35:00";16;7199;20;10;0;<FLG>
V6155020;V615502001;QINnJ;1;"2021-08-07 00:00:00";"2021-08-07 23:59:59";16;7230;20;10;0;<FLG>
V6155020;V615502001;QINnJ;1;"2021-08-08 00:00:00";"2021-08-08 23:59:59";16;7143;20;10;0;<FLG>
V6155020;V615502001;QINnJ;1;"2021-08-09 00:00:00";"2021-08-09 19:20:00";16;7073;20;10;0;<FLG>
V6155020;V615502001;QINnJ;1;"2021-08-10 00:00:00";"2021-08-10 20:05:00";16;6998;20;10;0;<FLG>
V6155020;V615502001;QINnJ;1;"2021-08-11 00:00:00";"2021-08-11 16:30:00";16;6947;20;10;0;<FLG>
V6155020;V615502001;QINnJ;1;"2021-08-12 00:00:00";"2021-08-12 23:59:59";16;6868;20;10;0;<FLG>
V6155020;V615502001;QINnJ;1;"2021-08-13 00:00:00";"2021-08-13 23:59:59";16;6758;20;10;0;<FLG>
V6155020;V615502001;QINnJ;1;"2021-08-14 00:00:00";"2021-08-14 23:59:59";16;6725;20;10;0;<FLG>
V6155020;V615502001;QINnJ;1;"2021-08-15 00:00:00";"2021-08-15 18:50:00";16;6670;20;10;0;<FLG>
V6155020;V615502001;QINnJ;1;"2021-08-16 00:00:00";"2021-08-16 23:45:00";16;6645;20;10;0;<FLG>
V6155020;V615502001;QINnJ;1;"2021-08-17 00:00:00";"2021-08-17 17:30:00";16;6620;20;10;0;<FLG>
V6155020;V615502001;QINnJ;1;"2021-08-18 00:00:00";"2021-08-18 00:00:00";16;6629;20;10;0;<FLG>
V6155020;V615502001;QINnJ;1;"2021-08-19 00:00:00";"2021-08-19 18:45:00";16;6595;20;10;0;<FLG>
V6155020;V615502001;QINnJ;1;"2021-08-20 00:00:00";"2021-08-20 21:30:00";16;6444;20;10;0;<FLG>
V6155020;V615502001;QINnJ;1;"2021-08-21 00:00:00";"2021-08-21 18:15:00";16;6393;20;10;0;<FLG>
V6155020;V615502001;QINnJ;1;"2021-08-22 00:00:00";"2021-08-22 22:50:00";16;6318;20;10;0;<FLG>
V6155020;V615502001;QINnJ;1;"2021-08-23 00:00:00";"2021-08-23 17:35:00";16;6267;20;10;0;<FLG>
V6155020;V615502001;QINnJ;1;"2021-08-24 00:00:00";"2021-08-24 00:00:00";16;6275;20;10;0;<FLG>
V6155020;V615502001;QINnJ;1;"2021-08-25 00:00:00";"2021-08-25 23:59:59";16;6279;20;10;0;<FLG>
V6155020;V615502001;QINnJ;1;"2021-08-26 00:00:00";"2021-08-26 21:30:00";16;6116;20;10;0;<FLG>
V6155020;V615502001;QINnJ;1;"2021-08-27 00:00:00";"2021-08-27 23:59:59";16;6119;20;10;0;<FLG>
V6155020;V615502001;QINnJ;1;"2021-08-28 00:00:00";"2021-08-28 23:59:59";16;6025;20;10;0;<FLG>
V6155020;V615502001;QINnJ;1;"2021-08-29 00:00:00";"2021-08-29 23:59:59";16;5982;20;10;0;<FLG>
V6155020;V615502001;QINnJ;1;"2021-08-30 00:00:00";"2021-08-30 23:59:59";16;5939;20;10;0;<FLG>
V6155020;V615502001;QINnJ;1;"2021-08-31 00:00:00";"2021-08-31 23:59:59";16;5910;20;10;0;<FLG>
V6155020;V615502001;QINnJ;1;"2021-09-01 00:00:00";"2021-09-01 23:59:59";16;5856;20;10;0;<FLG>
V6155020;V615502001;QINnJ;1;"2021-09-02 00:00:00";"2021-09-02 11:15:00";16;5815;20;10;0;<FLG>
V6155020;V615502001;QINnJ;1;"2021-09-03 00:00:00";"2021-09-03 00:00:00";16;5823;20;10;0;<FLG>
V6155020;V615502001;QINnJ;1;"2021-09-04 00:00:00";"2021-09-04 23:59:59";16;5836;20;10;0;<FLG>
V6155020;V615502001;QINnJ;1;"2021-09-05 00:00:00";"2021-09-05 23:59:59";16;5798;20;10;0;<FLG>
V6155020;V615502001;QINnJ;1;"2021-09-06 00:00:00";"2021-09-06 22:05:00";16;5699;20;10;0;<FLG>
V6155020;V615502001;QINnJ;1;"2021-09-07 00:00:00";"2021-09-07 00:00:00";16;5702;20;10;0;<FLG>
V6155020;V615502001;QINnJ;1;"2021-09-08 00:00:00";"2021-09-08 23:59:59";16;5723;20;10;0;<FLG>
V6155020;V615502001;QINnJ;1;"2021-09-09 00:00:00";"2021-09-09 23:59:59";16;5707;20;10;0;<FLG>
V6155020;V615502001;QINnJ;1;"2021-09-10 00:00:00";"2021-09-10 23:59:59";16;5691;20;10;0;<FLG>
V6155020;V615502001;QINnJ;1;"2021-09-11 00:00:00";"2021-09-11 23:59:59";16;5674;20;10;0;<FLG>
V6155020;V615502001;QINnJ;1;"2021-09-12 00:00:00";"2021-09-12 23:59:59";16;5658;20;10;0;<FLG>
V6155020;V615502001;QINnJ;1;"2021-09-13 00:00:00";"2021-09-13 23:59:59";16;5642;20;10;0;<FLG>
V6155020;V615502001;QINnJ;1;"2021-09-14 00:00:00";"2021-09-14 23:59:59";16;5625;20;10;0;<FLG>
V6155020;V615502001;QINnJ;1;"2021-09-15 00:00:00";"2021-09-15 05:40:00";16;5622;20;10;0;<FLG>
V6155020;V615502001;QINnJ;1;"2021-09-16 00:00:00";"2021-09-16 00:00:00";16;5859;20;10;0;<FLG>
V6155020;V615502001;QINnJ;1;"2021-09-17 00:00:00";"2021-09-17 00:00:00";16;6256;20;10;0;<FLG>
V6155020;V615502001;QINnJ;1;"2021-09-18 00:00:00";"2021-09-18 23:59:59";16;6265;20;10;0;<FLG>
V6155020;V615502001;QINnJ;1;"2021-09-19 00:00:00";"2021-09-19 23:59:59";16;6117;20;10;0;<FLG>
V6155020;V615502001;QINnJ;1;"2021-09-20 00:00:00";"2021-09-20 23:59:59";16;6033;20;10;0;<FLG>
V6155020;V615502001;QINnJ;1;"2021-09-21 00:00:00";"2021-09-21 23:59:59";16;6000;20;10;0;<FLG>
V6155020;V615502001;QINnJ;1;"2021-09-22 00:00:00";"2021-09-22 23:15:00";16;5837;20;10;0;<FLG>
V6155020;V615502001;QINnJ;1;"2021-09-23 00:00:00";"2021-09-23 00:00:00";16;5837;20;10;0;<FLG>
V6155020;V615502001;QINnJ;1;"2021-09-24 00:00:00";"2021-09-24 00:00:00";16;5839;20;10;0;<FLG>
V6155020;V615502001;QINnJ;1;"2021-09-25 00:00:00";"2021-09-25 23:59:59";16;5797;20;10;0;<FLG>
V6155020;V615502001;QINnJ;1;"2021-09-26 00:00:00";"2021-09-26 06:30:00";16;5778;20;10;0;<FLG>
V6155020;V615502001;QINnJ;1;"2021-09-27 00:00:00";"2021-09-27 00:00:00";16;6685;20;10;0;<FLG>
V6155020;V615502001;QINnJ;1;"2021-09-28 00:00:00";"2021-09-28 23:59:59";16;6778;20;10;0;<FLG>
V6155020;V615502001;QINnJ;1;"2021-09-29 00:00:00";"2021-09-29 23:59:59";16;6583;20;10;0;<FLG>
V6155020;V615502001;QINnJ;1;"2021-09-30 00:00:00";"2021-09-30 23:59:59";16;6477;20;10;0;<FLG>
V6155020;V615502001;QINnJ;1;"2021-10-01 00:00:00";"2021-10-01 23:59:59";16;6337;20;10;0;<FLG>
V6155020;V615502001;QINnJ;1;"2021-10-02 00:00:00";"2021-10-02 23:59:59";16;6107;20;10;0;<FLG>
V6155020;V615502001;QINnJ;1;"2021-10-03 00:00:00";"2021-10-03 12:05:00";16;6091;20;10;0;<FLG>
V6155020;V615502001;QINnJ;1;"2021-10-04 00:00:00";"2021-10-04 00:00:00";16;6257;20;10;0;<FLG>
V6155020;V615502001;QINnJ;1;"2021-10-05 00:00:00";"2021-10-05 00:00:00";16;17552;20;10;0;<FLG>
V6155020;V615502001;QINnJ;1;"2021-10-06 00:00:00";"2021-10-06 23:59:59";16;18052;20;10;0;<FLG>
V6155020;V615502001;QINnJ;1;"2021-10-07 00:00:00";"2021-10-07 23:59:59";16;16344;20;10;0;<FLG>
V6155020;V615502001;QINnJ;1;"2021-10-08 00:00:00";"2021-10-08 23:59:59";16;15085;20;10;0;<FLG>
V6155020;V615502001;QINnJ;1;"2021-10-09 00:00:00";"2021-10-09 23:59:59";16;14033;20;10;0;<FLG>
V6155020;V615502001;QINnJ;1;"2021-10-10 00:00:00";"2021-10-10 23:59:59";16;13150;20;10;0;<FLG>
V6155020;V615502001;QINnJ;1;"2021-10-11 00:00:00";"2021-10-11 23:59:59";16;12416;20;10;0;<FLG>
V6155020;V615502001;QINnJ;1;"2021-10-12 00:00:00";"2021-10-12 23:59:59";16;11830;20;10;0;<FLG>
V6155020;V615502001;QINnJ;1;"2021-10-13 00:00:00";"2021-10-13 23:59:59";16;11245;20;10;0;<FLG>
V6155020;V615502001;QINnJ;1;"2021-10-14 00:00:00";"2021-10-14 23:59:59";16;10675;20;10;0;<FLG>
V6155020;V615502001;QINnJ;1;"2021-10-15 00:00:00";"2021-10-15 23:59:59";16;10293;20;10;0;<FLG>
V6155020;V615502001;QINnJ;1;"2021-10-16 00:00:00";"2021-10-16 23:59:59";16;9974;20;10;0;<FLG>
V6155020;V615502001;QINnJ;1;"2021-10-17 00:00:00";"2021-10-17 23:59:59";16;9631;20;10;0;<FLG>
V6155020;V615502001;QINnJ;1;"2021-10-18 00:00:00";"2021-10-18 23:59:59";16;9225;20;10;0;<FLG>
V6155020;V615502001;QINnJ;1;"2021-10-19 00:00:00";"2021-10-19 23:59:59";16;8955;20;10;0;<FLG>
V6155020;V615502001;QINnJ;1;"2021-10-20 00:00:00";"2021-10-20 23:59:59";16;8782;20;10;0;<FLG>
V6155020;V615502001;QINnJ;1;"2021-10-21 00:00:00";"2021-10-21 10:50:00";16;8518;20;10;0;<FLG>
V6155020;V615502001;QINnJ;1;"2021-10-22 00:00:00";"2021-10-22 23:59:59";16;8390;20;10;0;<FLG>
V6155020;V615502001;QINnJ;1;"2021-10-23 00:00:00";"2021-10-23 23:59:59";16;7988;20;10;0;<FLG>
V6155020;V615502001;QINnJ;1;"2021-10-24 00:00:00";"2021-10-24 23:59:59";16;7852;20;10;0;<FLG>
V6155020;V615502001;QINnJ;1;"2021-10-25 00:00:00";"2021-10-25 23:59:59";16;7717;20;10;0;<FLG>
V6155020;V615502001;QINnJ;1;"2021-10-26 00:00:00";"2021-10-26 23:59:59";16;7666;20;10;0;<FLG>
V6155020;V615502001;QINnJ;1;"2021-10-27 00:00:00";"2021-10-27 23:59:59";16;7503;20;10;0;<FLG>
V6155020;V615502001;QINnJ;1;"2021-10-28 00:00:00";"2021-10-28 23:59:59";16;7468;20;10;0;<FLG>
V6155020;V615502001;QINnJ;1;"2021-10-29 00:00:00";"2021-10-29 23:59:59";16;7343;20;10;0;<FLG>
V6155020;V615502001;QINnJ;1;"2021-10-30 00:00:00";"2021-10-30 22:45:00";16;7224;20;10;0;<FLG>
V6155020;V615502001;QINnJ;1;"2021-10-31 00:00:00";"2021-10-31 00:00:00";16;7252;20;10;0;<FLG>
V6155020;V615502001;QINnJ;1;"2021-11-01 00:00:00";"2021-11-01 00:00:00";16;8515;20;10;0;<FLG>
V6155020;V615502001;QINnJ;1;"2021-11-02 00:00:00";"2021-11-02 00:00:00";16;13662;20;10;0;<FLG>
V6155020;V615502001;QINnJ;1;"2021-11-03 00:00:00";"2021-11-03 23:59:59";16;15830;20;10;0;<FLG>
V6155020;V615502001;QINnJ;1;"2021-11-04 00:00:00";"2021-11-04 23:59:59";16;15187;20;10;0;<FLG>
V6155020;V615502001;QINnJ;1;"2021-11-05 00:00:00";"2021-11-05 23:59:59";16;14192;20;10;0;<FLG>
V6155020;V615502001;QINnJ;1;"2021-11-06 00:00:00";"2021-11-06 23:59:59";16;13679;20;10;0;<FLG>
V6155020;V615502001;QINnJ;1;"2021-11-07 00:00:00";"2021-11-07 23:59:59";16;12981;20;10;0;<FLG>
V6155020;V615502001;QINnJ;1;"2021-11-08 00:00:00";"2021-11-08 23:59:59";16;12431;20;10;0;<FLG>
V6155020;V615502001;QINnJ;1;"2021-11-09 00:00:00";"2021-11-09 23:59:59";16;11894;20;10;0;<FLG>
V6155020;V615502001;QINnJ;1;"2021-11-10 00:00:00";"2021-11-10 23:59:59";16;11463;20;10;0;<FLG>
V6155020;V615502001;QINnJ;1;"2021-11-11 00:00:00";"2021-11-11 23:59:59";16;11056;20;10;0;<FLG>
V6155020;V615502001;QINnJ;1;"2021-11-12 00:00:00";"2021-11-12 23:59:59";16;10666;20;10;0;<FLG>
V6155020;V615502001;QINnJ;1;"2021-11-13 00:00:00";"2021-11-13 23:59:59";16;10381;20;10;0;<FLG>
V6155020;V615502001;QINnJ;1;"2021-11-14 00:00:00";"2021-11-14 23:59:59";16;10157;20;10;0;<FLG>
V6155020;V615502001;QINnJ;1;"2021-11-15 00:00:00";"2021-11-15 21:55:00";16;9952;20;10;0;<FLG>
V6155020;V615502001;QINnJ;1;"2021-11-16 00:00:00";"2021-11-16 23:59:59";16;9875;20;10;0;<FLG>
V6155020;V615502001;QINnJ;1;"2021-11-17 00:00:00";"2021-11-17 23:59:59";16;9704;20;10;0;<FLG>
V6155020;V615502001;QINnJ;1;"2021-11-18 00:00:00";"2021-11-18 23:59:59";16;9533;20;10;0;<FLG>
V6155020;V615502001;QINnJ;1;"2021-11-19 00:00:00";"2021-11-19 23:59:59";16;9362;20;10;0;<FLG>
V6155020;V615502001;QINnJ;1;"2021-11-20 00:00:00";"2021-11-20 23:59:59";16;9191;20;10;0;<FLG>
V6155020;V615502001;QINnJ;1;"2021-11-21 00:00:00";"2021-11-21 23:59:59";16;9141;20;10;0;<FLG>
V6155020;V615502001;QINnJ;1;"2021-11-22 00:00:00";"2021-11-22 23:59:59";16;9057;20;10;0;<FLG>
V6155020;V615502001;QINnJ;1;"2021-11-23 00:00:00";"2021-11-23 23:59:59";16;8879;20;10;0;<FLG>
V6155020;V615502001;QINnJ;1;"2021-11-24 00:00:00";"2021-11-24 23:59:59";16;8701;20;10;0;<FLG>
V6155020;V615502001;QINnJ;1;"2021-11-25 00:00:00";"2021-11-25 04:30:00";16;8667;20;10;0;<FLG>
V6155020;V615502001;QINnJ;1;"2021-11-26 00:00:00";"2021-11-26 00:00:00";16;8720;20;10;0;<FLG>
V6155020;V615502001;QINnJ;1;"2021-11-27 00:00:00";"2021-11-27 00:00:00";16;9000;20;10;0;<FLG>
V6155020;V615502001;QINnJ;1;"2021-11-28 00:00:00";"2021-11-28 00:00:00";16;9085;20;10;0;<FLG>
V6155020;V615502001;QINnJ;1;"2021-11-29 00:00:00";"2021-11-29 23:59:59";16;8940;20;10;0;<FLG>
V6155020;V615502001;QINnJ;1;"2021-11-30 00:00:00";"2021-11-30 23:59:59";16;8785;20;10;0;<FLG>
V6155020;V615502001;QINnJ;1;"2021-12-01 00:00:00";"2021-12-01 23:59:59";16;8767;20;10;0;<FLG>
V6155020;V615502001;QINnJ;1;"2021-12-02 00:00:00";"2021-12-02 15:50:00";16;8548;20;10;0;<FLG>
V6155020;V615502001;QINnJ;1;"2021-12-03 00:00:00";"2021-12-03 23:59:59";16;8444;20;10;0;<FLG>
V6155020;V615502001;QINnJ;1;"2021-12-04 00:00:00";"2021-12-04 15:55:00";16;8428;20;10;0;<FLG>
V6155020;V615502001;QINnJ;1;"2021-12-05 00:00:00";"2021-12-05 00:00:00";16;8703;20;10;0;<FLG>
V6155020;V615502001;QINnJ;1;"2021-12-06 00:00:00";"2021-12-06 00:00:00";16;10060;20;10;0;<FLG>
V6155020;V615502001;QINnJ;1;"2021-12-07 00:00:00";"2021-12-07 11:50:00";16;10439;20;10;0;<FLG>
V6155020;V615502001;QINnJ;1;"2021-12-08 00:00:00";"2021-12-08 00:00:00";16;10511;20;10;0;<FLG>
V6155020;V615502001;QINnJ;1;"2021-12-09 00:00:00";"2021-12-09 00:00:00";16;15374;20;10;0;<FLG>
V6155020;V615502001;QINnJ;1;"2021-12-10 00:00:00";"2021-12-10 00:00:00";16;17836;20;10;0;<FLG>
V6155020;V615502001;QINnJ;1;"2021-12-11 00:00:00";"2021-12-11 23:59:59";16;17271;20;10;0;<FLG>
V6155020;V615502001;QINnJ;1;"2021-12-12 00:00:00";"2021-12-12 23:59:59";16;16474;20;10;0;<FLG>
V6155020;V615502001;QINnJ;1;"2021-12-13 00:00:00";"2021-12-13 23:59:59";16;15835;20;10;0;<FLG>
V6155020;V615502001;QINnJ;1;"2021-12-14 00:00:00";"2021-12-14 23:59:59";16;15278;20;10;0;<FLG>
V6155020;V615502001;QINnJ;1;"2021-12-15 00:00:00";"2021-12-15 23:59:59";16;14809;20;10;0;<FLG>
V6155020;V615502001;QINnJ;1;"2021-12-16 00:00:00";"2021-12-16 23:59:59";16;14389;20;10;0;<FLG>
V6155020;V615502001;QINnJ;1;"2021-12-17 00:00:00";"2021-12-17 23:59:59";16;14141;20;10;0;<FLG>
V6155020;V615502001;QINnJ;1;"2021-12-18 00:00:00";"2021-12-18 23:59:59";16;13906;20;10;0;<FLG>
V6155020;V615502001;QINnJ;1;"2021-12-19 00:00:00";"2021-12-19 23:59:59";16;13805;20;10;0;<FLG>
V6155020;V615502001;QINnJ;1;"2021-12-20 00:00:00";"2021-12-20 23:59:59";16;13664;20;10;0;<FLG>
V6155020;V615502001;QINnJ;1;"2021-12-21 00:00:00";"2021-12-21 23:59:59";16;13209;20;10;0;<FLG>
V6155020;V615502001;QINnJ;1;"2021-12-22 00:00:00";"2021-12-22 23:59:59";16;12962;20;10;0;<FLG>
V6155020;V615502001;QINnJ;1;"2021-12-23 00:00:00";"2021-12-23 23:59:59";16;12714;20;10;0;<FLG>
V6155020;V615502001;QINnJ;1;"2021-12-24 00:00:00";"2021-12-24 23:59:59";16;12589;20;10;0;<FLG>
V6155020;V615502001;QINnJ;1;"2021-12-25 00:00:00";"2021-12-25 04:25:00";16;12573;20;10;0;<FLG>
V6155020;V615502001;QINnJ;1;"2021-12-26 00:00:00";"2021-12-26 00:00:00";16;16223;20;10;0;<FLG>
V6155020;V615502001;QINnJ;1;"2021-12-27 00:00:00";"2021-12-27 00:00:00";16;19151;20;10;0;<FLG>
V6155020;V615502001;QINnJ;1;"2021-12-28 00:00:00";"2021-12-28 00:00:00";16;19613;20;10;0;<FLG>
V6155020;V615502001;QINnJ;1;"2021-12-29 00:00:00";"2021-12-29 00:00:00";16;20215;20;10;0;<FLG>
V6155020;V615502001;QINnJ;1;"2021-12-30 00:00:00";"2021-12-30 00:00:00";16;22758;20;10;0;<FLG>
V6155020;V615502001;QINnJ;1;"2021-12-31 00:00:00";"2021-12-31 23:59:59";16;23131;20;10;0;<FLG>
V6155020;V615502001;QINnJ;1;"2022-01-01 00:00:00";"2022-01-01 23:59:59";16;21529;20;10;0;<FLG>
V6155020;V615502001;QINnJ;1;"2022-01-02 00:00:00";"2022-01-02 23:59:59";16;20526;20;10;0;<FLG>
V6155020;V615502001;QINnJ;1;"2022-01-03 00:00:00";"2022-01-03 23:59:59";16;20052;20;10;0;<FLG>
V6155020;V615502001;QINnJ;1;"2022-01-04 00:00:00";"2022-01-04 23:59:59";16;19606;20;10;0;<FLG>
V6155020;V615502001;QINnJ;1;"2022-01-05 00:00:00";"2022-01-05 23:59:59";16;19170;20;10;0;<FLG>
V6155020;V615502001;QINnJ;1;"2022-01-06 00:00:00";"2022-01-06 23:59:59";16;18724;20;10;0;<FLG>
V6155020;V615502001;QINnJ;1;"2022-01-07 00:00:00";"2022-01-07 23:59:59";16;18269;20;10;0;<FLG>
V6155020;V615502001;QINnJ;1;"2022-01-08 00:00:00";"2022-01-08 23:59:59";16;17795;20;10;0;<FLG>
V6155020;V615502001;QINnJ;1;"2022-01-09 00:00:00";"2022-01-09 23:59:59";16;17316;20;10;0;<FLG>
V6155020;V615502001;QINnJ;1;"2022-01-10 00:00:00";"2022-01-10 23:59:59";16;16837;20;10;0;<FLG>
V6155020;V615502001;QINnJ;1;"2022-01-11 00:00:00";"2022-01-11 23:59:59";16;16340;20;10;0;<FLG>
V6155020;V615502001;QINnJ;1;"2022-01-12 00:00:00";"2022-01-12 23:59:59";16;15852;20;10;0;<FLG>
V6155020;V615502001;QINnJ;1;"2022-01-13 00:00:00";"2022-01-13 23:59:59";16;15418;20;10;0;<FLG>
V6155020;V615502001;QINnJ;1;"2022-01-14 00:00:00";"2022-01-14 23:59:59";16;15078;20;10;0;<FLG>
V6155020;V615502001;QINnJ;1;"2022-01-15 00:00:00";"2022-01-15 23:59:59";16;14741;20;10;0;<FLG>
V6155020;V615502001;QINnJ;1;"2022-01-16 00:00:00";"2022-01-16 23:59:59";16;14403;20;10;0;<FLG>
V6155020;V615502001;QINnJ;1;"2022-01-17 00:00:00";"2022-01-17 23:59:59";16;14065;20;10;0;<FLG>
V6155020;V615502001;QINnJ;1;"2022-01-18 00:00:00";"2022-01-18 23:59:59";16;13764;20;10;0;<FLG>
V6155020;V615502001;QINnJ;1;"2022-01-19 00:00:00";"2022-01-19 23:59:59";16;13490;20;10;0;<FLG>
V6155020;V615502001;QINnJ;1;"2022-01-20 00:00:00";"2022-01-20 23:59:59";16;13221;20;10;0;<FLG>
V6155020;V615502001;QINnJ;1;"2022-01-21 00:00:00";"2022-01-21 23:59:59";16;12953;20;10;0;<FLG>
V6155020;V615502001;QINnJ;1;"2022-01-22 00:00:00";"2022-01-22 23:59:59";16;12680;20;10;0;<FLG>
V6155020;V615502001;QINnJ;1;"2022-01-23 00:00:00";"2022-01-23 23:59:59";16;12383;20;10;0;<FLG>
V6155020;V615502001;QINnJ;1;"2022-01-24 00:00:00";"2022-01-24 23:59:59";16;12087;20;10;0;<FLG>
V6155020;V615502001;QINnJ;1;"2022-01-25 00:00:00";"2022-01-25 23:59:59";16;11812;20;10;0;<FLG>
V6155020;V615502001;QINnJ;1;"2022-01-26 00:00:00";"2022-01-26 23:59:59";16;11562;20;10;0;<FLG>
V6155020;V615502001;QINnJ;1;"2022-01-27 00:00:00";"2022-01-27 23:59:59";16;11348;20;10;0;<FLG>
V6155020;V615502001;QINnJ;1;"2022-01-28 00:00:00";"2022-01-28 23:59:59";16;11134;20;10;0;<FLG>
V6155020;V615502001;QINnJ;1;"2022-01-29 00:00:00";"2022-01-29 23:59:59";16;10920;20;10;0;<FLG>
V6155020;V615502001;QINnJ;1;"2022-01-30 00:00:00";"2022-01-30 23:59:59";16;10731;20;10;0;<FLG>
V6155020;V615502001;QINnJ;1;"2022-01-31 00:00:00";"2022-01-31 23:59:59";16;10561;20;10;0;<FLG>
V6155020;V615502001;QINnJ;1;"2022-02-01 00:00:00";"2022-02-01 23:59:59";16;10393;20;10;0;<FLG>
V6155020;V615502001;QINnJ;1;"2022-02-02 00:00:00";"2022-02-02 23:59:59";16;10239;20;10;0;<FLG>
V6155020;V615502001;QINnJ;1;"2022-02-03 00:00:00";"2022-02-03 23:59:59";16;10069;20;10;0;<FLG>
V6155020;V615502001;QINnJ;1;"2022-02-04 00:00:00";"2022-02-04 23:59:59";16;9922;20;10;0;<FLG>
V6155020;V615502001;QINnJ;1;"2022-02-05 00:00:00";"2022-02-05 23:59:59";16;9592;20;10;0;<FLG>
V6155020;V615502001;QINnJ;1;"2022-02-06 00:00:00";"2022-02-06 23:59:59";16;9479;20;10;0;<FLG>
V6155020;V615502001;QINnJ;1;"2022-02-07 00:00:00";"2022-02-07 23:59:59";16;9366;20;10;0;<FLG>
V6155020;V615502001;QINnJ;1;"2022-02-08 00:00:00";"2022-02-08 23:59:59";16;9166;20;10;0;<FLG>
V6155020;V615502001;QINnJ;1;"2022-02-09 00:00:00";"2022-02-09 23:59:59";16;9027;20;10;0;<FLG>
V6155020;V615502001;QINnJ;1;"2022-02-10 00:00:00";"2022-02-10 23:59:59";16;8911;20;10;0;<FLG>
V6155020;V615502001;QINnJ;1;"2022-02-11 00:00:00";"2022-02-11 23:59:59";16;8795;20;10;0;<FLG>
V6155020;V615502001;QINnJ;1;"2022-02-12 00:00:00";"2022-02-12 23:59:59";16;8699;20;10;0;<FLG>
V6155020;V615502001;QINnJ;1;"2022-02-13 00:00:00";"2022-02-13 23:59:59";16;8611;20;10;0;<FLG>
V6155020;V615502001;QINnJ;1;"2022-02-14 00:00:00";"2022-02-14 01:07:00";16;8607;20;10;0;<FLG>
V6155020;V615502001;QINnJ;1;"2022-02-15 00:00:00";"2022-02-15 00:00:00";16;8790;20;10;0;<FLG>
V6155020;V615502001;QINnJ;1;"2022-02-16 00:00:00";"2022-02-16 00:00:00";16;10242;20;10;0;<FLG>
V6155020;V615502001;QINnJ;1;"2022-02-17 00:00:00";"2022-02-17 00:00:00";16;10495;20;10;0;<FLG>
V6155020;V615502001;QINnJ;1;"2022-02-18 00:00:00";"2022-02-18 00:00:00";16;10820;20;10;0;<FLG>
V6155020;V615502001;QINnJ;1;"2022-02-19 00:00:00";"2022-02-19 00:00:00";16;11619;20;10;0;<FLG>
V6155020;V615502001;QINnJ;1;"2022-02-20 00:00:00";"2022-02-20 23:59:59";16;11659;20;10;0;<FLG>
V6155020;V615502001;QINnJ;1;"2022-02-21 00:00:00";"2022-02-21 23:59:59";16;11365;20;10;0;<FLG>
V6155020;V615502001;QINnJ;1;"2022-02-22 00:00:00";"2022-02-22 23:59:59";16;10918;20;10;0;<FLG>
V6155020;V615502001;QINnJ;1;"2022-02-23 00:00:00";"2022-02-23 23:59:59";16;10626;20;10;0;<FLG>
V6155020;V615502001;QINnJ;1;"2022-02-24 00:00:00";"2022-02-24 23:59:59";16;10379;20;10;0;<FLG>
V6155020;V615502001;QINnJ;1;"2022-02-25 00:00:00";"2022-02-25 23:59:59";16;10192;20;10;0;<FLG>
V6155020;V615502001;QINnJ;1;"2022-02-26 00:00:00";"2022-02-26 23:59:59";16;9995;20;10;0;<FLG>
V6155020;V615502001;QINnJ;1;"2022-02-27 00:00:00";"2022-02-27 23:59:59";16;9810;20;10;0;<FLG>
V6155020;V615502001;QINnJ;1;"2022-02-28 00:00:00";"2022-02-28 23:59:59";16;9622;20;10;0;<FLG>
V6155020;V615502001;QINnJ;1;"2022-03-01 00:00:00";"2022-03-01 23:59:59";16;9452;20;10;0;<FLG>
V6155020;V615502001;QINnJ;1;"2022-03-02 00:00:00";"2022-03-02 23:59:59";16;9314;20;10;0;<FLG>
V6155020;V615502001;QINnJ;1;"2022-03-03 00:00:00";"2022-03-03 23:59:59";16;9235;20;10;0;<FLG>
V6155020;V615502001;QINnJ;1;"2022-03-04 00:00:00";"2022-03-04 23:59:59";16;9131;20;10;0;<FLG>
V6155020;V615502001;QINnJ;1;"2022-03-05 00:00:00";"2022-03-05 23:59:59";16;9029;20;10;0;<FLG>
V6155020;V615502001;QINnJ;1;"2022-03-06 00:00:00";"2022-03-06 23:59:59";16;8907;20;10;0;<FLG>
V6155020;V615502001;QINnJ;1;"2022-03-07 00:00:00";"2022-03-07 23:59:59";16;8775;20;10;0;<FLG>
V6155020;V615502001;QINnJ;1;"2022-03-08 00:00:00";"2022-03-08 23:59:59";16;8633;20;10;0;<FLG>
V6155020;V615502001;QINnJ;1;"2022-03-09 00:00:00";"2022-03-09 23:59:59";16;8488;20;10;0;<FLG>
V6155020;V615502001;QINnJ;1;"2022-03-10 00:00:00";"2022-03-10 23:59:59";16;8363;20;10;0;<FLG>
V6155020;V615502001;QINnJ;1;"2022-03-11 00:00:00";"2022-03-11 23:59:59";16;8239;20;10;0;<FLG>
V6155020;V615502001;QINnJ;1;"2022-03-12 00:00:00";"2022-03-12 23:59:59";16;8116;20;10;0;<FLG>
V6155020;V615502001;QINnJ;1;"2022-03-13 00:00:00";"2022-03-13 23:59:59";16;7993;20;10;0;<FLG>
V6155020;V615502001;QINnJ;1;"2022-03-14 00:00:00";"2022-03-14 23:59:59";16;7887;20;10;0;<FLG>
V6155020;V615502001;QINnJ;1;"2022-03-15 00:00:00";"2022-03-15 01:50:00";16;7879;20;10;0;<FLG>
V6155020;V615502001;QINnJ;1;"2022-03-16 00:00:00";"2022-03-16 00:00:00";16;8051;20;10;0;<FLG>
V6155020;V615502001;QINnJ;1;"2022-03-17 00:00:00";"2022-03-17 00:00:00";16;8257;20;10;0;<FLG>
V6155020;V615502001;QINnJ;1;"2022-03-18 00:00:00";"2022-03-18 00:00:00";16;8464;20;10;0;<FLG>
V6155020;V615502001;QINnJ;1;"2022-03-19 00:00:00";"2022-03-19 23:59:59";16;8508;20;10;0;<FLG>
V6155020;V615502001;QINnJ;1;"2022-03-20 00:00:00";"2022-03-20 23:59:59";16;8407;20;10;0;<FLG>
V6155020;V615502001;QINnJ;1;"2022-03-21 00:00:00";"2022-03-21 23:59:59";16;8264;20;10;0;<FLG>
V6155020;V615502001;QINnJ;1;"2022-03-22 00:00:00";"2022-03-22 23:59:59";16;8109;20;10;0;<FLG>
V6155020;V615502001;QINnJ;1;"2022-03-23 00:00:00";"2022-03-23 23:59:59";16;7994;20;10;0;<FLG>
V6155020;V615502001;QINnJ;1;"2022-03-24 00:00:00";"2022-03-24 23:59:59";16;7898;20;10;0;<FLG>
V6155020;V615502001;QINnJ;1;"2022-03-25 00:00:00";"2022-03-25 23:59:59";16;7804;20;10;0;<FLG>
V6155020;V615502001;QINnJ;1;"2022-03-26 00:00:00";"2022-03-26 23:59:59";16;7710;20;10;0;<FLG>
V6155020;V615502001;QINnJ;1;"2022-03-27 00:00:00";"2022-03-27 23:59:59";16;7617;20;10;0;<FLG>
V6155020;V615502001;QINnJ;1;"2022-03-28 00:00:00";"2022-03-28 23:59:59";16;7524;20;10;0;<FLG>
V6155020;V615502001;QINnJ;1;"2022-03-29 00:00:00";"2022-03-29 23:59:59";16;7442;20;10;0;<FLG>
V6155020;V615502001;QINnJ;1;"2022-03-30 00:00:00";"2022-03-30 22:18:00";16;7396;20;10;0;<FLG>
V6155020;V615502001;QINnJ;1;"2022-03-31 00:00:00";"2022-03-31 00:00:00";16;7399;20;10;0;<FLG>
V6155020;V615502001;QINnJ;1;"2022-04-01 00:00:00";"2022-04-01 11:29:00";16;7411;20;10;0;<FLG>
V6155020;V615502001;QINnJ;1;"2022-04-02 00:00:00";"2022-04-02 23:59:59";16;7345;20;10;0;<FLG>
V6155020;V615502001;QINnJ;1;"2022-04-03 00:00:00";"2022-04-03 23:59:59";16;7225;20;10;0;<FLG>
V6155020;V615502001;QINnJ;1;"2022-04-04 00:00:00";"2022-04-04 23:59:59";16;6985;20;10;0;<FLG>
V6155020;V615502001;QINnJ;1;"2022-04-05 00:00:00";"2022-04-05 23:59:59";16;6902;20;10;0;<FLG>
V6155020;V615502001;QINnJ;1;"2022-04-06 00:00:00";"2022-04-06 23:59:59";16;6847;20;10;0;<FLG>
V6155020;V615502001;QINnJ;1;"2022-04-07 00:00:00";"2022-04-07 19:14:00";16;6764;20;10;0;<FLG>
V6155020;V615502001;QINnJ;1;"2022-04-08 00:00:00";"2022-04-08 23:59:59";16;6731;20;10;0;<FLG>
V6155020;V615502001;QINnJ;1;"2022-04-09 00:00:00";"2022-04-09 18:22:00";16;6701;20;10;0;<FLG>
V6155020;V615502001;QINnJ;1;"2022-04-10 00:00:00";"2022-04-10 23:59:59";16;6635;20;10;0;<FLG>
V6155020;V615502001;QINnJ;1;"2022-04-11 00:00:00";"2022-04-11 23:59:59";16;6586;20;10;0;<FLG>
V6155020;V615502001;QINnJ;1;"2022-04-12 00:00:00";"2022-04-12 23:59:59";16;6503;20;10;0;<FLG>
V6155020;V615502001;QINnJ;1;"2022-04-13 00:00:00";"2022-04-13 22:12:00";16;6422;20;10;0;<FLG>
V6155020;V615502001;QINnJ;1;"2022-04-14 00:00:00";"2022-04-14 21:05:00";16;6340;20;10;0;<FLG>
V6155020;V615502001;QINnJ;1;"2022-04-15 00:00:00";"2022-04-15 23:59:59";16;6307;20;10;0;<FLG>
V6155020;V615502001;QINnJ;1;"2022-04-16 00:00:00";"2022-04-16 23:59:59";16;6291;20;10;0;<FLG>
V6155020;V615502001;QINnJ;1;"2022-04-17 00:00:00";"2022-04-17 14:39:00";16;6221;20;10;0;<FLG>
V6155020;V615502001;QINnJ;1;"2022-04-18 00:00:00";"2022-04-18 23:59:59";16;6212;20;10;0;<FLG>
V6155020;V615502001;QINnJ;1;"2022-04-19 00:00:00";"2022-04-19 22:27:00";16;6180;20;10;0;<FLG>
V6155020;V615502001;QINnJ;1;"2022-04-20 00:00:00";"2022-04-20 15:46:00";16;6150;20;10;0;<FLG>
V6155020;V615502001;QINnJ;1;"2022-04-21 00:00:00";"2022-04-21 17:33:00";16;6143;20;10;0;<FLG>
V6155020;V615502001;QINnJ;1;"2022-04-22 00:00:00";"2022-04-22 00:00:00";16;6167;20;10;0;<FLG>
V6155020;V615502001;QINnJ;1;"2022-04-23 00:00:00";"2022-04-23 00:00:00";16;6965;20;10;0;<FLG>
V6155020;V615502001;QINnJ;1;"2022-04-24 00:00:00";"2022-04-24 00:00:00";16;8895;20;10;0;<FLG>
V6155020;V615502001;QINnJ;1;"2022-04-25 00:00:00";"2022-04-25 00:00:00";16;16738;20;10;0;<FLG>
V6155020;V615502001;QINnJ;1;"2022-04-26 00:00:00";"2022-04-26 00:00:00";16;18048;20;10;0;<FLG>
V6155020;V615502001;QINnJ;1;"2022-04-27 00:00:00";"2022-04-27 23:59:59";16;18008;20;10;0;<FLG>
V6155020;V615502001;QINnJ;1;"2022-04-28 00:00:00";"2022-04-28 23:59:59";16;17038;20;10;0;<FLG>
V6155020;V615502001;QINnJ;1;"2022-04-29 00:00:00";"2022-04-29 23:59:59";16;16040;20;10;0;<FLG>
V6155020;V615502001;QINnJ;1;"2022-04-30 00:00:00";"2022-04-30 23:59:59";16;15243;20;10;0;<FLG>
V6155020;V615502001;QINnJ;1;"2022-05-01 00:00:00";"2022-05-01 23:59:59";16;14583;20;10;0;<FLG>
V6155020;V615502001;QINnJ;1;"2022-05-02 00:00:00";"2022-05-02 23:59:59";16;13981;20;10;0;<FLG>
V6155020;V615502001;QINnJ;1;"2022-05-03 00:00:00";"2022-05-03 23:59:59";16;13349;20;10;0;<FLG>
V6155020;V615502001;QINnJ;1;"2022-05-04 00:00:00";"2022-05-04 23:59:59";16;12957;20;10;0;<FLG>
V6155020;V615502001;QINnJ;1;"2022-05-05 00:00:00";"2022-05-05 23:59:59";16;12695;20;10;0;<FLG>
V6155020;V615502001;QINnJ;1;"2022-05-06 00:00:00";"2022-05-06 23:59:59";16;12282;20;10;0;<FLG>
V6155020;V615502001;QINnJ;1;"2022-05-07 00:00:00";"2022-05-07 21:00:00";16;11949;20;10;0;<FLG>
V6155020;V615502001;QINnJ;1;"2022-05-08 00:00:00";"2022-05-08 00:00:00";16;11986;20;10;0;<FLG>
V6155020;V615502001;QINnJ;1;"2022-05-09 00:00:00";"2022-05-09 00:00:00";16;12279;20;10;0;<FLG>
V6155020;V615502001;QINnJ;1;"2022-05-10 00:00:00";"2022-05-10 00:00:00";16;14144;20;10;0;<FLG>
V6155020;V615502001;QINnJ;1;"2022-05-11 00:00:00";"2022-05-11 00:00:00";16;14752;20;10;0;<FLG>
V6155020;V615502001;QINnJ;1;"2022-05-12 00:00:00";"2022-05-12 23:59:59";16;14400;20;10;0;<FLG>
V6155020;V615502001;QINnJ;1;"2022-05-13 00:00:00";"2022-05-13 23:59:59";16;13997;20;10;0;<FLG>
V6155020;V615502001;QINnJ;1;"2022-05-14 00:00:00";"2022-05-14 23:59:59";16;13596;20;10;0;<FLG>
V6155020;V615502001;QINnJ;1;"2022-05-15 00:00:00";"2022-05-15 23:59:59";16;13211;20;10;0;<FLG>
V6155020;V615502001;QINnJ;1;"2022-05-16 00:00:00";"2022-05-16 23:59:59";16;12784;20;10;0;<FLG>
V6155020;V615502001;QINnJ;1;"2022-05-17 00:00:00";"2022-05-17 23:59:59";16;12349;20;10;0;<FLG>
V6155020;V615502001;QINnJ;1;"2022-05-18 00:00:00";"2022-05-18 23:59:59";16;11893;20;10;0;<FLG>
V6155020;V615502001;QINnJ;1;"2022-05-19 00:00:00";"2022-05-19 23:59:59";16;11507;20;10;0;<FLG>
V6155020;V615502001;QINnJ;1;"2022-05-20 00:00:00";"2022-05-20 23:59:59";16;11195;20;10;0;<FLG>
V6155020;V615502001;QINnJ;1;"2022-05-21 00:00:00";"2022-05-21 23:59:59";16;10900;20;10;0;<FLG>
V6155020;V615502001;QINnJ;1;"2022-05-22 00:00:00";"2022-05-22 19:41:00";16;10661;20;10;0;<FLG>
V6155020;V615502001;QINnJ;1;"2022-05-23 00:00:00";"2022-05-23 23:59:59";16;10400;20;10;0;<FLG>
V6155020;V615502001;QINnJ;1;"2022-05-24 00:00:00";"2022-05-24 23:59:59";16;10161;20;10;0;<FLG>
V6155020;V615502001;QINnJ;1;"2022-05-25 00:00:00";"2022-05-25 23:59:59";16;9910;20;10;0;<FLG>
V6155020;V615502001;QINnJ;1;"2022-05-26 00:00:00";"2022-05-26 23:59:59";16;9657;20;10;0;<FLG>
V6155020;V615502001;QINnJ;1;"2022-05-27 00:00:00";"2022-05-27 23:59:59";16;9402;20;10;0;<FLG>
V6155020;V615502001;QINnJ;1;"2022-05-28 00:00:00";"2022-05-28 23:59:59";16;9257;20;10;0;<FLG>
V6155020;V615502001;QINnJ;1;"2022-05-29 00:00:00";"2022-05-29 23:59:59";16;9094;20;10;0;<FLG>
V6155020;V615502001;QINnJ;1;"2022-05-30 00:00:00";"2022-05-30 23:59:59";16;8894;20;10;0;<FLG>
V6155020;V615502001;QINnJ;1;"2022-05-31 00:00:00";"2022-05-31 23:59:59";16;8628;20;10;0;<FLG>
V6155020;V615502001;QINnJ;1;"2022-06-01 00:00:00";"2022-06-01 23:59:59";16;8438;20;10;0;<FLG>
V6155020;V615502001;QINnJ;1;"2022-06-02 00:00:00";"2022-06-02 23:59:59";16;8248;20;10;0;<FLG>
V6155020;V615502001;QINnJ;1;"2022-06-03 00:00:00";"2022-06-03 23:59:59";16;8144;20;10;0;<FLG>
V6155020;V615502001;QINnJ;1;"2022-06-04 00:00:00";"2022-06-04 23:59:59";16;7982;20;10;0;<FLG>
V6155020;V615502001;QINnJ;1;"2022-06-05 00:00:00";"2022-06-05 23:59:59";16;7845;20;10;0;<FLG>
V6155020;V615502001;QINnJ;1;"2022-06-06 00:00:00";"2022-06-06 23:59:59";16;7721;20;10;0;<FLG>
V6155020;V615502001;QINnJ;1;"2022-06-07 00:00:00";"2022-06-07 23:59:59";16;7602;20;10;0;<FLG>
V6155020;V615502001;QINnJ;1;"2022-06-08 00:00:00";"2022-06-08 23:59:59";16;7484;20;10;0;<FLG>
V6155020;V615502001;QINnJ;1;"2022-06-09 00:00:00";"2022-06-09 23:59:59";16;7370;20;10;0;<FLG>
V6155020;V615502001;QINnJ;1;"2022-06-10 00:00:00";"2022-06-10 23:59:59";16;7264;20;10;0;<FLG>
V6155020;V615502001;QINnJ;1;"2022-06-11 00:00:00";"2022-06-11 23:59:59";16;7048;20;10;0;<FLG>
V6155020;V615502001;QINnJ;1;"2022-06-12 00:00:00";"2022-06-12 23:59:59";16;6953;20;10;0;<FLG>
V6155020;V615502001;QINnJ;1;"2022-06-13 00:00:00";"2022-06-13 23:59:59";16;6857;20;10;0;<FLG>
V6155020;V615502001;QINnJ;1;"2022-06-14 00:00:00";"2022-06-14 23:59:59";16;6771;20;10;0;<FLG>
V6155020;V615502001;QINnJ;1;"2022-06-15 00:00:00";"2022-06-15 23:59:59";16;6687;20;10;0;<FLG>
V6155020;V615502001;QINnJ;1;"2022-06-16 00:00:00";"2022-06-16 23:59:59";16;6603;20;10;0;<FLG>
V6155020;V615502001;QINnJ;1;"2022-06-17 00:00:00";"2022-06-17 23:59:59";16;6520;20;10;0;<FLG>
V6155020;V615502001;QINnJ;1;"2022-06-18 00:00:00";"2022-06-18 23:59:59";16;6460;20;10;0;<FLG>
V6155020;V615502001;QINnJ;1;"2022-06-19 00:00:00";"2022-06-19 23:59:59";16;6404;20;10;0;<FLG>
V6155020;V615502001;QINnJ;1;"2022-06-20 00:00:00";"2022-06-20 23:59:59";16;6310;20;10;0;<FLG>
V6155020;V615502001;QINnJ;1;"2022-06-21 00:00:00";"2022-06-21 23:59:59";16;6228;20;10;0;<FLG>
V6155020;V615502001;QINnJ;1;"2022-06-22 00:00:00";"2022-06-22 23:59:59";16;6148;20;10;0;<FLG>
V6155020;V615502001;QINnJ;1;"2022-06-23 00:00:00";"2022-06-23 23:59:59";16;6121;20;10;0;<FLG>
V6155020;V615502001;QINnJ;1;"2022-06-24 00:00:00";"2022-06-24 23:59:59";16;6094;20;10;0;<FLG>
V6155020;V615502001;QINnJ;1;"2022-06-25 00:00:00";"2022-06-25 23:59:59";16;6049;20;10;0;<FLG>
V6155020;V615502001;QINnJ;1;"2022-06-26 00:00:00";"2022-06-26 23:59:59";16;5961;20;10;0;<FLG>
V6155020;V615502001;QINnJ;1;"2022-06-27 00:00:00";"2022-06-27 23:59:59";16;5898;20;10;0;<FLG>
V6155020;V615502001;QINnJ;1;"2022-06-28 00:00:00";"2022-06-28 23:59:59";16;5877;20;10;0;<FLG>
V6155020;V615502001;QINnJ;1;"2022-06-29 00:00:00";"2022-06-29 23:59:59";16;5833;20;10;0;<FLG>
V6155020;V615502001;QINnJ;1;"2022-06-30 00:00:00";"2022-06-30 23:59:59";16;5781;20;10;0;<FLG>
V6155020;V615502001;QINnJ;1;"2022-07-01 00:00:00";"2022-07-01 23:59:59";16;5724;20;10;0;<FLG>
V6155020;V615502001;QINnJ;1;"2022-07-02 00:00:00";"2022-07-02 23:59:59";16;5668;20;10;0;<FLG>
V6155020;V615502001;QINnJ;1;"2022-07-03 00:00:00";"2022-07-03 23:59:59";16;5611;20;10;0;<FLG>
V6155020;V615502001;QINnJ;1;"2022-07-04 00:00:00";"2022-07-04 23:59:59";16;5554;20;10;0;<FLG>
V6155020;V615502001;QINnJ;1;"2022-07-05 00:00:00";"2022-07-05 23:59:59";16;5497;20;10;0;<FLG>
V6155020;V615502001;QINnJ;1;"2022-07-06 00:00:00";"2022-07-06 23:59:59";16;5440;20;10;0;<FLG>
V6155020;V615502001;QINnJ;1;"2022-07-07 00:00:00";"2022-07-07 23:59:59";16;5430;20;10;0;<FLG>
V6155020;V615502001;QINnJ;1;"2022-07-08 00:00:00";"2022-07-08 23:59:59";16;5402;20;10;0;<FLG>
V6155020;V615502001;QINnJ;1;"2022-07-09 00:00:00";"2022-07-09 23:59:59";16;5385;20;10;0;<FLG>
V6155020;V615502001;QINnJ;1;"2022-07-10 00:00:00";"2022-07-10 23:59:59";16;5344;20;10;0;<FLG>
V6155020;V615502001;QINnJ;1;"2022-07-11 00:00:00";"2022-07-11 23:59:59";16;5318;20;10;0;<FLG>
V6155020;V615502001;QINnJ;1;"2022-07-12 00:00:00";"2022-07-12 23:59:59";16;5270;20;10;0;<FLG>
V6155020;V615502001;QINnJ;1;"2022-07-13 00:00:00";"2022-07-13 23:59:59";16;5213;20;10;0;<FLG>
V6155020;V615502001;QINnJ;1;"2022-07-14 00:00:00";"2022-07-14 02:20:00";16;5207;20;10;0;<FLG>
V6155020;V615502001;QINnJ;1;"2022-07-15 00:00:00";"2022-07-15 18:37:00";16;5146;20;10;0;<FLG>
V6155020;V615502001;QINnJ;1;"2022-07-16 00:00:00";"2022-07-16 23:59:59";16;5146;20;10;0;<FLG>
V6155020;V615502001;QINnJ;1;"2022-07-17 00:00:00";"2022-07-17 23:59:59";16;5085;20;10;0;<FLG>
V6155020;V615502001;QINnJ;1;"2022-07-18 00:00:00";"2022-07-18 23:59:59";16;5050;20;10;0;<FLG>
V6155020;V615502001;QINnJ;1;"2022-07-19 00:00:00";"2022-07-19 04:24:00";16;5023;20;10;0;<FLG>
V6155020;V615502001;QINnJ;1;"2022-07-20 00:00:00";"2022-07-20 23:57:00";16;4996;20;10;0;<FLG>
V6155020;V615502001;QINnJ;1;"2022-07-21 00:00:00";"2022-07-21 23:59:59";16;4966;20;10;0;<FLG>
V6155020;V615502001;QINnJ;1;"2022-07-22 00:00:00";"2022-07-22 20:20:00";16;4883;20;10;0;<FLG>
V6155020;V615502001;QINnJ;1;"2022-07-23 00:00:00";"2022-07-23 23:59:59";16;4871;20;10;0;<FLG>
V6155020;V615502001;QINnJ;1;"2022-07-24 00:00:00";"2022-07-24 23:59:59";16;4853;20;10;0;<FLG>
V6155020;V615502001;QINnJ;1;"2022-07-25 00:00:00";"2022-07-25 08:34:00";16;4821;20;10;0;<FLG>
V6155020;V615502001;QINnJ;1;"2022-07-26 00:00:00";"2022-07-26 23:59:59";16;4814;20;10;0;<FLG>
V6155020;V615502001;QINnJ;1;"2022-07-27 00:00:00";"2022-07-27 07:52:00";16;4786;20;10;0;<FLG>
V6155020;V615502001;QINnJ;1;"2022-07-28 00:00:00";"2022-07-28 23:59:59";16;4762;20;10;0;<FLG>
V6155020;V615502001;QINnJ;1;"2022-07-29 00:00:00";"2022-07-29 23:59:59";16;4748;20;10;0;<FLG>
V6155020;V615502001;QINnJ;1;"2022-07-30 00:00:00";"2022-07-30 10:15:00";16;4741;20;10;0;<FLG>
V6155020;V615502001;QINnJ;1;"2022-07-31 00:00:00";"2022-07-31 23:59:59";16;4701;20;10;0;<FLG>
V6155020;V615502001;QINnJ;1;"2022-08-01 00:00:00";"2022-08-01 04:00:00";16;4670;20;10;0;<FLG>
V6155020;V615502001;QINnJ;1;"2022-08-02 00:00:00";"2022-08-02 23:59:59";16;4640;20;10;0;<FLG>
V6155020;V615502001;QINnJ;1;"2022-08-03 00:00:00";"2022-08-03 21:30:00";16;4589;20;10;0;<FLG>
V6155020;V615502001;QINnJ;1;"2022-08-04 00:00:00";"2022-08-04 00:00:00";16;4599;20;10;0;<FLG>
V6155020;V615502001;QINnJ;1;"2022-08-05 00:00:00";"2022-08-05 23:59:59";16;4568;20;10;0;<FLG>
V6155020;V615502001;QINnJ;1;"2022-08-06 00:00:00";"2022-08-06 21:50:00";16;4527;20;10;0;<FLG>
V6155020;V615502001;QINnJ;1;"2022-08-07 00:00:00";"2022-08-07 00:00:00";16;4532;20;10;0;<FLG>
V6155020;V615502001;QINnJ;1;"2022-08-08 00:00:00";"2022-08-08 23:59:59";16;4541;20;10;0;<FLG>
V6155020;V615502001;QINnJ;1;"2022-08-09 00:00:00";"2022-08-09 09:00:00";16;4478;20;10;0;<FLG>
V6155020;V615502001;QINnJ;1;"2022-08-10 00:00:00";"2022-08-10 08:40:00";16;4451;20;10;0;<FLG>
V6155020;V615502001;QINnJ;1;"2022-08-11 00:00:00";"2022-08-11 23:59:59";16;4494;20;10;0;<FLG>
V6155020;V615502001;QINnJ;1;"2022-08-12 00:00:00";"2022-08-12 23:59:59";16;4484;20;10;0;<FLG>
V6155020;V615502001;QINnJ;1;"2022-08-13 00:00:00";"2022-08-13 23:59:59";16;4475;20;10;0;<FLG>
V6155020;V615502001;QINnJ;1;"2022-08-14 00:00:00";"2022-08-14 17:10:00";16;4468;20;10;0;<FLG>
V6155020;V615502001;QINnJ;1;"2022-08-15 00:00:00";"2022-08-15 16:56:00";16;4475;20;10;0;<FLG>
V6155020;V615502001;QINnJ;1;"2022-08-16 00:00:00";"2022-08-16 23:59:59";16;4473;20;10;0;<FLG>
V6155020;V615502001;QINnJ;1;"2022-08-17 00:00:00";"2022-08-17 19:50:00";16;4407;20;10;0;<FLG>
V6155020;V615502001;QINnJ;1;"2022-08-18 00:00:00";"2022-08-18 00:00:00";16;4412;20;10;0;<FLG>
V6155020;V615502001;QINnJ;1;"2022-08-19 00:00:00";"2022-08-19 00:00:00";16;4442;20;10;0;<FLG>
V6155020;V615502001;QINnJ;1;"2022-08-20 00:00:00";"2022-08-20 23:59:59";16;4390;20;10;0;<FLG>
V6155020;V615502001;QINnJ;1;"2022-08-21 00:00:00";"2022-08-21 09:45:00";16;4349;20;10;0;<FLG>
V6155020;V615502001;QINnJ;1;"2022-08-22 00:00:00";"2022-08-22 00:00:00";16;4370;20;10;0;<FLG>
V6155020;V615502001;QINnJ;1;"2022-08-23 00:00:00";"2022-08-23 23:59:59";16;4330;20;10;0;<FLG>
V6155020;V615502001;QINnJ;1;"2022-08-24 00:00:00";"2022-08-24 11:11:00";16;4271;20;10;0;<FLG>
V6155020;V615502001;QINnJ;1;"2022-08-25 00:00:00";"2022-08-25 00:00:00";16;4275;20;10;0;<FLG>
V6155020;V615502001;QINnJ;1;"2022-08-26 00:00:00";"2022-08-26 00:00:00";16;4289;20;10;0;<FLG>
V6155020;V615502001;QINnJ;1;"2022-08-27 00:00:00";"2022-08-27 23:59:59";16;4264;20;10;0;<FLG>
V6155020;V615502001;QINnJ;1;"2022-08-28 00:00:00";"2022-08-28 21:45:00";16;4212;20;10;0;<FLG>
V6155020;V615502001;QINnJ;1;"2022-08-29 00:00:00";"2022-08-29 00:00:00";16;4228;20;10;0;<FLG>
V6155020;V615502001;QINnJ;1;"2022-08-30 00:00:00";"2022-08-30 23:59:59";16;4208;20;10;0;<FLG>
V6155020;V615502001;QINnJ;1;"2022-08-31 00:00:00";"2022-08-31 00:04:00";16;4208;20;10;0;<FLG>
V6155020;V615502001;QINnJ;1;"2022-09-01 00:00:00";"2022-09-01 01:03:00";16;4240;20;10;0;<FLG>
V6155020;V615502001;QINnJ;1;"2022-09-02 00:00:00";"2022-09-02 00:00:00";16;4325;20;10;0;<FLG>
V6155020;V615502001;QINnJ;1;"2022-09-03 00:00:00";"2022-09-03 23:59:59";16;4215;20;10;0;<FLG>
V6155020;V615502001;QINnJ;1;"2022-09-04 00:00:00";"2022-09-04 03:25:00";16;4199;20;10;0;<FLG>
V6155020;V615502001;QINnJ;1;"2022-09-05 00:00:00";"2022-09-05 23:59:59";16;4378;20;10;0;<FLG>
V6155020;V615502001;QINnJ;1;"2022-09-06 00:00:00";"2022-09-06 23:59:59";16;4339;20;10;0;<FLG>
V6155020;V615502001;QINnJ;1;"2022-09-07 00:00:00";"2022-09-07 14:00:00";16;4316;20;10;0;<FLG>
V6155020;V615502001;QINnJ;1;"2022-09-08 00:00:00";"2022-09-08 00:00:00";16;4354;20;10;0;<FLG>
V6155020;V615502001;QINnJ;1;"2022-09-09 00:00:00";"2022-09-09 00:00:00";16;4594;20;10;0;<FLG>
V6155020;V615502001;QINnJ;1;"2022-09-10 00:00:00";"2022-09-10 23:59:59";16;4538;20;10;0;<FLG>
V6155020;V615502001;QINnJ;1;"2022-09-11 00:00:00";"2022-09-11 23:59:59";16;4474;20;10;0;<FLG>
V6155020;V615502001;QINnJ;1;"2022-09-12 00:00:00";"2022-09-12 23:59:59";16;4436;20;10;0;<FLG>
V6155020;V615502001;QINnJ;1;"2022-09-13 00:00:00";"2022-09-13 23:59:59";16;4357;20;10;0;<FLG>
V6155020;V615502001;QINnJ;1;"2022-09-14 00:00:00";"2022-09-14 23:59:59";16;4325;20;10;0;<FLG>
V6155020;V615502001;QINnJ;1;"2022-09-15 00:00:00";"2022-09-15 23:59:59";16;4287;20;10;0;<FLG>
V6155020;V615502001;QINnJ;1;"2022-09-16 00:00:00";"2022-09-16 23:59:59";16;4226;20;10;0;<FLG>
V6155020;V615502001;QINnJ;1;"2022-09-17 00:00:00";"2022-09-17 20:44:00";16;4178;20;10;0;<FLG>
V6155020;V615502001;QINnJ;1;"2022-09-18 00:00:00";"2022-09-18 00:00:00";16;4190;20;10;0;<FLG>
V6155020;V615502001;QINnJ;1;"2022-09-19 00:00:00";"2022-09-19 23:59:59";16;4166;20;10;0;<FLG>
V6155020;V615502001;QINnJ;1;"2022-09-20 00:00:00";"2022-09-20 23:59:59";16;4122;20;10;0;<FLG>
V6155020;V615502001;QINnJ;1;"2022-09-21 00:00:00";"2022-09-21 06:12:00";16;4110;20;10;0;<FLG>
V6155020;V615502001;QINnJ;1;"2022-09-22 00:00:00";"2022-09-22 23:59:59";16;4121;20;10;0;<FLG>
V6155020;V615502001;QINnJ;1;"2022-09-23 00:00:00";"2022-09-23 21:35:00";16;4062;20;10;0;<FLG>
V6155020;V615502001;QINnJ;1;"2022-09-24 00:00:00";"2022-09-24 00:00:00";16;4068;20;10;0;<FLG>
V6155020;V615502001;QINnJ;1;"2022-09-25 00:00:00";"2022-09-25 00:00:00";16;4518;20;10;0;<FLG>
V6155020;V615502001;QINnJ;1;"2022-09-26 00:00:00";"2022-09-26 23:59:59";16;4656;20;10;0;<FLG>
V6155020;V615502001;QINnJ;1;"2022-09-27 00:00:00";"2022-09-27 19:38:00";16;4547;20;10;0;<FLG>
V6155020;V615502001;QINnJ;1;"2022-09-28 00:00:00";"2022-09-28 23:59:59";16;4514;20;10;0;<FLG>
V6155020;V615502001;QINnJ;1;"2022-09-29 00:00:00";"2022-09-29 23:59:59";16;4364;20;10;0;<FLG>
V6155020;V615502001;QINnJ;1;"2022-09-30 00:00:00";"2022-09-30 23:59:59";16;4228;20;10;0;<FLG>
V6155020;V615502001;QINnJ;1;"2022-10-01 00:00:00";"2022-10-01 09:41:00";16;4177;20;10;0;<FLG>
V6155020;V615502001;QINnJ;1;"2022-10-02 00:00:00";"2022-10-02 23:59:59";16;4146;20;10;0;<FLG>
V6155020;V615502001;QINnJ;1;"2022-10-03 00:00:00";"2022-10-03 23:59:59";16;4057;20;10;0;<FLG>
V6155020;V615502001;QINnJ;1;"2022-10-04 00:00:00";"2022-10-04 07:41:00";16;4036;20;10;0;<FLG>
V6155020;V615502001;QINnJ;1;"2022-10-05 00:00:00";"2022-10-05 07:35:00";16;4036;20;10;0;<FLG>
V6155020;V615502001;QINnJ;1;"2022-10-06 00:00:00";"2022-10-06 23:17:00";16;3985;20;10;0;<FLG>
V6155020;V615502001;QINnJ;1;"2022-10-07 00:00:00";"2022-10-07 09:43:00";16;3985;20;10;0;<FLG>
V6155020;V615502001;QINnJ;1;"2022-10-08 00:00:00";"2022-10-08 00:00:00";16;3995;20;10;0;<FLG>
V6155020;V615502001;QINnJ;1;"2022-10-09 00:00:00";"2022-10-09 23:59:59";16;3985;20;10;0;<FLG>
V6155020;V615502001;QINnJ;1;"2022-10-10 00:00:00";"2022-10-10 23:59:59";16;3951;20;10;0;<FLG>
V6155020;V615502001;QINnJ;1;"2022-10-11 00:00:00";"2022-10-11 01:13:00";16;3947;20;10;0;<FLG>
V6155020;V615502001;QINnJ;1;"2022-10-12 00:00:00";"2022-10-12 23:59:59";16;3991;20;10;0;<FLG>
V6155020;V615502001;QINnJ;1;"2022-10-13 00:00:00";"2022-10-13 23:53:00";16;3934;20;10;0;<FLG>
V6155020;V615502001;QINnJ;1;"2022-10-14 00:00:00";"2022-10-14 19:44:00";16;3934;20;10;0;<FLG>
V6155020;V615502001;QINnJ;1;"2022-10-15 00:00:00";"2022-10-15 00:00:00";16;3934;20;10;0;<FLG>
V6155020;V615502001;QINnJ;1;"2022-10-16 00:00:00";"2022-10-16 23:59:59";16;3855;20;10;0;<FLG>
V6155020;V615502001;QINnJ;1;"2022-10-17 00:00:00";"2022-10-17 23:59:59";16;3826;20;10;0;<FLG>
V6155020;V615502001;QINnJ;1;"2022-10-18 00:00:00";"2022-10-18 08:25:00";16;3793;20;10;0;<FLG>
V6155020;V615502001;QINnJ;1;"2022-10-19 00:00:00";"2022-10-19 00:00:00";16;3862;20;10;0;<FLG>
V6155020;V615502001;QINnJ;1;"2022-10-20 00:00:00";"2022-10-20 08:13:00";16;3844;20;10;0;<FLG>
V6155020;V615502001;QINnJ;1;"2022-10-21 00:00:00";"2022-10-21 11:48:00";16;3832;20;10;0;<FLG>
V6155020;V615502001;QINnJ;1;"2022-10-22 00:00:00";"2022-10-22 00:00:00";16;3848;20;10;0;<FLG>
V6155020;V615502001;QINnJ;1;"2022-10-23 00:00:00";"2022-10-23 23:59:59";16;3793;20;10;0;<FLG>
V6155020;V615502001;QINnJ;1;"2022-10-24 00:00:00";"2022-10-24 23:36:00";16;3780;20;10;0;<FLG>
V6155020;V615502001;QINnJ;1;"2022-10-25 00:00:00";"2022-10-25 00:00:00";16;3781;20;10;0;<FLG>
V6155020;V615502001;QINnJ;1;"2022-10-26 00:00:00";"2022-10-26 23:59:59";16;3804;20;10;0;<FLG>
V6155020;V615502001;QINnJ;1;"2022-10-27 00:00:00";"2022-10-27 23:37:00";16;3755;20;10;0;<FLG>
V6155020;V615502001;QINnJ;1;"2022-10-28 00:00:00";"2022-10-28 23:59:59";16;3737;20;10;0;<FLG>
V6155020;V615502001;QINnJ;1;"2022-10-29 00:00:00";"2022-10-29 01:41:00";16;3729;20;10;0;<FLG>
V6155020;V615502001;QINnJ;1;"2022-10-30 00:00:00";"2022-10-30 23:59:59";16;3762;20;10;0;<FLG>
V6155020;V615502001;QINnJ;1;"2022-10-31 00:00:00";"2022-10-31 07:35:00";16;3755;20;10;0;<FLG>
V6155020;V615502001;QINnJ;1;"2022-11-01 00:00:00";"2022-11-01 03:00:00";16;3755;20;10;0;<FLG>
V6155020;V615502001;QINnJ;1;"2022-11-02 00:00:00";"2022-11-02 10:28:00";16;4275;20;10;0;<FLG>
V6155020;V615502001;QINnJ;1;"2022-11-03 00:00:00";"2022-11-03 07:59:00";16;4241;20;10;0;<FLG>
V6155020;V615502001;QINnJ;1;"2022-11-04 00:00:00";"2022-11-04 00:00:00";16;6551;20;10;0;<FLG>
V6155020;V615502001;QINnJ;1;"2022-11-05 00:00:00";"2022-11-05 23:59:59";16;7437;20;10;0;<FLG>
V6155020;V615502001;QINnJ;1;"2022-11-06 00:00:00";"2022-11-06 23:59:59";16;6677;20;10;0;<FLG>
V6155020;V615502001;QINnJ;1;"2022-11-07 00:00:00";"2022-11-07 23:59:59";16;6076;20;10;0;<FLG>
V6155020;V615502001;QINnJ;1;"2022-11-08 00:00:00";"2022-11-08 23:59:59";16;5637;20;10;0;<FLG>
V6155020;V615502001;QINnJ;1;"2022-11-09 00:00:00";"2022-11-09 18:20:00";16;5464;20;10;0;<FLG>
V6155020;V615502001;QINnJ;1;"2022-11-10 00:00:00";"2022-11-10 00:00:00";16;5874;20;10;0;<FLG>
V6155020;V615502001;QINnJ;1;"2022-11-11 00:00:00";"2022-11-11 23:59:59";16;7978;20;10;0;<FLG>
V6155020;V615502001;QINnJ;1;"2022-11-12 00:00:00";"2022-11-12 23:59:59";16;7610;20;10;0;<FLG>
V6155020;V615502001;QINnJ;1;"2022-11-13 00:00:00";"2022-11-13 23:59:59";16;7126;20;10;0;<FLG>
V6155020;V615502001;QINnJ;1;"2022-11-14 00:00:00";"2022-11-14 23:59:59";16;6719;20;10;0;<FLG>
V6155020;V615502001;QINnJ;1;"2022-11-15 00:00:00";"2022-11-15 23:59:59";16;6357;20;10;0;<FLG>
V6155020;V615502001;QINnJ;1;"2022-11-16 00:00:00";"2022-11-16 04:15:00";16;6293;20;10;0;<FLG>
V6155020;V615502001;QINnJ;1;"2022-11-17 00:00:00";"2022-11-17 00:00:00";16;6830;20;10;0;<FLG>
V6155020;V615502001;QINnJ;1;"2022-11-18 00:00:00";"2022-11-18 23:59:59";16;7253;20;10;0;<FLG>
V6155020;V615502001;QINnJ;1;"2022-11-19 00:00:00";"2022-11-19 23:59:59";16;6979;20;10;0;<FLG>
V6155020;V615502001;QINnJ;1;"2022-11-20 00:00:00";"2022-11-20 23:59:59";16;6716;20;10;0;<FLG>
V6155020;V615502001;QINnJ;1;"2022-11-21 00:00:00";"2022-11-21 22:44:00";16;6519;20;10;0;<FLG>
V6155020;V615502001;QINnJ;1;"2022-11-22 00:00:00";"2022-11-22 00:00:00";16;6521;20;10;0;<FLG>
V6155020;V615502001;QINnJ;1;"2022-11-23 00:00:00";"2022-11-23 15:36:00";16;6544;20;10;0;<FLG>
V6155020;V615502001;QINnJ;1;"2022-11-24 00:00:00";"2022-11-24 23:59:59";16;6493;20;10;0;<FLG>
V6155020;V615502001;QINnJ;1;"2022-11-25 00:00:00";"2022-11-25 23:59:59";16;6318;20;10;0;<FLG>
V6155020;V615502001;QINnJ;1;"2022-11-26 00:00:00";"2022-11-26 23:59:59";16;6145;20;10;0;<FLG>
V6155020;V615502001;QINnJ;1;"2022-11-27 00:00:00";"2022-11-27 23:59:59";16;6010;20;10;0;<FLG>
V6155020;V615502001;QINnJ;1;"2022-11-28 00:00:00";"2022-11-28 22:03:00";16;5923;20;10;0;<FLG>
V6155020;V615502001;QINnJ;1;"2022-11-29 00:00:00";"2022-11-29 00:00:00";16;5971;20;10;0;<FLG>
V6155020;V615502001;QINnJ;1;"2022-11-30 00:00:00";"2022-11-30 00:00:00";16;6621;20;10;0;<FLG>
V6155020;V615502001;QINnJ;1;"2022-12-01 00:00:00";"2022-12-01 07:06:00";16;6872;20;10;0;<FLG>
V6155020;V615502001;QINnJ;1;"2022-12-02 00:00:00";"2022-12-02 23:59:59";16;6823;20;10;0;<FLG>
V6155020;V615502001;QINnJ;1;"2022-12-03 00:00:00";"2022-12-03 21:50:00";16;6670;20;10;0;<FLG>
V6155020;V615502001;QINnJ;1;"2022-12-04 00:00:00";"2022-12-04 00:00:00";16;6768;20;10;0;<FLG>
V6155020;V615502001;QINnJ;1;"2022-12-05 00:00:00";"2022-12-05 00:00:00";16;15804;20;10;0;<FLG>
V6155020;V615502001;QINnJ;1;"2022-12-06 00:00:00";"2022-12-06 23:59:59";16;18790;20;10;0;<FLG>
V6155020;V615502001;QINnJ;1;"2022-12-07 00:00:00";"2022-12-07 23:59:59";16;17603;20;10;0;<FLG>
V6155020;V615502001;QINnJ;1;"2022-12-08 00:00:00";"2022-12-08 23:59:59";16;16271;20;10;0;<FLG>
V6155020;V615502001;QINnJ;1;"2022-12-09 00:00:00";"2022-12-09 04:30:00";16;16022;20;10;0;<FLG>
V6155020;V615502001;QINnJ;1;"2022-12-10 00:00:00";"2022-12-10 00:00:00";16;28262;20;10;0;<FLG>
V6155020;V615502001;QINnJ;1;"2022-12-11 00:00:00";"2022-12-11 23:59:59";16;33599;20;10;0;<FLG>
V6155020;V615502001;QINnJ;1;"2022-12-12 00:00:00";"2022-12-12 23:59:59";16;29885;20;10;0;<FLG>
V6155020;V615502001;QINnJ;1;"2022-12-13 00:00:00";"2022-12-13 13:10:00";16;27988;20;10;0;<FLG>
V6155020;V615502001;QINnJ;1;"2022-12-14 00:00:00";"2022-12-14 00:00:00";16;30305;20;10;0;<FLG>
V6155020;V615502001;QINnJ;1;"2022-12-15 00:00:00";"2022-12-15 00:00:00";16;33275;20;10;0;<FLG>
V6155020;V615502001;QINnJ;1;"2022-12-16 00:00:00";"2022-12-16 00:00:00";16;46141;20;10;0;<FLG>
V6155020;V615502001;QINnJ;1;"2022-12-17 00:00:00";"2022-12-17 23:59:59";16;51076;20;10;0;<FLG>
V6155020;V615502001;QINnJ;1;"2022-12-18 00:00:00";"2022-12-18 23:59:59";16;48679;20;10;0;<FLG>
V6155020;V615502001;QINnJ;1;"2022-12-19 00:00:00";"2022-12-19 23:59:59";16;45993;20;10;0;<FLG>
V6155020;V615502001;QINnJ;1;"2022-12-20 00:00:00";"2022-12-20 23:59:59";16;42612;20;10;0;<FLG>
V6155020;V615502001;QINnJ;1;"2022-12-21 00:00:00";"2022-12-21 23:59:59";16;38721;20;10;0;<FLG>
V6155020;V615502001;QINnJ;1;"2022-12-22 00:00:00";"2022-12-22 23:59:59";16;35294;20;10;0;<FLG>
V6155020;V615502001;QINnJ;1;"2022-12-23 00:00:00";"2022-12-23 23:59:59";16;32435;20;10;0;<FLG>
V6155020;V615502001;QINnJ;1;"2022-12-24 00:00:00";"2022-12-24 23:59:59";16;29914;20;10;0;<FLG>
V6155020;V615502001;QINnJ;1;"2022-12-25 00:00:00";"2022-12-25 23:59:59";16;27764;20;10;0;<FLG>
V6155020;V615502001;QINnJ;1;"2022-12-26 00:00:00";"2022-12-26 23:59:59";16;25614;20;10;0;<FLG>
V6155020;V615502001;QINnJ;1;"2022-12-27 00:00:00";"2022-12-27 23:59:59";16;23851;20;10;0;<FLG>
V6155020;V615502001;QINnJ;1;"2022-12-28 00:00:00";"2022-12-28 23:59:59";16;22426;20;10;0;<FLG>
V6155020;V615502001;QINnJ;1;"2022-12-29 00:00:00";"2022-12-29 23:59:59";16;21871;20;10;0;<FLG>
V6155020;V615502001;QINnJ;1;"2022-12-30 00:00:00";"2022-12-30 23:59:59";16;21427;20;10;0;<FLG>
V6155020;V615502001;QINnJ;1;"2022-12-31 00:00:00";"2022-12-31 23:59:59";16;20999;20;10;0;<FLG>
V6155020;V615502001;QINnJ;1;"2023-01-01 00:00:00";"2023-01-01 23:59:59";16;20571;20;10;0;<FLG>
V6155020;V615502001;QINnJ;1;"2023-01-02 00:00:00";"2023-01-02 23:59:59";16;20143;20;10;0;<FLG>
V6155020;V615502001;QINnJ;1;"2023-01-03 00:00:00";"2023-01-03 23:59:59";16;19715;20;10;0;<FLG>
V6155020;V615502001;QINnJ;1;"2023-01-04 00:00:00";"2023-01-04 23:59:59";16;19287;20;10;0;<FLG>
V6155020;V615502001;QINnJ;1;"2023-01-05 00:00:00";"2023-01-05 23:59:59";16;18882;20;10;0;<FLG>
V6155020;V615502001;QINnJ;1;"2023-01-06 00:00:00";"2023-01-06 23:59:59";16;18494;20;10;0;<FLG>
V6155020;V615502001;QINnJ;1;"2023-01-07 00:00:00";"2023-01-07 23:59:59";16;18107;20;10;0;<FLG>
V6155020;V615502001;QINnJ;1;"2023-01-08 00:00:00";"2023-01-08 23:59:59";16;17719;20;10;0;<FLG>
V6155020;V615502001;QINnJ;1;"2023-01-09 00:00:00";"2023-01-09 13:42:00";16;17498;20;10;0;<FLG>
V6155020;V615502001;QINnJ;1;"2023-01-10 00:00:00";"2023-01-10 23:59:59";16;17499;20;10;0;<FLG>
V6155020;V615502001;QINnJ;1;"2023-01-11 00:00:00";"2023-01-11 23:59:59";16;17322;20;10;0;<FLG>
V6155020;V615502001;QINnJ;1;"2023-01-12 00:00:00";"2023-01-12 23:59:59";16;17145;20;10;0;<FLG>
V6155020;V615502001;QINnJ;1;"2023-01-13 00:00:00";"2023-01-13 23:59:59";16;16968;20;10;0;<FLG>
V6155020;V615502001;QINnJ;1;"2023-01-14 00:00:00";"2023-01-14 23:59:59";16;16790;20;10;0;<FLG>
V6155020;V615502001;QINnJ;1;"2023-01-15 00:00:00";"2023-01-15 23:59:59";16;16613;20;10;0;<FLG>
V6155020;V615502001;QINnJ;1;"2023-01-16 00:00:00";"2023-01-16 23:59:59";16;16436;20;10;0;<FLG>
V6155020;V615502001;QINnJ;1;"2023-01-17 00:00:00";"2023-01-17 23:59:59";16;16259;20;10;0;<FLG>
V6155020;V615502001;QINnJ;1;"2023-01-18 00:00:00";"2023-01-18 23:59:59";16;16082;20;10;0;<FLG>
V6155020;V615502001;QINnJ;1;"2023-01-19 00:00:00";"2023-01-19 23:59:59";16;15846;20;10;0;<FLG>
V6155020;V615502001;QINnJ;1;"2023-01-20 00:00:00";"2023-01-20 23:59:59";16;15547;20;10;0;<FLG>
V6155020;V615502001;QINnJ;1;"2023-01-21 00:00:00";"2023-01-21 23:59:59";16;15290;20;10;0;<FLG>
V6155020;V615502001;QINnJ;1;"2023-01-22 00:00:00";"2023-01-22 23:59:59";16;15050;20;10;0;<FLG>
V6155020;V615502001;QINnJ;1;"2023-01-23 00:00:00";"2023-01-23 23:59:59";16;14812;20;10;0;<FLG>
V6155020;V615502001;QINnJ;1;"2023-01-24 00:00:00";"2023-01-24 23:59:59";16;14580;20;10;0;<FLG>
V6155020;V615502001;QINnJ;1;"2023-01-25 00:00:00";"2023-01-25 23:59:59";16;14348;20;10;0;<FLG>
V6155020;V615502001;QINnJ;1;"2023-01-26 00:00:00";"2023-01-26 23:01:00";16;14125;20;10;0;<FLG>
V6155020;V615502001;QINnJ;1;"2023-01-27 00:00:00";"2023-01-27 23:59:59";16;13942;20;10;0;<FLG>
V6155020;V615502001;QINnJ;1;"2023-01-28 00:00:00";"2023-01-28 23:59:59";16;13645;20;10;0;<FLG>
V6155020;V615502001;QINnJ;1;"2023-01-29 00:00:00";"2023-01-29 23:59:59";16;13377;20;10;0;<FLG>
V6155020;V615502001;QINnJ;1;"2023-01-30 00:00:00";"2023-01-30 23:55:00";16;13155;20;10;0;<FLG>
V6155020;V615502001;QINnJ;1;"2023-01-31 00:00:00";"2023-01-31 23:59:59";16;13020;20;10;0;<FLG>
V6155020;V615502001;QINnJ;1;"2023-02-01 00:00:00";"2023-02-01 23:59:59";16;12755;20;10;0;<FLG>
V6155020;V615502001;QINnJ;1;"2023-02-02 00:00:00";"2023-02-02 23:59:59";16;12558;20;10;0;<FLG>
V6155020;V615502001;QINnJ;1;"2023-02-03 00:00:00";"2023-02-03 23:59:59";16;12361;20;10;0;<FLG>
V6155020;V615502001;QINnJ;1;"2023-02-04 00:00:00";"2023-02-04 23:59:59";16;12165;20;10;0;<FLG>
V6155020;V615502001;QINnJ;1;"2023-02-05 00:00:00";"2023-02-05 23:59:59";16;11968;20;10;0;<FLG>
V6155020;V615502001;QINnJ;1;"2023-02-06 00:00:00";"2023-02-06 23:59:59";16;11771;20;10;0;<FLG>
V6155020;V615502001;QINnJ;1;"2023-02-07 00:00:00";"2023-02-07 23:59:59";16;11574;20;10;0;<FLG>
V6155020;V615502001;QINnJ;1;"2023-02-08 00:00:00";"2023-02-08 23:59:59";16;11378;20;10;0;<FLG>
V6155020;V615502001;QINnJ;1;"2023-02-09 00:00:00";"2023-02-09 23:59:59";16;11181;20;10;0;<FLG>
V6155020;V615502001;QINnJ;1;"2023-02-10 00:00:00";"2023-02-10 23:59:59";16;10984;20;10;0;<FLG>
V6155020;V615502001;QINnJ;1;"2023-02-11 00:00:00";"2023-02-11 23:59:59";16;10788;20;10;0;<FLG>
V6155020;V615502001;QINnJ;1;"2023-02-12 00:00:00";"2023-02-12 23:59:59";16;10589;20;10;0;<FLG>
V6155020;V615502001;QINnJ;1;"2023-02-13 00:00:00";"2023-02-13 23:59:59";16;10311;20;10;0;<FLG>
V6155020;V615502001;QINnJ;1;"2023-02-14 00:00:00";"2023-02-14 23:59:59";16;10109;20;10;0;<FLG>
V6155020;V615502001;QINnJ;1;"2023-02-15 00:00:00";"2023-02-15 23:59:59";16;10014;20;10;0;<FLG>
V6155020;V615502001;QINnJ;1;"2023-02-16 00:00:00";"2023-02-16 23:59:59";16;9919;20;10;0;<FLG>
V6155020;V615502001;QINnJ;1;"2023-02-17 00:00:00";"2023-02-17 23:59:59";16;9825;20;10;0;<FLG>
V6155020;V615502001;QINnJ;1;"2023-02-18 00:00:00";"2023-02-18 23:59:59";16;9730;20;10;0;<FLG>
V6155020;V615502001;QINnJ;1;"2023-02-19 00:00:00";"2023-02-19 23:59:59";16;9638;20;10;0;<FLG>
V6155020;V615502001;QINnJ;1;"2023-02-20 00:00:00";"2023-02-20 23:59:59";16;9558;20;10;0;<FLG>
V6155020;V615502001;QINnJ;1;"2023-02-21 00:00:00";"2023-02-21 23:59:59";16;9478;20;10;0;<FLG>
V6155020;V615502001;QINnJ;1;"2023-02-22 00:00:00";"2023-02-22 23:59:59";16;9397;20;10;0;<FLG>
V6155020;V615502001;QINnJ;1;"2023-02-23 00:00:00";"2023-02-23 23:59:59";16;9317;20;10;0;<FLG>
V6155020;V615502001;QINnJ;1;"2023-02-24 00:00:00";"2023-02-24 23:59:59";16;9253;20;10;0;<FLG>
V6155020;V615502001;QINnJ;1;"2023-02-25 00:00:00";"2023-02-25 23:59:59";16;9220;20;10;0;<FLG>
V6155020;V615502001;QINnJ;1;"2023-02-26 00:00:00";"2023-02-26 23:59:59";16;9140;20;10;0;<FLG>
V6155020;V615502001;QINnJ;1;"2023-02-27 00:00:00";"2023-02-27 23:59:59";16;9018;20;10;0;<FLG>
V6155020;V615502001;QINnJ;1;"2023-02-28 00:00:00";"2023-02-28 23:59:59";16;8860;20;10;0;<FLG>
V6155020;V615502001;QINnJ;1;"2023-03-01 00:00:00";"2023-03-01 23:59:59";16;8806;20;10;0;<FLG>
V6155020;V615502001;QINnJ;1;"2023-03-02 00:00:00";"2023-03-02 23:59:59";16;8681;20;10;0;<FLG>
V6155020;V615502001;QINnJ;1;"2023-03-03 00:00:00";"2023-03-03 23:59:59";16;8613;20;10;0;<FLG>
V6155020;V615502001;QINnJ;1;"2023-03-04 00:00:00";"2023-03-04 23:59:59";16;8470;20;10;0;<FLG>
V6155020;V615502001;QINnJ;1;"2023-03-05 00:00:00";"2023-03-05 23:59:59";16;8376;20;10;0;<FLG>
V6155020;V615502001;QINnJ;1;"2023-03-06 00:00:00";"2023-03-06 02:11:00";16;8368;20;10;0;<FLG>
V6155020;V615502001;QINnJ;1;"2023-03-07 00:00:00";"2023-03-07 19:47:00";16;8129;20;10;0;<FLG>
V6155020;V615502001;QINnJ;1;"2023-03-08 00:00:00";"2023-03-08 11:41:00";16;8100;20;10;0;<FLG>
V6155020;V615502001;QINnJ;1;"2023-03-09 00:00:00";"2023-03-09 23:59:59";16;8049;20;10;0;<FLG>
V6155020;V615502001;QINnJ;1;"2023-03-10 00:00:00";"2023-03-10 23:59:59";16;8026;20;10;0;<FLG>
V6155020;V615502001;QINnJ;1;"2023-03-11 00:00:00";"2023-03-11 23:59:59";16;8010;20;10;0;<FLG>
V6155020;V615502001;QINnJ;1;"2023-03-12 00:00:00";"2023-03-12 00:49:00";16;8010;20;10;0;<FLG>
V6155020;V615502001;QINnJ;1;"2023-03-13 00:00:00";"2023-03-13 00:00:00";16;8224;20;10;0;<FLG>
V6155020;V615502001;QINnJ;1;"2023-03-14 00:00:00";"2023-03-14 00:00:00";16;8254;20;10;0;<FLG>
V6155020;V615502001;QINnJ;1;"2023-03-15 00:00:00";"2023-03-15 00:00:00";16;8744;20;10;0;<FLG>
V6155020;V615502001;QINnJ;1;"2023-03-16 00:00:00";"2023-03-16 00:00:00";16;9396;20;10;0;<FLG>
V6155020;V615502001;QINnJ;1;"2023-03-17 00:00:00";"2023-03-17 23:59:59";16;9347;20;10;0;<FLG>
V6155020;V615502001;QINnJ;1;"2023-03-18 00:00:00";"2023-03-18 23:59:59";16;9199;20;10;0;<FLG>
V6155020;V615502001;QINnJ;1;"2023-03-19 00:00:00";"2023-03-19 23:59:59";16;9060;20;10;0;<FLG>
V6155020;V615502001;QINnJ;1;"2023-03-20 00:00:00";"2023-03-20 23:59:59";16;8955;20;10;0;<FLG>
V6155020;V615502001;QINnJ;1;"2023-03-21 00:00:00";"2023-03-21 23:59:59";16;8861;20;10;0;<FLG>
V6155020;V615502001;QINnJ;1;"2023-03-22 00:00:00";"2023-03-22 23:59:59";16;8755;20;10;0;<FLG>
V6155020;V615502001;QINnJ;1;"2023-03-23 00:00:00";"2023-03-23 23:59:59";16;8637;20;10;0;<FLG>
V6155020;V615502001;QINnJ;1;"2023-03-24 00:00:00";"2023-03-24 23:59:59";16;8351;20;10;0;<FLG>
V6155020;V615502001;QINnJ;1;"2023-03-25 00:00:00";"2023-03-25 23:59:59";16;8274;20;10;0;<FLG>
V6155020;V615502001;QINnJ;1;"2023-03-26 00:00:00";"2023-03-26 23:59:59";16;8196;20;10;0;<FLG>
V6155020;V615502001;QINnJ;1;"2023-03-27 00:00:00";"2023-03-27 23:59:59";16;8119;20;10;0;<FLG>
V6155020;V615502001;QINnJ;1;"2023-03-28 00:00:00";"2023-03-28 23:59:59";16;8008;20;10;0;<FLG>
V6155020;V615502001;QINnJ;1;"2023-03-29 00:00:00";"2023-03-29 23:59:59";16;7874;20;10;0;<FLG>
V6155020;V615502001;QINnJ;1;"2023-03-30 00:00:00";"2023-03-30 23:59:59";16;7812;20;10;0;<FLG>
V6155020;V615502001;QINnJ;1;"2023-03-31 00:00:00";"2023-03-31 23:59:59";16;7759;20;10;0;<FLG>
V6155020;V615502001;QINnJ;1;"2023-04-01 00:00:00";"2023-04-01 17:27:00";16;7708;20;10;0;<FLG>
V6155020;V615502001;QINnJ;1;"2023-04-02 00:00:00";"2023-04-02 23:59:59";16;7620;20;10;0;<FLG>
V6155020;V615502001;QINnJ;1;"2023-04-03 00:00:00";"2023-04-03 23:59:59";16;7568;20;10;0;<FLG>
V6155020;V615502001;QINnJ;1;"2023-04-04 00:00:00";"2023-04-04 23:59:59";16;7470;20;10;0;<FLG>
V6155020;V615502001;QINnJ;1;"2023-04-05 00:00:00";"2023-04-05 23:59:59";16;7395;20;10;0;<FLG>
V6155020;V615502001;QINnJ;1;"2023-04-06 00:00:00";"2023-04-06 23:59:59";16;7306;20;10;0;<FLG>
V6155020;V615502001;QINnJ;1;"2023-04-07 00:00:00";"2023-04-07 23:59:59";16;7215;20;10;0;<FLG>
V6155020;V615502001;QINnJ;1;"2023-04-08 00:00:00";"2023-04-08 23:59:59";16;7134;20;10;0;<FLG>
V6155020;V615502001;QINnJ;1;"2023-04-09 00:00:00";"2023-04-09 23:59:59";16;7054;20;10;0;<FLG>
V6155020;V615502001;QINnJ;1;"2023-04-10 00:00:00";"2023-04-10 23:59:59";16;6982;20;10;0;<FLG>
V6155020;V615502001;QINnJ;1;"2023-04-11 00:00:00";"2023-04-11 23:59:59";16;6937;20;10;0;<FLG>
V6155020;V615502001;QINnJ;1;"2023-04-12 00:00:00";"2023-04-12 21:59:00";16;6896;20;10;0;<FLG>
V6155020;V615502001;QINnJ;1;"2023-04-13 00:00:00";"2023-04-13 23:59:59";16;6892;20;10;0;<FLG>
V6155020;V615502001;QINnJ;1;"2023-04-14 00:00:00";"2023-04-14 23:59:59";16;6826;20;10;0;<FLG>
V6155020;V615502001;QINnJ;1;"2023-04-15 00:00:00";"2023-04-15 17:40:00";16;6743;20;10;0;<FLG>
V6155020;V615502001;QINnJ;1;"2023-04-16 00:00:00";"2023-04-16 18:20:00";16;6607;20;10;0;<FLG>
V6155020;V615502001;QINnJ;1;"2023-04-17 00:00:00";"2023-04-17 23:59:59";16;6589;20;10;0;<FLG>
V6155020;V615502001;QINnJ;1;"2023-04-18 00:00:00";"2023-04-18 23:59:59";16;6510;20;10;0;<FLG>
V6155020;V615502001;QINnJ;1;"2023-04-19 00:00:00";"2023-04-19 23:59:59";16;6493;20;10;0;<FLG>
V6155020;V615502001;QINnJ;1;"2023-04-20 00:00:00";"2023-04-20 23:59:59";16;6475;20;10;0;<FLG>
V6155020;V615502001;QINnJ;1;"2023-04-21 00:00:00";"2023-04-21 23:59:59";16;6458;20;10;0;<FLG>
V6155020;V615502001;QINnJ;1;"2023-04-22 00:00:00";"2023-04-22 23:59:59";16;6393;20;10;0;<FLG>
V6155020;V615502001;QINnJ;1;"2023-04-23 00:00:00";"2023-04-23 23:59:59";16;6375;20;10;0;<FLG>
V6155020;V615502001;QINnJ;1;"2023-04-24 00:00:00";"2023-04-24 23:59:59";16;6357;20;10;0;<FLG>
V6155020;V615502001;QINnJ;1;"2023-04-25 00:00:00";"2023-04-25 23:59:59";16;6327;20;10;0;<FLG>
V6155020;V615502001;QINnJ;1;"2023-04-26 00:00:00";"2023-04-26 23:59:59";16;6275;20;10;0;<FLG>
V6155020;V615502001;QINnJ;1;"2023-04-27 00:00:00";"2023-04-27 23:59:59";16;6224;20;10;0;<FLG>
V6155020;V615502001;QINnJ;1;"2023-04-28 00:00:00";"2023-04-28 23:59:59";16;6172;20;10;0;<FLG>
V6155020;V615502001;QINnJ;1;"2023-04-29 00:00:00";"2023-04-29 23:59:59";16;6121;20;10;0;<FLG>
V6155020;V615502001;QINnJ;1;"2023-04-30 00:00:00";"2023-04-30 15:19:00";16;6072;20;10;0;<FLG>
V6155020;V615502001;QINnJ;1;"2023-05-01 00:00:00";"2023-05-01 00:00:00";16;6155;20;10;0;<FLG>
V6155020;V615502001;QINnJ;1;"2023-05-02 00:00:00";"2023-05-02 00:00:00";16;6338;20;10;0;<FLG>
V6155020;V615502001;QINnJ;1;"2023-05-03 00:00:00";"2023-05-03 23:59:59";16;6346;20;10;0;<FLG>
V6155020;V615502001;QINnJ;1;"2023-05-04 00:00:00";"2023-05-04 23:59:59";16;6247;20;10;0;<FLG>
V6155020;V615502001;QINnJ;1;"2023-05-05 00:00:00";"2023-05-05 23:59:59";16;6186;20;10;0;<FLG>
V6155020;V615502001;QINnJ;1;"2023-05-06 00:00:00";"2023-05-06 23:59:59";16;6149;20;10;0;<FLG>
V6155020;V615502001;QINnJ;1;"2023-05-07 00:00:00";"2023-05-07 23:59:59";16;6089;20;10;0;<FLG>
V6155020;V615502001;QINnJ;1;"2023-05-08 00:00:00";"2023-05-08 23:59:59";16;6028;20;10;0;<FLG>
V6155020;V615502001;QINnJ;1;"2023-05-09 00:00:00";"2023-05-09 23:59:59";16;6000;20;10;0;<FLG>
V6155020;V615502001;QINnJ;1;"2023-05-10 00:00:00";"2023-05-10 13:50:00";16;5914;20;10;0;<FLG>
V6155020;V615502001;QINnJ;1;"2023-05-11 00:00:00";"2023-05-11 23:59:59";16;5866;20;10;0;<FLG>
V6155020;V615502001;QINnJ;1;"2023-05-12 00:00:00";"2023-05-12 23:59:59";16;5830;20;10;0;<FLG>
V6155020;V615502001;QINnJ;1;"2023-05-13 00:00:00";"2023-05-13 23:59:59";16;5824;20;10;0;<FLG>
V6155020;V615502001;QINnJ;1;"2023-05-14 00:00:00";"2023-05-14 19:11:00";16;5818;20;10;0;<FLG>
V6155020;V615502001;QINnJ;1;"2023-05-15 00:00:00";"2023-05-15 00:00:00";16;5822;20;10;0;<FLG>
V6155020;V615502001;QINnJ;1;"2023-05-16 00:00:00";"2023-05-16 23:59:59";16;5804;20;10;0;<FLG>
V6155020;V615502001;QINnJ;1;"2023-05-17 00:00:00";"2023-05-17 23:59:59";16;5775;20;10;0;<FLG>
V6155020;V615502001;QINnJ;1;"2023-05-18 00:00:00";"2023-05-18 23:30:00";16;5690;20;10;0;<FLG>
V6155020;V615502001;QINnJ;1;"2023-05-19 00:00:00";"2023-05-19 00:00:00";16;5701;20;10;0;<FLG>
V6155020;V615502001;QINnJ;1;"2023-05-20 00:00:00";"2023-05-20 00:00:00";16;6334;20;10;0;<FLG>
V6155020;V615502001;QINnJ;1;"2023-05-21 00:00:00";"2023-05-21 00:00:00";16;6904;20;10;0;<FLG>
V6155020;V615502001;QINnJ;1;"2023-05-22 00:00:00";"2023-05-22 00:00:00";16;7165;20;10;0;<FLG>
V6155020;V615502001;QINnJ;1;"2023-05-23 00:00:00";"2023-05-23 00:00:00";16;7306;20;10;0;<FLG>
V6155020;V615502001;QINnJ;1;"2023-05-24 00:00:00";"2023-05-24 00:00:00";16;7540;20;10;0;<FLG>
V6155020;V615502001;QINnJ;1;"2023-05-25 00:00:00";"2023-05-25 00:00:00";16;7961;20;10;0;<FLG>
V6155020;V615502001;QINnJ;1;"2023-05-26 00:00:00";"2023-05-26 00:00:00";16;11487;20;10;0;<FLG>
V6155020;V615502001;QINnJ;1;"2023-05-27 00:00:00";"2023-05-27 00:00:00";16;13945;20;10;0;<FLG>
V6155020;V615502001;QINnJ;1;"2023-05-28 00:00:00";"2023-05-28 23:50:00";16;13522;20;10;0;<FLG>
V6155020;V615502001;QINnJ;1;"2023-05-29 00:00:00";"2023-05-29 00:00:00";16;13526;20;10;0;<FLG>
V6155020;V615502001;QINnJ;1;"2023-05-30 00:00:00";"2023-05-30 00:00:00";16;14218;20;10;0;<FLG>
V6155020;V615502001;QINnJ;1;"2023-05-31 00:00:00";"2023-05-31 23:59:59";16;14409;20;10;0;<FLG>
V6155020;V615502001;QINnJ;1;"2023-06-01 00:00:00";"2023-06-01 23:59:59";16;14206;20;10;0;<FLG>
V6155020;V615502001;QINnJ;1;"2023-06-02 00:00:00";"2023-06-02 21:23:00";16;13993;20;10;0;<FLG>
V6155020;V615502001;QINnJ;1;"2023-06-03 00:00:00";"2023-06-03 00:00:00";16;14046;20;10;0;<FLG>
V6155020;V615502001;QINnJ;1;"2023-06-04 00:00:00";"2023-06-04 00:00:00";16;14413;20;10;0;<FLG>
V6155020;V615502001;QINnJ;1;"2023-06-05 00:00:00";"2023-06-05 00:00:00";16;15329;20;10;0;<FLG>
V6155020;V615502001;QINnJ;1;"2023-06-06 00:00:00";"2023-06-06 00:00:00";16;16851;20;10;0;<FLG>
V6155020;V615502001;QINnJ;1;"2023-06-07 00:00:00";"2023-06-07 00:00:00";16;18886;20;10;0;<FLG>
V6155020;V615502001;QINnJ;1;"2023-06-08 00:00:00";"2023-06-08 00:00:00";16;20009;20;10;0;<FLG>
V6155020;V615502001;QINnJ;1;"2023-06-09 00:00:00";"2023-06-09 23:59:59";16;18974;20;10;0;<FLG>
V6155020;V615502001;QINnJ;1;"2023-06-10 00:00:00";"2023-06-10 23:59:59";16;18467;20;10;0;<FLG>
V6155020;V615502001;QINnJ;1;"2023-06-11 00:00:00";"2023-06-11 23:59:59";16;17756;20;10;0;<FLG>
V6155020;V615502001;QINnJ;1;"2023-06-12 00:00:00";"2023-06-12 15:05:00";16;17662;20;10;0;<FLG>
V6155020;V615502001;QINnJ;1;"2023-06-13 00:00:00";"2023-06-13 00:00:00";16;18035;20;10;0;<FLG>
V6155020;V615502001;QINnJ;1;"2023-06-14 00:00:00";"2023-06-14 00:00:00";16;20316;20;10;0;<FLG>
V6155020;V615502001;QINnJ;1;"2023-06-15 00:00:00";"2023-06-15 00:00:00";16;29073;20;10;0;<FLG>
V6155020;V615502001;QINnJ;1;"2023-06-16 00:00:00";"2023-06-16 23:59:59";16;28609;20;10;0;<FLG>
V6155020;V615502001;QINnJ;1;"2023-06-17 00:00:00";"2023-06-17 23:59:59";16;26386;20;10;0;<FLG>
V6155020;V615502001;QINnJ;1;"2023-06-18 00:00:00";"2023-06-18 23:59:59";16;23527;20;10;0;<FLG>
V6155020;V615502001;QINnJ;1;"2023-06-19 00:00:00";"2023-06-19 23:59:59";16;21442;20;10;0;<FLG>
V6155020;V615502001;QINnJ;1;"2023-06-20 00:00:00";"2023-06-20 23:59:59";16;20025;20;10;0;<FLG>
V6155020;V615502001;QINnJ;1;"2023-06-21 00:00:00";"2023-06-21 23:59:59";16;19411;20;10;0;<FLG>
V6155020;V615502001;QINnJ;1;"2023-06-22 00:00:00";"2023-06-22 23:59:59";16;19006;20;10;0;<FLG>
V6155020;V615502001;QINnJ;1;"2023-06-23 00:00:00";"2023-06-23 23:59:59";16;18543;20;10;0;<FLG>
V6155020;V615502001;QINnJ;1;"2023-06-24 00:00:00";"2023-06-24 23:59:59";16;18100;20;10;0;<FLG>
V6155020;V615502001;QINnJ;1;"2023-06-25 00:00:00";"2023-06-25 23:59:59";16;17676;20;10;0;<FLG>
V6155020;V615502001;QINnJ;1;"2023-06-26 00:00:00";"2023-06-26 23:59:59";16;17249;20;10;0;<FLG>
V6155020;V615502001;QINnJ;1;"2023-06-27 00:00:00";"2023-06-27 23:59:59";16;16779;20;10;0;<FLG>
V6155020;V615502001;QINnJ;1;"2023-06-28 00:00:00";"2023-06-28 23:59:59";16;16309;20;10;0;<FLG>
V6155020;V615502001;QINnJ;1;"2023-06-29 00:00:00";"2023-06-29 23:59:59";16;15905;20;10;0;<FLG>
V6155020;V615502001;QINnJ;1;"2023-06-30 00:00:00";"2023-06-30 23:59:59";16;15511;20;10;0;<FLG>
V6155020;V615502001;QINnJ;1;"2023-07-01 00:00:00";"2023-07-01 23:59:59";16;15098;20;10;0;<FLG>
V6155020;V615502001;QINnJ;1;"2023-07-02 00:00:00";"2023-07-02 23:59:59";16;14728;20;10;0;<FLG>
V6155020;V615502001;QINnJ;1;"2023-07-03 00:00:00";"2023-07-03 23:59:59";16;14444;20;10;0;<FLG>
V6155020;V615502001;QINnJ;1;"2023-07-04 00:00:00";"2023-07-04 23:59:59";16;14103;20;10;0;<FLG>
V6155020;V615502001;QINnJ;1;"2023-07-05 00:00:00";"2023-07-05 23:59:59";16;13722;20;10;0;<FLG>
V6155020;V615502001;QINnJ;1;"2023-07-06 00:00:00";"2023-07-06 23:59:59";16;13390;20;10;0;<FLG>
V6155020;V615502001;QINnJ;1;"2023-07-07 00:00:00";"2023-07-07 23:59:59";16;13053;20;10;0;<FLG>
V6155020;V615502001;QINnJ;1;"2023-07-08 00:00:00";"2023-07-08 23:59:59";16;12681;20;10;0;<FLG>
V6155020;V615502001;QINnJ;1;"2023-07-09 00:00:00";"2023-07-09 23:59:59";16;12350;20;10;0;<FLG>
V6155020;V615502001;QINnJ;1;"2023-07-10 00:00:00";"2023-07-10 23:59:59";16;12078;20;10;0;<FLG>
V6155020;V615502001;QINnJ;1;"2023-07-11 00:00:00";"2023-07-11 23:59:59";16;11752;20;10;0;<FLG>
V6155020;V615502001;QINnJ;1;"2023-07-12 00:00:00";"2023-07-12 23:59:59";16;11520;20;10;0;<FLG>
V6155020;V615502001;QINnJ;1;"2023-07-13 00:00:00";"2023-07-13 23:59:59";16;11402;20;10;0;<FLG>
V6155020;V615502001;QINnJ;1;"2023-07-14 00:00:00";"2023-07-14 23:59:59";16;11121;20;10;0;<FLG>
V6155020;V615502001;QINnJ;1;"2023-07-15 00:00:00";"2023-07-15 23:59:59";16;10931;20;10;0;<FLG>
V6155020;V615502001;QINnJ;1;"2023-07-16 00:00:00";"2023-07-16 23:59:59";16;10639;20;10;0;<FLG>
V6155020;V615502001;QINnJ;1;"2023-07-17 00:00:00";"2023-07-17 23:59:59";16;10305;20;10;0;<FLG>
V6155020;V615502001;QINnJ;1;"2023-07-18 00:00:00";"2023-07-18 23:59:59";16;10186;20;10;0;<FLG>
V6155020;V615502001;QINnJ;1;"2023-07-19 00:00:00";"2023-07-19 17:35:00";16;9931;20;10;0;<FLG>
V6155020;V615502001;QINnJ;1;"2023-07-20 00:00:00";"2023-07-20 23:59:59";16;9686;20;10;0;<FLG>
V6155020;V615502001;QINnJ;1;"2023-07-21 00:00:00";"2023-07-21 23:59:59";16;9530;20;10;0;<FLG>
V6155020;V615502001;QINnJ;1;"2023-07-22 00:00:00";"2023-07-22 23:59:59";16;9367;20;10;0;<FLG>
V6155020;V615502001;QINnJ;1;"2023-07-23 00:00:00";"2023-07-23 23:59:59";16;9244;20;10;0;<FLG>
V6155020;V615502001;QINnJ;1;"2023-07-24 00:00:00";"2023-07-24 23:59:59";16;9133;20;10;0;<FLG>
V6155020;V615502001;QINnJ;1;"2023-07-25 00:00:00";"2023-07-25 23:59:59";16;8956;20;10;0;<FLG>
V6155020;V615502001;QINnJ;1;"2023-07-26 00:00:00";"2023-07-26 23:59:59";16;8827;20;10;0;<FLG>
V6155020;V615502001;QINnJ;1;"2023-07-27 00:00:00";"2023-07-27 23:59:59";16;8722;20;10;0;<FLG>
V6155020;V615502001;QINnJ;1;"2023-07-28 00:00:00";"2023-07-28 23:59:59";16;8566;20;10;0;<FLG>
V6155020;V615502001;QINnJ;1;"2023-07-29 00:00:00";"2023-07-29 23:59:59";16;8478;20;10;0;<FLG>
V6155020;V615502001;QINnJ;1;"2023-07-30 00:00:00";"2023-07-30 23:59:59";16;8256;20;10;0;<FLG>
V6155020;V615502001;QINnJ;1;"2023-07-31 00:00:00";"2023-07-31 23:59:59";16;8221;20;10;0;<FLG>
V6155020;V615502001;QINnJ;1;"2023-08-01 00:00:00";"2023-08-01 23:59:59";16;8101;20;10;0;<FLG>
V6155020;V615502001;QINnJ;1;"2023-08-02 00:00:00";"2023-08-02 23:59:59";16;7972;20;10;0;<FLG>
V6155020;V615502001;QINnJ;1;"2023-08-03 00:00:00";"2023-08-03 23:59:59";16;7862;20;10;0;<FLG>
V6155020;V615502001;QINnJ;1;"2023-08-04 00:00:00";"2023-08-04 23:59:59";16;7767;20;10;0;<FLG>
V6155020;V615502001;QINnJ;1;"2023-08-05 00:00:00";"2023-08-05 23:59:59";16;7715;20;10;0;<FLG>
V6155020;V615502001;QINnJ;1;"2023-08-06 00:00:00";"2023-08-06 23:59:59";16;7622;20;10;0;<FLG>
V6155020;V615502001;QINnJ;1;"2023-08-07 00:00:00";"2023-08-07 23:59:59";16;7518;20;10;0;<FLG>
V6155020;V615502001;QINnJ;1;"2023-08-08 00:00:00";"2023-08-08 23:59:59";16;7413;20;10;0;<FLG>
V6155020;V615502001;QINnJ;1;"2023-08-09 00:00:00";"2023-08-09 23:59:59";16;7248;20;10;0;<FLG>
V6155020;V615502001;QINnJ;1;"2023-08-10 00:00:00";"2023-08-10 23:59:59";16;7164;20;10;0;<FLG>
V6155020;V615502001;QINnJ;1;"2023-08-11 00:00:00";"2023-08-11 23:59:59";16;7080;20;10;0;<FLG>
V6155020;V615502001;QINnJ;1;"2023-08-12 00:00:00";"2023-08-12 23:59:59";16;6995;20;10;0;<FLG>
V6155020;V615502001;QINnJ;1;"2023-08-13 00:00:00";"2023-08-13 23:59:59";16;6912;20;10;0;<FLG>
V6155020;V615502001;QINnJ;1;"2023-08-14 00:00:00";"2023-08-14 23:59:59";16;6847;20;10;0;<FLG>
V6155020;V615502001;QINnJ;1;"2023-08-15 00:00:00";"2023-08-15 23:59:59";16;6782;20;10;0;<FLG>
V6155020;V615502001;QINnJ;1;"2023-08-16 00:00:00";"2023-08-16 23:59:59";16;6717;20;10;0;<FLG>
V6155020;V615502001;QINnJ;1;"2023-08-17 00:00:00";"2023-08-17 23:59:59";16;6651;20;10;0;<FLG>
V6155020;V615502001;QINnJ;1;"2023-08-18 00:00:00";"2023-08-18 23:59:59";16;6583;20;10;0;<FLG>
V6155020;V615502001;QINnJ;1;"2023-08-19 00:00:00";"2023-08-19 23:59:59";16;6513;20;10;0;<FLG>
V6155020;V615502001;QINnJ;1;"2023-08-20 00:00:00";"2023-08-20 23:59:59";16;6444;20;10;0;<FLG>
V6155020;V615502001;QINnJ;1;"2023-08-21 00:00:00";"2023-08-21 23:59:59";16;6387;20;10;0;<FLG>
V6155020;V615502001;QINnJ;1;"2023-08-22 00:00:00";"2023-08-22 23:59:59";16;6343;20;10;0;<FLG>
V6155020;V615502001;QINnJ;1;"2023-08-23 00:00:00";"2023-08-23 23:59:59";16;6298;20;10;0;<FLG>
V6155020;V615502001;QINnJ;1;"2023-08-24 00:00:00";"2023-08-24 23:59:59";16;6253;20;10;0;<FLG>
V6155020;V615502001;QINnJ;1;"2023-08-25 00:00:00";"2023-08-25 23:59:59";16;6114;20;10;0;<FLG>
V6155020;V615502001;QINnJ;1;"2023-08-26 00:00:00";"2023-08-26 10:30:00";16;6049;20;10;0;<FLG>
V6155020;V615502001;QINnJ;1;"2023-08-27 00:00:00";"2023-08-27 00:00:00";16;6124;20;10;0;<FLG>
V6155020;V615502001;QINnJ;1;"2023-08-28 00:00:00";"2023-08-28 00:00:00";16;6146;20;10;0;<FLG>
V6155020;V615502001;QINnJ;1;"2023-08-29 00:00:00";"2023-08-29 23:59:59";16;6114;20;10;0;<FLG>
V6155020;V615502001;QINnJ;1;"2023-08-30 00:00:00";"2023-08-30 23:59:59";16;6064;20;10;0;<FLG>
V6155020;V615502001;QINnJ;1;"2023-08-31 00:00:00";"2023-08-31 23:59:59";16;5926;20;10;0;<FLG>
V6155020;V615502001;QINnJ;1;"2023-09-01 00:00:00";"2023-09-01 23:59:59";16;5843;20;10;0;<FLG>
V6155020;V615502001;QINnJ;1;"2023-09-02 00:00:00";"2023-09-02 08:20:00";16;5781;20;10;0;<FLG>
V6155020;V615502001;QINnJ;1;"2023-09-03 00:00:00";"2023-09-03 23:59:59";16;5704;20;10;0;<FLG>
V6155020;V615502001;QINnJ;1;"2023-09-04 00:00:00";"2023-09-04 00:25:00";16;5677;20;10;0;<FLG>
V6155020;V615502001;QINnJ;1;"2023-09-05 00:00:00";"2023-09-05 23:59:59";16;5674;20;10;0;<FLG>
V6155020;V615502001;QINnJ;1;"2023-09-06 00:00:00";"2023-09-06 14:15:00";16;5613;20;10;0;<FLG>
V6155020;V615502001;QINnJ;1;"2023-09-07 00:00:00";"2023-09-07 23:59:59";16;5627;20;10;0;<FLG>
V6155020;V615502001;QINnJ;1;"2023-09-08 00:00:00";"2023-09-08 23:59:59";16;5586;20;10;0;<FLG>
V6155020;V615502001;QINnJ;1;"2023-09-09 00:00:00";"2023-09-09 23:59:59";16;5548;20;10;0;<FLG>
V6155020;V615502001;QINnJ;1;"2023-09-10 00:00:00";"2023-09-10 23:59:59";16;5517;20;10;0;<FLG>
V6155020;V615502001;QINnJ;1;"2023-09-11 00:00:00";"2023-09-11 20:55:00";16;5366;20;10;0;<FLG>
V6155020;V615502001;QINnJ;1;"2023-09-12 00:00:00";"2023-09-12 00:00:00";16;5378;20;10;0;<FLG>
V6155020;V615502001;QINnJ;1;"2023-09-13 00:00:00";"2023-09-13 20:55:00";16;5343;20;10;0;<FLG>
V6155020;V615502001;QINnJ;1;"2023-09-14 00:00:00";"2023-09-14 20:55:00";16;5297;20;10;0;<FLG>
V6155020;V615502001;QINnJ;1;"2023-09-15 00:00:00";"2023-09-15 00:00:00";16;5308;20;10;0;<FLG>
V6155020;V615502001;QINnJ;1;"2023-09-16 00:00:00";"2023-09-16 20:35:00";16;5206;20;10;0;<FLG>
V6155020;V615502001;QINnJ;1;"2023-09-17 00:00:00";"2023-09-17 00:00:00";16;5221;20;10;0;<FLG>
V6155020;V615502001;QINnJ;1;"2023-09-18 00:00:00";"2023-09-18 20:35:00";16;5251;20;10;0;<FLG>
V6155020;V615502001;QINnJ;1;"2023-09-19 00:00:00";"2023-09-19 00:00:00";16;5267;20;10;0;<FLG>
V6155020;V615502001;QINnJ;1;"2023-09-20 00:00:00";"2023-09-20 23:59:59";16;5210;20;10;0;<FLG>
V6155020;V615502001;QINnJ;1;"2023-09-21 00:00:00";"2023-09-21 07:35:00";16;5181;20;10;0;<FLG>
V6155020;V615502001;QINnJ;1;"2023-09-22 00:00:00";"2023-09-22 00:00:00";16;5542;20;10;0;<FLG>
V6155020;V615502001;QINnJ;1;"2023-09-23 00:00:00";"2023-09-23 23:59:59";16;5966;20;10;0;<FLG>
V6155020;V615502001;QINnJ;1;"2023-09-24 00:00:00";"2023-09-24 23:59:59";16;5757;20;10;0;<FLG>
V6155020;V615502001;QINnJ;1;"2023-09-25 00:00:00";"2023-09-25 23:59:59";16;5492;20;10;0;<FLG>
V6155020;V615502001;QINnJ;1;"2023-09-26 00:00:00";"2023-09-26 09:30:00";16;5388;20;10;0;<FLG>
V6155020;V615502001;QINnJ;1;"2023-09-27 00:00:00";"2023-09-27 20:00:00";16;5227;20;10;0;<FLG>
V6155020;V615502001;QINnJ;1;"2023-09-28 00:00:00";"2023-09-28 23:59:59";16;5162;20;10;0;<FLG>
V6155020;V615502001;QINnJ;1;"2023-09-29 00:00:00";"2023-09-29 20:00:00";16;5092;20;10;0;<FLG>
V6155020;V615502001;QINnJ;1;"2023-09-30 00:00:00";"2023-09-30 23:59:59";16;5004;20;10;0;<FLG>
V6155020;V615502001;QINnJ;1;"2023-10-01 00:00:00";"2023-10-01 21:40:00";16;4941;20;10;0;<FLG>
V6155020;V615502001;QINnJ;1;"2023-10-02 00:00:00";"2023-10-02 23:59:59";16;4883;20;10;0;<FLG>
V6155020;V615502001;QINnJ;1;"2023-10-03 00:00:00";"2023-10-03 23:59:59";16;4840;20;10;0;<FLG>
V6155020;V615502001;QINnJ;1;"2023-10-04 00:00:00";"2023-10-04 10:00:00";16;4815;20;10;0;<FLG>
V6155020;V615502001;QINnJ;1;"2023-10-05 00:00:00";"2023-10-05 23:59:59";16;4802;20;10;0;<FLG>
V6155020;V615502001;QINnJ;1;"2023-10-06 00:00:00";"2023-10-06 13:35:00";16;4716;20;10;0;<FLG>
V6155020;V615502001;QINnJ;1;"2023-10-07 00:00:00";"2023-10-07 22:15:00";16;4689;20;10;0;<FLG>
V6155020;V615502001;QINnJ;1;"2023-10-08 00:00:00";"2023-10-08 00:00:00";16;4696;20;10;0;<FLG>
V6155020;V615502001;QINnJ;1;"2023-10-09 00:00:00";"2023-10-09 23:59:59";16;4673;20;10;0;<FLG>
V6155020;V615502001;QINnJ;1;"2023-10-10 00:00:00";"2023-10-10 15:35:00";16;4600;20;10;0;<FLG>
V6155020;V615502001;QINnJ;1;"2023-10-11 00:00:00";"2023-10-11 21:07:00";16;4605;20;10;0;<FLG>
V6155020;V615502001;QINnJ;1;"2023-10-12 00:00:00";"2023-10-12 00:00:00";16;4612;20;10;0;<FLG>
V6155020;V615502001;QINnJ;1;"2023-10-13 00:00:00";"2023-10-13 23:59:59";16;4607;20;10;0;<FLG>
V6155020;V615502001;QINnJ;1;"2023-10-14 00:00:00";"2023-10-14 15:35:00";16;4585;20;10;0;<FLG>
V6155020;V615502001;QINnJ;1;"2023-10-15 00:00:00";"2023-10-15 11:00:00";16;4565;20;10;0;<FLG>
V6155020;V615502001;QINnJ;1;"2023-10-16 00:00:00";"2023-10-16 21:30:00";16;4505;20;10;0;<FLG>
V6155020;V615502001;QINnJ;1;"2023-10-17 00:00:00";"2023-10-17 00:00:00";16;4507;20;10;0;<FLG>
V6155020;V615502001;QINnJ;1;"2023-10-18 00:00:00";"2023-10-18 00:00:00";16;4533;20;10;0;<FLG>
V6155020;V615502001;QINnJ;1;"2023-10-19 00:00:00";"2023-10-19 17:55:00";16;4589;20;10;0;<FLG>
V6155020;V615502001;QINnJ;1;"2023-10-20 00:00:00";"2023-10-20 00:00:00";16;4621;20;10;0;<FLG>
V6155020;V615502001;QINnJ;1;"2023-10-21 00:00:00";"2023-10-21 00:00:00";16;6929;20;10;0;<FLG>
V6155020;V615502001;QINnJ;1;"2023-10-22 00:00:00";"2023-10-22 23:59:59";16;7204;20;10;0;<FLG>
V6155020;V615502001;QINnJ;1;"2023-10-23 00:00:00";"2023-10-23 23:59:59";16;6674;20;10;0;<FLG>
V6155020;V615502001;QINnJ;1;"2023-10-24 00:00:00";"2023-10-24 14:00:00";16;6480;20;10;0;<FLG>
V6155020;V615502001;QINnJ;1;"2023-10-25 00:00:00";"2023-10-25 00:00:00";16;7049;20;10;0;<FLG>
V6155020;V615502001;QINnJ;1;"2023-10-26 00:00:00";"2023-10-26 23:59:59";16;8570;20;10;0;<FLG>
V6155020;V615502001;QINnJ;1;"2023-10-27 00:00:00";"2023-10-27 13:30:00";16;8324;20;10;0;<FLG>
V6155020;V615502001;QINnJ;1;"2023-10-28 00:00:00";"2023-10-28 23:59:59";16;8337;20;10;0;<FLG>
V6155020;V615502001;QINnJ;1;"2023-10-29 00:00:00";"2023-10-29 23:59:59";16;7941;20;10;0;<FLG>
V6155020;V615502001;QINnJ;1;"2023-10-30 00:00:00";"2023-10-30 18:05:00";16;7703;20;10;0;<FLG>
V6155020;V615502001;QINnJ;1;"2023-10-31 00:00:00";"2023-10-31 00:00:00";16;8318;20;10;0;<FLG>
V6155020;V615502001;QINnJ;1;"2023-11-01 00:00:00";"2023-11-01 00:00:00";16;12330;20;10;0;<FLG>
V6155020;V615502001;QINnJ;1;"2023-11-02 00:00:00";"2023-11-02 20:05:00";16;12263;20;10;0;<FLG>
V6155020;V615502001;QINnJ;1;"2023-11-03 00:00:00";"2023-11-03 00:00:00";16;12627;20;10;0;<FLG>
V6155020;V615502001;QINnJ;1;"2023-11-04 00:00:00";"2023-11-04 00:00:00";16;14529;20;10;0;<FLG>
V6155020;V615502001;QINnJ;1;"2023-11-05 00:00:00";"2023-11-05 00:00:00";16;15308;20;10;0;<FLG>
V6155020;V615502001;QINnJ;1;"2023-11-06 00:00:00";"2023-11-06 00:00:00";16;16761;20;10;0;<FLG>
V6155020;V615502001;QINnJ;1;"2023-11-07 00:00:00";"2023-11-07 23:59:59";16;16943;20;10;0;<FLG>
V6155020;V615502001;QINnJ;1;"2023-11-08 00:00:00";"2023-11-08 23:59:59";16;16085;20;10;0;<FLG>
V6155020;V615502001;QINnJ;1;"2023-11-09 00:00:00";"2023-11-09 23:59:59";16;15322;20;10;0;<FLG>
V6155020;V615502001;QINnJ;1;"2023-11-10 00:00:00";"2023-11-10 01:35:00";16;15290;20;10;0;<FLG>
V6155020;V615502001;QINnJ;1;"2023-11-11 00:00:00";"2023-11-11 00:00:00";16;15710;20;10;0;<FLG>
V6155020;V615502001;QINnJ;1;"2023-11-12 00:00:00";"2023-11-12 23:59:59";16;16385;20;10;0;<FLG>
V6155020;V615502001;QINnJ;1;"2023-11-13 00:00:00";"2023-11-13 23:59:59";16;15918;20;10;0;<FLG>
V6155020;V615502001;QINnJ;1;"2023-11-14 00:00:00";"2023-11-14 23:59:59";16;15469;20;10;0;<FLG>
V6155020;V615502001;QINnJ;1;"2023-11-15 00:00:00";"2023-11-15 23:59:59";16;14981;20;10;0;<FLG>
V6155020;V615502001;QINnJ;1;"2023-11-16 00:00:00";"2023-11-16 23:59:59";16;14426;20;10;0;<FLG>
V6155020;V615502001;QINnJ;1;"2023-11-17 00:00:00";"2023-11-17 23:59:59";16;13880;20;10;0;<FLG>
V6155020;V615502001;QINnJ;1;"2023-11-18 00:00:00";"2023-11-18 23:59:59";16;13239;20;10;0;<FLG>
V6155020;V615502001;QINnJ;1;"2023-11-19 00:00:00";"2023-11-19 23:59:59";16;12688;20;10;0;<FLG>
V6155020;V615502001;QINnJ;1;"2023-11-20 00:00:00";"2023-11-20 23:59:59";16;12175;20;10;0;<FLG>
V6155020;V615502001;QINnJ;1;"2023-11-21 00:00:00";"2023-11-21 23:59:59";16;11684;20;10;0;<FLG>
V6155020;V615502001;QINnJ;1;"2023-11-22 00:00:00";"2023-11-22 23:59:59";16;11237;20;10;0;<FLG>
V6155020;V615502001;QINnJ;1;"2023-11-23 00:00:00";"2023-11-23 23:59:59";16;10803;20;10;0;<FLG>
V6155020;V615502001;QINnJ;1;"2023-11-24 00:00:00";"2023-11-24 23:59:59";16;10434;20;10;0;<FLG>
V6155020;V615502001;QINnJ;1;"2023-11-25 00:00:00";"2023-11-25 23:59:59";16;10150;20;10;0;<FLG>
V6155020;V615502001;QINnJ;1;"2023-11-26 00:00:00";"2023-11-26 23:59:59";16;9894;20;10;0;<FLG>
V6155020;V615502001;QINnJ;1;"2023-11-27 00:00:00";"2023-11-27 23:59:59";16;9654;20;10;0;<FLG>
V6155020;V615502001;QINnJ;1;"2023-11-28 00:00:00";"2023-11-28 23:59:59";16;9430;20;10;0;<FLG>
V6155020;V615502001;QINnJ;1;"2023-11-29 00:00:00";"2023-11-29 23:59:59";16;9229;20;10;0;<FLG>
V6155020;V615502001;QINnJ;1;"2023-11-30 00:00:00";"2023-11-30 23:59:59";16;9090;20;10;0;<FLG>
V6155020;V615502001;QINnJ;1;"2023-12-01 00:00:00";"2023-12-01 01:01:00";16;9085;20;10;0;<FLG>
V6155020;V615502001;QINnJ;1;"2023-12-02 00:00:00";"2023-12-02 00:00:00";16;9895;20;10;0;<FLG>
V6155020;V615502001;QINnJ;1;"2023-12-03 00:00:00";"2023-12-03 00:00:00";16;13955;20;10;0;<FLG>
V6155020;V615502001;QINnJ;1;"2023-12-04 00:00:00";"2023-12-04 00:00:00";16;15246;20;10;0;<FLG>
V6155020;V615502001;QINnJ;1;"2023-12-05 00:00:00";"2023-12-05 00:00:00";16;15612;20;10;0;<FLG>
V6155020;V615502001;QINnJ;1;"2023-12-06 00:00:00";"2023-12-06 00:00:00";16;15843;20;10;0;<FLG>
V6155020;V615502001;QINnJ;1;"2023-12-07 00:00:00";"2023-12-07 23:59:59";16;15942;20;10;0;<FLG>
V6155020;V615502001;QINnJ;1;"2023-12-08 00:00:00";"2023-12-08 08:50:00";16;15895;20;10;0;<FLG>
V6155020;V615502001;QINnJ;1;"2023-12-09 00:00:00";"2023-12-09 00:00:00";16;18853;20;10;0;<FLG>
V6155020;V615502001;QINnJ;1;"2023-12-10 00:00:00";"2023-12-10 00:00:00";16;25000;20;10;0;<FLG>
V6155020;V615502001;QINnJ;1;"2023-12-11 00:00:00";"2023-12-11 23:59:59";16;24407;20;10;0;<FLG>
V6155020;V615502001;QINnJ;1;"2023-12-12 00:00:00";"2023-12-12 23:59:59";16;23684;20;10;0;<FLG>
V6155020;V615502001;QINnJ;1;"2023-12-13 00:00:00";"2023-12-13 23:59:59";16;22345;20;10;0;<FLG>
V6155020;V615502001;QINnJ;1;"2023-12-14 00:00:00";"2023-12-14 23:59:59";16;20819;20;10;0;<FLG>
V6155020;V615502001;QINnJ;1;"2023-12-15 00:00:00";"2023-12-15 23:59:59";16;19332;20;10;0;<FLG>
V6155020;V615502001;QINnJ;1;"2023-12-16 00:00:00";"2023-12-16 23:59:59";16;18609;20;10;0;<FLG>
V6155020;V615502001;QINnJ;1;"2023-12-17 00:00:00";"2023-12-17 23:59:59";16;18152;20;10;0;<FLG>
V6155020;V615502001;QINnJ;1;"2023-12-18 00:00:00";"2023-12-18 23:59:59";16;17746;20;10;0;<FLG>
V6155020;V615502001;QINnJ;1;"2023-12-19 00:00:00";"2023-12-19 23:59:59";16;17340;20;10;0;<FLG>
V6155020;V615502001;QINnJ;1;"2023-12-20 00:00:00";"2023-12-20 23:59:59";16;16934;20;10;0;<FLG>
V6155020;V615502001;QINnJ;1;"2023-12-21 00:00:00";"2023-12-21 23:59:59";16;16528;20;10;0;<FLG>
V6155020;V615502001;QINnJ;1;"2023-12-22 00:00:00";"2023-12-22 23:59:59";16;16061;20;10;0;<FLG>
V6155020;V615502001;QINnJ;1;"2023-12-23 00:00:00";"2023-12-23 23:59:59";16;15588;20;10;0;<FLG>
V6155020;V615502001;QINnJ;1;"2023-12-24 00:00:00";"2023-12-24 23:59:59";16;15152;20;10;0;<FLG>
V6155020;V615502001;QINnJ;1;"2023-12-25 00:00:00";"2023-12-25 23:59:59";16;14722;20;10;0;<FLG>
V6155020;V615502001;QINnJ;1;"2023-12-26 00:00:00";"2023-12-26 23:59:59";16;14328;20;10;0;<FLG>
V6155020;V615502001;QINnJ;1;"2023-12-27 00:00:00";"2023-12-27 23:59:59";16;13934;20;10;0;<FLG>
V6155020;V615502001;QINnJ;1;"2023-12-28 00:00:00";"2023-12-28 23:59:59";16;13540;20;10;0;<FLG>
V6155020;V615502001;QINnJ;1;"2023-12-29 00:00:00";"2023-12-29 23:59:59";16;13221;20;10;0;<FLG>
V6155020;V615502001;QINnJ;1;"2023-12-30 00:00:00";"2023-12-30 23:59:59";16;12909;20;10;0;<FLG>
V6155020;V615502001;QINnJ;1;"2023-12-31 00:00:00";"2023-12-31 23:59:59";16;12597;20;10;0;<FLG>
V6155020;V615502001;QINnJ;1;"2024-01-01 00:00:00";"2024-01-01 23:59:59";16;12297;20;10;0;<FLG>
V6155020;V615502001;QINnJ;1;"2024-01-02 00:00:00";"2024-01-02 23:59:59";16;12007;20;10;0;<FLG>
V6155020;V615502001;QINnJ;1;"2024-01-03 00:00:00";"2024-01-03 23:59:59";16;11716;20;10;0;<FLG>
V6155020;V615502001;QINnJ;1;"2024-01-04 00:00:00";"2024-01-04 23:59:59";16;11425;20;10;0;<FLG>
V6155020;V615502001;QINnJ;1;"2024-01-05 00:00:00";"2024-01-05 14:10:00";16;11254;20;10;0;<FLG>
V6155020;V615502001;QINnJ;1;"2024-01-06 00:00:00";"2024-01-06 00:00:00";16;11938;20;10;0;<FLG>
V6155020;V615502001;QINnJ;1;"2024-01-07 00:00:00";"2024-01-07 00:00:00";16;13610;20;10;0;<FLG>
V6155020;V615502001;QINnJ;1;"2024-01-08 00:00:00";"2024-01-08 00:00:00";16;14222;20;10;0;<FLG>
V6155020;V615502001;QINnJ;1;"2024-01-09 00:00:00";"2024-01-09 23:59:59";16;14109;20;10;0;<FLG>
V6155020;V615502001;QINnJ;1;"2024-01-10 00:00:00";"2024-01-10 23:40:00";16;13776;20;10;0;<FLG>
V6155020;V615502001;QINnJ;1;"2024-01-11 00:00:00";"2024-01-11 00:00:00";16;13778;20;10;0;<FLG>
V6155020;V615502001;QINnJ;1;"2024-01-12 00:00:00";"2024-01-12 00:00:00";16;13945;20;10;0;<FLG>
V6155020;V615502001;QINnJ;1;"2024-01-13 00:00:00";"2024-01-13 00:00:00";16;14093;20;10;0;<FLG>
V6155020;V615502001;QINnJ;1;"2024-01-14 00:00:00";"2024-01-14 00:00:00";16;14137;20;10;0;<FLG>
V6155020;V615502001;QINnJ;1;"2024-01-15 00:00:00";"2024-01-15 23:59:59";16;14135;20;10;0;<FLG>
V6155020;V615502001;QINnJ;1;"2024-01-16 00:00:00";"2024-01-16 23:59:59";16;13877;20;10;0;<FLG>
V6155020;V615502001;QINnJ;1;"2024-01-17 00:00:00";"2024-01-17 22:20:00";16;13776;20;10;0;<FLG>
V6155020;V615502001;QINnJ;1;"2024-01-18 00:00:00";"2024-01-18 00:00:00";16;13848;20;10;0;<FLG>
V6155020;V615502001;QINnJ;1;"2024-01-19 00:00:00";"2024-01-19 00:00:00";16;15525;20;10;0;<FLG>
V6155020;V615502001;QINnJ;1;"2024-01-20 00:00:00";"2024-01-20 00:00:00";16;16987;20;10;0;<FLG>
V6155020;V615502001;QINnJ;1;"2024-01-21 00:00:00";"2024-01-21 23:59:59";16;17464;20;10;0;<FLG>
V6155020;V615502001;QINnJ;1;"2024-01-22 00:00:00";"2024-01-22 23:59:59";16;17177;20;10;0;<FLG>
V6155020;V615502001;QINnJ;1;"2024-01-23 00:00:00";"2024-01-23 23:59:59";16;16869;20;10;0;<FLG>
V6155020;V615502001;QINnJ;1;"2024-01-24 00:00:00";"2024-01-24 23:59:59";16;16510;20;10;0;<FLG>
V6155020;V615502001;QINnJ;1;"2024-01-25 00:00:00";"2024-01-25 23:59:59";16;16151;20;10;0;<FLG>
V6155020;V615502001;QINnJ;1;"2024-01-26 00:00:00";"2024-01-26 23:59:59";16;15780;20;10;0;<FLG>
V6155020;V615502001;QINnJ;1;"2024-01-27 00:00:00";"2024-01-27 23:59:59";16;15397;20;10;0;<FLG>
V6155020;V615502001;QINnJ;1;"2024-01-28 00:00:00";"2024-01-28 23:59:59";16;15028;20;10;0;<FLG>
V6155020;V615502001;QINnJ;1;"2024-01-29 00:00:00";"2024-01-29 23:59:59";16;14659;20;10;0;<FLG>
V6155020;V615502001;QINnJ;1;"2024-01-30 00:00:00";"2024-01-30 23:59:59";16;14291;20;10;0;<FLG>
V6155020;V615502001;QINnJ;1;"2024-01-31 00:00:00";"2024-01-31 23:59:59";16;13922;20;10;0;<FLG>
V6155020;V615502001;QINnJ;1;"2024-02-01 00:00:00";"2024-02-01 23:59:59";16;13559;20;10;0;<FLG>
V6155020;V615502001;QINnJ;1;"2024-02-02 00:00:00";"2024-02-02 23:59:59";16;13203;20;10;0;<FLG>
V6155020;V615502001;QINnJ;1;"2024-02-03 00:00:00";"2024-02-03 23:59:59";16;12931;20;10;0;<FLG>
V6155020;V615502001;QINnJ;1;"2024-02-04 00:00:00";"2024-02-04 23:59:59";16;12644;20;10;0;<FLG>
V6155020;V615502001;QINnJ;1;"2024-02-05 00:00:00";"2024-02-05 23:59:59";16;12379;20;10;0;<FLG>
V6155020;V615502001;QINnJ;1;"2024-02-06 00:00:00";"2024-02-06 23:59:59";16;12091;20;10;0;<FLG>
V6155020;V615502001;QINnJ;1;"2024-02-07 00:00:00";"2024-02-07 23:59:59";16;11911;20;10;0;<FLG>
V6155020;V615502001;QINnJ;1;"2024-02-08 00:00:00";"2024-02-08 23:59:59";16;11788;20;10;0;<FLG>
V6155020;V615502001;QINnJ;1;"2024-02-09 00:00:00";"2024-02-09 20:50:00";16;11681;20;10;0;<FLG>
V6155020;V615502001;QINnJ;1;"2024-02-10 00:00:00";"2024-02-10 00:00:00";16;11994;20;10;0;<FLG>
V6155020;V615502001;QINnJ;1;"2024-02-11 00:00:00";"2024-02-11 00:00:00";16;28506;20;10;0;<FLG>
V6155020;V615502001;QINnJ;1;"2024-02-12 00:00:00";"2024-02-12 00:00:00";16;42214;20;10;0;<FLG>
V6155020;V615502001;QINnJ;1;"2024-02-13 00:00:00";"2024-02-13 23:59:59";16;41054;20;10;0;<FLG>
V6155020;V615502001;QINnJ;1;"2024-02-14 00:00:00";"2024-02-14 23:59:59";16;38867;20;10;0;<FLG>
V6155020;V615502001;QINnJ;1;"2024-02-15 00:00:00";"2024-02-15 23:59:59";16;35843;20;10;0;<FLG>
V6155020;V615502001;QINnJ;1;"2024-02-16 00:00:00";"2024-02-16 23:59:59";16;33762;20;10;0;<FLG>
V6155020;V615502001;QINnJ;1;"2024-02-17 00:00:00";"2024-02-17 23:59:59";16;30134;20;10;0;<FLG>
V6155020;V615502001;QINnJ;1;"2024-02-18 00:00:00";"2024-02-18 23:59:59";16;26993;20;10;0;<FLG>
V6155020;V615502001;QINnJ;1;"2024-02-19 00:00:00";"2024-02-19 23:59:59";16;24095;20;10;0;<FLG>
V6155020;V615502001;QINnJ;1;"2024-02-20 00:00:00";"2024-02-20 23:59:59";16;21812;20;10;0;<FLG>
V6155020;V615502001;QINnJ;1;"2024-02-21 00:00:00";"2024-02-21 23:59:59";16;20783;20;10;0;<FLG>
V6155020;V615502001;QINnJ;1;"2024-02-22 00:00:00";"2024-02-22 23:59:59";16;20050;20;10;0;<FLG>
V6155020;V615502001;QINnJ;1;"2024-02-23 00:00:00";"2024-02-23 23:59:59";16;19657;20;10;0;<FLG>
V6155020;V615502001;QINnJ;1;"2024-02-24 00:00:00";"2024-02-24 23:59:59";16;19380;20;10;0;<FLG>
V6155020;V615502001;QINnJ;1;"2024-02-25 00:00:00";"2024-02-25 23:59:59";16;19084;20;10;0;<FLG>
V6155020;V615502001;QINnJ;1;"2024-02-26 00:00:00";"2024-02-26 05:55:00";16;19016;20;10;0;<FLG>
V6155020;V615502001;QINnJ;1;"2024-02-27 00:00:00";"2024-02-27 00:00:00";16;22679;20;10;0;<FLG>
V6155020;V615502001;QINnJ;1;"2024-02-28 00:00:00";"2024-02-28 00:00:00";16;28397;20;10;0;<FLG>
V6155020;V615502001;QINnJ;1;"2024-02-29 00:00:00";"2024-02-29 23:59:59";16;29060;20;10;0;<FLG>
V6155020;V615502001;QINnJ;1;"2024-03-01 00:00:00";"2024-03-01 23:59:59";16;27898;20;10;0;<FLG>
V6155020;V615502001;QINnJ;1;"2024-03-02 00:00:00";"2024-03-02 23:59:59";16;26332;20;10;0;<FLG>
V6155020;V615502001;QINnJ;1;"2024-03-03 00:00:00";"2024-03-03 01:30:00";16;26226;20;10;0;<FLG>
V6155020;V615502001;QINnJ;1;"2024-03-04 00:00:00";"2024-03-04 00:00:00";16;42772;20;10;0;<FLG>
V6155020;V615502001;QINnJ;1;"2024-03-05 00:00:00";"2024-03-05 23:59:59";16;50361;20;10;0;<FLG>
V6155020;V615502001;QINnJ;1;"2024-03-06 00:00:00";"2024-03-06 23:59:59";16;49133;20;10;0;<FLG>
V6155020;V615502001;QINnJ;1;"2024-03-07 00:00:00";"2024-03-07 23:59:59";16;47936;20;10;0;<FLG>
V6155020;V615502001;QINnJ;1;"2024-03-08 00:00:00";"2024-03-08 23:59:59";16;45665;20;10;0;<FLG>
V6155020;V615502001;QINnJ;1;"2024-03-09 00:00:00";"2024-03-09 21:45:00";16;43607;20;10;0;<FLG>
V6155020;V615502001;QINnJ;1;"2024-03-10 00:00:00";"2024-03-10 00:00:00";16;44676;20;10;0;<FLG>
V6155020;V615502001;QINnJ;1;"2024-03-11 00:00:00";"2024-03-11 00:00:00";16;61518;20;10;0;<FLG>
V6155020;V615502001;QINnJ;1;"2024-03-12 00:00:00";"2024-03-12 23:59:59";16;63958;20;10;0;<FLG>
V6155020;V615502001;QINnJ;1;"2024-03-13 00:00:00";"2024-03-13 23:59:59";16;62402;20;10;0;<FLG>
V6155020;V615502001;QINnJ;1;"2024-03-14 00:00:00";"2024-03-14 23:59:59";16;60492;20;10;0;<FLG>
V6155020;V615502001;QINnJ;1;"2024-03-15 00:00:00";"2024-03-15 23:59:59";16;58159;20;10;0;<FLG>
V6155020;V615502001;QINnJ;1;"2024-03-16 00:00:00";"2024-03-16 23:59:59";16;56092;20;10;0;<FLG>
V6155020;V615502001;QINnJ;1;"2024-03-17 00:00:00";"2024-03-17 23:59:59";16;54308;20;10;0;<FLG>
V6155020;V615502001;QINnJ;1;"2024-03-18 00:00:00";"2024-03-18 23:59:59";16;52475;20;10;0;<FLG>
V6155020;V615502001;QINnJ;1;"2024-03-19 00:00:00";"2024-03-19 23:59:59";16;50081;20;10;0;<FLG>
V6155020;V615502001;QINnJ;1;"2024-03-20 00:00:00";"2024-03-20 23:59:59";16;47687;20;10;0;<FLG>
V6155020;V615502001;QINnJ;1;"2024-03-21 00:00:00";"2024-03-21 23:59:59";16;45293;20;10;0;<FLG>
V6155020;V615502001;QINnJ;1;"2024-03-22 00:00:00";"2024-03-22 23:59:59";16;42899;20;10;0;<FLG>
V6155020;V615502001;QINnJ;1;"2024-03-23 00:00:00";"2024-03-23 23:59:59";16;40505;20;10;0;<FLG>
V6155020;V615502001;QINnJ;1;"2024-03-24 00:00:00";"2024-03-24 23:59:59";16;38434;20;10;0;<FLG>
V6155020;V615502001;QINnJ;1;"2024-03-25 00:00:00";"2024-03-25 23:59:59";16;36411;20;10;0;<FLG>
V6155020;V615502001;QINnJ;1;"2024-03-26 00:00:00";"2024-03-26 23:59:59";16;34489;20;10;0;<FLG>
V6155020;V615502001;QINnJ;1;"2024-03-27 00:00:00";"2024-03-27 05:45:00";16;34184;20;10;0;<FLG>
V6155020;V615502001;QINnJ;1;"2024-03-28 00:00:00";"2024-03-28 00:00:00";16;40743;20;10;0;<FLG>
V6155020;V615502001;QINnJ;1;"2024-03-29 00:00:00";"2024-03-29 00:00:00";16;44827;20;10;0;<FLG>
V6155020;V615502001;QINnJ;1;"2024-03-30 00:00:00";"2024-03-30 23:59:59";16;45700;20;10;0;<FLG>
V6155020;V615502001;QINnJ;1;"2024-03-31 00:00:00";"2024-03-31 11:35:00";16;45626;20;10;0;<FLG>
V6155020;V615502001;QINnJ;1;"2024-04-01 00:00:00";"2024-04-01 00:00:00";16;53105;20;10;0;<FLG>
V6155020;V615502001;QINnJ;1;"2024-04-02 00:00:00";"2024-04-02 00:00:00";16;68845;20;10;0;<FLG>
V6155020;V615502001;QINnJ;1;"2024-04-03 00:00:00";"2024-04-03 23:59:59";16;70087;20;10;0;<FLG>
V6155020;V615502001;QINnJ;1;"2024-04-04 00:00:00";"2024-04-04 23:59:59";16;68490;20;10;0;<FLG>
V6155020;V615502001;QINnJ;1;"2024-04-05 00:00:00";"2024-04-05 23:59:59";16;66667;20;10;0;<FLG>
V6155020;V615502001;QINnJ;1;"2024-04-06 00:00:00";"2024-04-06 23:59:59";16;65040;20;10;0;<FLG>
V6155020;V615502001;QINnJ;1;"2024-04-07 00:00:00";"2024-04-07 23:59:59";16;62829;20;10;0;<FLG>
V6155020;V615502001;QINnJ;1;"2024-04-08 00:00:00";"2024-04-08 23:59:59";16;58702;20;10;0;<FLG>
V6155020;V615502001;QINnJ;1;"2024-04-09 00:00:00";"2024-04-09 23:59:59";16;56795;20;10;0;<FLG>
V6155020;V615502001;QINnJ;1;"2024-04-10 00:00:00";"2024-04-10 23:59:59";16;54748;20;10;0;<FLG>
V6155020;V615502001;QINnJ;1;"2024-04-11 00:00:00";"2024-04-11 23:59:59";16;52627;20;10;0;<FLG>
V6155020;V615502001;QINnJ;1;"2024-04-12 00:00:00";"2024-04-12 23:59:59";16;50645;20;10;0;<FLG>
V6155020;V615502001;QINnJ;1;"2024-04-13 00:00:00";"2024-04-13 23:59:59";16;48690;20;10;0;<FLG>
V6155020;V615502001;QINnJ;1;"2024-04-14 00:00:00";"2024-04-14 23:59:59";16;46241;20;10;0;<FLG>
V6155020;V615502001;QINnJ;1;"2024-04-15 00:00:00";"2024-04-15 23:59:59";16;43695;20;10;0;<FLG>
V6155020;V615502001;QINnJ;1;"2024-04-16 00:00:00";"2024-04-16 23:59:59";16;41315;20;10;0;<FLG>
V6155020;V615502001;QINnJ;1;"2024-04-17 00:00:00";"2024-04-17 23:59:59";16;38768;20;10;0;<FLG>
V6155020;V615502001;QINnJ;1;"2024-04-18 00:00:00";"2024-04-18 23:59:59";16;36826;20;10;0;<FLG>
V6155020;V615502001;QINnJ;1;"2024-04-19 00:00:00";"2024-04-19 23:59:59";16;34683;20;10;0;<FLG>
V6155020;V615502001;QINnJ;1;"2024-04-20 00:00:00";"2024-04-20 23:59:59";16;33110;20;10;0;<FLG>
V6155020;V615502001;QINnJ;1;"2024-04-21 00:00:00";"2024-04-21 23:59:59";16;31574;20;10;0;<FLG>
V6155020;V615502001;QINnJ;1;"2024-04-22 00:00:00";"2024-04-22 23:59:59";16;30479;20;10;0;<FLG>
V6155020;V615502001;QINnJ;1;"2024-04-23 00:00:00";"2024-04-23 23:59:59";16;29480;20;10;0;<FLG>
V6155020;V615502001;QINnJ;1;"2024-04-24 00:00:00";"2024-04-24 23:59:59";16;28493;20;10;0;<FLG>
V6155020;V615502001;QINnJ;1;"2024-04-25 00:00:00";"2024-04-25 23:59:59";16;27477;20;10;0;<FLG>
V6155020;V615502001;QINnJ;1;"2024-04-26 00:00:00";"2024-04-26 23:59:59";16;26439;20;10;0;<FLG>
V6155020;V615502001;QINnJ;1;"2024-04-27 00:00:00";"2024-04-27 23:59:59";16;25467;20;10;0;<FLG>
V6155020;V615502001;QINnJ;1;"2024-04-28 00:00:00";"2024-04-28 23:58:00";16;24698;20;10;0;<FLG>
V6155020;V615502001;QINnJ;1;"2024-04-29 00:00:00";"2024-04-29 00:00:00";16;24698;20;10;0;<FLG>
V6155020;V615502001;QINnJ;1;"2024-04-30 00:00:00";"2024-04-30 23:59:59";16;24698;20;10;0;<FLG>
V6155020;V615502001;QINnJ;1;"2024-05-01 00:00:00";"2024-05-01 23:59:59";16;24291;20;10;0;<FLG>
V6155020;V615502001;QINnJ;1;"2024-05-02 00:00:00";"2024-05-02 18:05:00";16;24034;20;10;0;<FLG>
V6155020;V615502001;QINnJ;1;"2024-05-03 00:00:00";"2024-05-03 00:00:00";16;24506;20;10;0;<FLG>
V6155020;V615502001;QINnJ;1;"2024-05-04 00:00:00";"2024-05-04 00:00:00";16;25924;20;10;0;<FLG>
V6155020;V615502001;QINnJ;1;"2024-05-05 00:00:00";"2024-05-05 23:59:59";16;25831;20;10;0;<FLG>
V6155020;V615502001;QINnJ;1;"2024-05-06 00:00:00";"2024-05-06 23:59:59";16;25009;20;10;0;<FLG>
V6155020;V615502001;QINnJ;1;"2024-05-07 00:00:00";"2024-05-07 23:59:59";16;24361;20;10;0;<FLG>
V6155020;V615502001;QINnJ;1;"2024-05-08 00:00:00";"2024-05-08 23:59:59";16;23650;20;10;0;<FLG>
V6155020;V615502001;QINnJ;1;"2024-05-09 00:00:00";"2024-05-09 23:59:59";16;22903;20;10;0;<FLG>
V6155020;V615502001;QINnJ;1;"2024-05-10 00:00:00";"2024-05-10 23:59:59";16;22228;20;10;0;<FLG>
V6155020;V615502001;QINnJ;1;"2024-05-11 00:00:00";"2024-05-11 23:59:59";16;21610;20;10;0;<FLG>
V6155020;V615502001;QINnJ;1;"2024-05-12 00:00:00";"2024-05-12 23:59:59";16;21167;20;10;0;<FLG>
V6155020;V615502001;QINnJ;1;"2024-05-13 00:00:00";"2024-05-13 23:59:59";16;20788;20;10;0;<FLG>
V6155020;V615502001;QINnJ;1;"2024-05-14 00:00:00";"2024-05-14 23:59:59";16;20529;20;10;0;<FLG>
V6155020;V615502001;QINnJ;1;"2024-05-15 00:00:00";"2024-05-15 05:02:00";16;20497;20;10;0;<FLG>
V6155020;V615502001;QINnJ;1;"2024-05-16 00:00:00";"2024-05-16 00:00:00";16;20633;20;10;0;<FLG>
V6155020;V615502001;QINnJ;1;"2024-05-17 00:00:00";"2024-05-17 00:00:00";16;22541;20;10;0;<FLG>
V6155020;V615502001;QINnJ;1;"2024-05-18 00:00:00";"2024-05-18 00:00:00";16;24430;20;10;0;<FLG>
V6155020;V615502001;QINnJ;1;"2024-05-19 00:00:00";"2024-05-19 23:59:59";16;24430;20;10;0;<FLG>
V6155020;V615502001;QINnJ;1;"2024-05-20 00:00:00";"2024-05-20 23:59:59";16;24027;20;10;0;<FLG>
V6155020;V615502001;QINnJ;1;"2024-05-21 00:00:00";"2024-05-21 23:59:59";16;23485;20;10;0;<FLG>
V6155020;V615502001;QINnJ;1;"2024-05-22 00:00:00";"2024-05-22 23:59:59";16;22675;20;10;0;<FLG>
V6155020;V615502001;QINnJ;1;"2024-05-23 00:00:00";"2024-05-23 23:59:59";16;21845;20;10;0;<FLG>
V6155020;V615502001;QINnJ;1;"2024-05-24 00:00:00";"2024-05-24 23:59:59";16;21313;20;10;0;<FLG>
V6155020;V615502001;QINnJ;1;"2024-05-25 00:00:00";"2024-05-25 23:59:59";16;20799;20;10;0;<FLG>
V6155020;V615502001;QINnJ;1;"2024-05-26 00:00:00";"2024-05-26 23:59:59";16;20347;20;10;0;<FLG>
V6155020;V615502001;QINnJ;1;"2024-05-27 00:00:00";"2024-05-27 23:59:59";16;20051;20;10;0;<FLG>
V6155020;V615502001;QINnJ;1;"2024-05-28 00:00:00";"2024-05-28 23:59:59";16;19923;20;10;0;<FLG>
V6155020;V615502001;QINnJ;1;"2024-05-29 00:00:00";"2024-05-29 23:59:59";16;19796;20;10;0;<FLG>
V6155020;V615502001;QINnJ;1;"2024-05-30 00:00:00";"2024-05-30 23:59:59";16;19581;20;10;0;<FLG>
V6155020;V615502001;QINnJ;1;"2024-05-31 00:00:00";"2024-05-31 23:59:59";16;19353;20;10;0;<FLG>
V6155020;V615502001;QINnJ;1;"2024-06-01 00:00:00";"2024-06-01 23:59:59";16;19175;20;10;0;<FLG>
V6155020;V615502001;QINnJ;1;"2024-06-02 00:00:00";"2024-06-02 23:59:59";16;18907;20;10;0;<FLG>
V6155020;V615502001;QINnJ;1;"2024-06-03 00:00:00";"2024-06-03 23:59:59";16;18831;20;10;0;<FLG>
V6155020;V615502001;QINnJ;1;"2024-06-04 00:00:00";"2024-06-04 23:59:59";16;18696;20;10;0;<FLG>
V6155020;V615502001;QINnJ;1;"2024-06-05 00:00:00";"2024-06-05 23:59:59";16;18531;20;10;0;<FLG>
V6155020;V615502001;QINnJ;1;"2024-06-06 00:00:00";"2024-06-06 23:59:59";16;18350;20;10;0;<FLG>
V6155020;V615502001;QINnJ;1;"2024-06-07 00:00:00";"2024-06-07 23:59:59";16;18142;20;10;0;<FLG>
V6155020;V615502001;QINnJ;1;"2024-06-08 00:00:00";"2024-06-08 23:59:59";16;17931;20;10;0;<FLG>
V6155020;V615502001;QINnJ;1;"2024-06-09 00:00:00";"2024-06-09 23:59:59";16;17730;20;10;0;<FLG>
V6155020;V615502001;QINnJ;1;"2024-06-10 00:00:00";"2024-06-10 23:59:59";16;17539;20;10;0;<FLG>
V6155020;V615502001;QINnJ;1;"2024-06-11 00:00:00";"2024-06-11 23:59:59";16;17121;20;10;0;<FLG>
V6155020;V615502001;QINnJ;1;"2024-06-12 00:00:00";"2024-06-12 23:59:59";16;16867;20;10;0;<FLG>
V6155020;V615502001;QINnJ;1;"2024-06-13 00:00:00";"2024-06-13 23:59:59";16;16613;20;10;0;<FLG>
V6155020;V615502001;QINnJ;1;"2024-06-14 00:00:00";"2024-06-14 23:59:59";16;16359;20;10;0;<FLG>
V6155020;V615502001;QINnJ;1;"2024-06-15 00:00:00";"2024-06-15 23:59:59";16;16105;20;10;0;<FLG>
V6155020;V615502001;QINnJ;1;"2024-06-16 00:00:00";"2024-06-16 23:59:59";16;15851;20;10;0;<FLG>
V6155020;V615502001;QINnJ;1;"2024-06-17 00:00:00";"2024-06-17 23:59:59";16;15597;20;10;0;<FLG>
V6155020;V615502001;QINnJ;1;"2024-06-18 00:00:00";"2024-06-18 23:59:59";16;15367;20;10;0;<FLG>
V6155020;V615502001;QINnJ;1;"2024-06-19 00:00:00";"2024-06-19 23:59:59";16;15135;20;10;0;<FLG>
V6155020;V615502001;QINnJ;1;"2024-06-20 00:00:00";"2024-06-20 23:59:59";16;14998;20;10;0;<FLG>
V6155020;V615502001;QINnJ;1;"2024-06-21 00:00:00";"2024-06-21 23:59:59";16;14896;20;10;0;<FLG>
V6155020;V615502001;QINnJ;1;"2024-06-22 00:00:00";"2024-06-22 23:59:59";16;14765;20;10;0;<FLG>
V6155020;V615502001;QINnJ;1;"2024-06-23 00:00:00";"2024-06-23 23:59:59";16;14601;20;10;0;<FLG>
V6155020;V615502001;QINnJ;1;"2024-06-24 00:00:00";"2024-06-24 23:59:59";16;14417;20;10;0;<FLG>
V6155020;V615502001;QINnJ;1;"2024-06-25 00:00:00";"2024-06-25 23:59:59";16;14084;20;10;0;<FLG>
V6155020;V615502001;QINnJ;1;"2024-06-26 00:00:00";"2024-06-26 23:59:59";16;13871;20;10;0;<FLG>
V6155020;V615502001;QINnJ;1;"2024-06-27 00:00:00";"2024-06-27 23:59:59";16;13742;20;10;0;<FLG>
V6155020;V615502001;QINnJ;1;"2024-06-28 00:00:00";"2024-06-28 23:59:59";16;13541;20;10;0;<FLG>
V6155020;V615502001;QINnJ;1;"2024-06-29 00:00:00";"2024-06-29 23:59:59";16;13319;20;10;0;<FLG>
V6155020;V615502001;QINnJ;1;"2024-06-30 00:00:00";"2024-06-30 23:59:59";16;13096;20;10;0;<FLG>
V6155020;V615502001;QINnJ;1;"2024-07-01 00:00:00";"2024-07-01 23:59:59";16;12949;20;10;0;<FLG>
V6155020;V615502001;QINnJ;1;"2024-07-02 00:00:00";"2024-07-02 23:59:59";16;12801;20;10;0;<FLG>
V6155020;V615502001;QINnJ;1;"2024-07-03 00:00:00";"2024-07-03 23:59:59";16;12654;20;10;0;<FLG>
V6155020;V615502001;QINnJ;1;"2024-07-04 00:00:00";"2024-07-04 23:59:59";16;12506;20;10;0;<FLG>
V6155020;V615502001;QINnJ;1;"2024-07-05 00:00:00";"2024-07-05 23:59:59";16;12359;20;10;0;<FLG>
V6155020;V615502001;QINnJ;1;"2024-07-06 00:00:00";"2024-07-06 23:59:59";16;12211;20;10;0;<FLG>
V6155020;V615502001;QINnJ;1;"2024-07-07 00:00:00";"2024-07-07 23:59:59";16;12064;20;10;0;<FLG>
V6155020;V615502001;QINnJ;1;"2024-07-08 00:00:00";"2024-07-08 23:59:59";16;11916;20;10;0;<FLG>
V6155020;V615502001;QINnJ;1;"2024-07-09 00:00:00";"2024-07-09 23:59:59";16;11769;20;10;0;<FLG>
V6155020;V615502001;QINnJ;1;"2024-07-10 00:00:00";"2024-07-10 23:59:59";16;11621;20;10;0;<FLG>
V6155020;V615502001;QINnJ;1;"2024-07-11 00:00:00";"2024-07-11 23:59:59";16;11474;20;10;0;<FLG>
V6155020;V615502001;QINnJ;1;"2024-07-12 00:00:00";"2024-07-12 23:59:59";16;11326;20;10;0;<FLG>
V6155020;V615502001;QINnJ;1;"2024-07-13 00:00:00";"2024-07-13 23:59:59";16;11179;20;10;0;<FLG>
V6155020;V615502001;QINnJ;1;"2024-07-14 00:00:00";"2024-07-14 23:59:59";16;11031;20;10;0;<FLG>
V6155020;V615502001;QINnJ;1;"2024-07-15 00:00:00";"2024-07-15 23:59:59";16;10884;20;10;0;<FLG>
V6155020;V615502001;QINnJ;1;"2024-07-16 00:00:00";"2024-07-16 23:59:59";16;10736;20;10;0;<FLG>
V6155020;V615502001;QINnJ;1;"2024-07-17 00:00:00";"2024-07-17 23:59:59";16;10589;20;10;0;<FLG>
V6155020;V615502001;QINnJ;1;"2024-07-18 00:00:00";"2024-07-18 23:59:59";16;10441;20;10;0;<FLG>
V6155020;V615502001;QINnJ;1;"2024-07-19 00:00:00";"2024-07-19 23:59:59";16;10343;20;10;0;<FLG>
V6155020;V615502001;QINnJ;1;"2024-07-20 00:00:00";"2024-07-20 23:59:59";16;10134;20;10;0;<FLG>
V6155020;V615502001;QINnJ;1;"2024-07-21 00:00:00";"2024-07-21 23:59:59";16;10077;20;10;0;<FLG>
V6155020;V615502001;QINnJ;1;"2024-07-22 00:00:00";"2024-07-22 23:59:59";16;10000;20;10;0;<FLG>
V6155020;V615502001;QINnJ;1;"2024-07-23 00:00:00";"2024-07-23 23:59:59";16;9896;20;10;0;<FLG>
V6155020;V615502001;QINnJ;1;"2024-07-24 00:00:00";"2024-07-24 23:59:59";16;9792;20;10;0;<FLG>
V6155020;V615502001;QINnJ;1;"2024-07-25 00:00:00";"2024-07-25 23:59:59";16;9688;20;10;0;<FLG>
V6155020;V615502001;QINnJ;1;"2024-07-26 00:00:00";"2024-07-26 23:59:59";16;9584;20;10;0;<FLG>
V6155020;V615502001;QINnJ;1;"2024-07-27 00:00:00";"2024-07-27 23:59:59";16;9480;20;10;0;<FLG>
V6155020;V615502001;QINnJ;1;"2024-07-28 00:00:00";"2024-07-28 23:59:59";16;9376;20;10;0;<FLG>
V6155020;V615502001;QINnJ;1;"2024-07-29 00:00:00";"2024-07-29 23:59:59";16;9271;20;10;0;<FLG>
V6155020;V615502001;QINnJ;1;"2024-07-30 00:00:00";"2024-07-30 23:59:59";16;9167;20;10;0;<FLG>
V6155020;V615502001;QINnJ;1;"2024-07-31 00:00:00";"2024-07-31 23:59:59";16;9063;20;10;0;<FLG>
V6155020;V615502001;QINnJ;1;"2024-08-01 00:00:00";"2024-08-01 23:59:59";16;8987;20;10;0;<FLG>
V6155020;V615502001;QINnJ;1;"2024-08-02 00:00:00";"2024-08-02 23:59:59";16;8911;20;10;0;<FLG>
V6155020;V615502001;QINnJ;1;"2024-08-03 00:00:00";"2024-08-03 23:59:59";16;8835;20;10;0;<FLG>
V6155020;V615502001;QINnJ;1;"2024-08-04 00:00:00";"2024-08-04 23:59:59";16;8759;20;10;0;<FLG>
V6155020;V615502001;QINnJ;1;"2024-08-05 00:00:00";"2024-08-05 23:59:59";16;8683;20;10;0;<FLG>
V6155020;V615502001;QINnJ;1;"2024-08-06 00:00:00";"2024-08-06 23:59:59";16;8607;20;10;0;<FLG>
V6155020;V615502001;QINnJ;1;"2024-08-07 00:00:00";"2024-08-07 23:59:59";16;8532;20;10;0;<FLG>
V6155020;V615502001;QINnJ;1;"2024-08-08 00:00:00";"2024-08-08 23:59:59";16;8456;20;10;0;<FLG>
V6155020;V615502001;QINnJ;1;"2024-08-09 00:00:00";"2024-08-09 23:59:59";16;8380;20;10;0;<FLG>
V6155020;V615502001;QINnJ;1;"2024-08-10 00:00:00";"2024-08-10 23:59:59";16;8319;20;10;0;<FLG>
V6155020;V615502001;QINnJ;1;"2024-08-11 00:00:00";"2024-08-11 23:59:59";16;8258;20;10;0;<FLG>
V6155020;V615502001;QINnJ;1;"2024-08-12 00:00:00";"2024-08-12 23:59:59";16;8197;20;10;0;<FLG>
V6155020;V615502001;QINnJ;1;"2024-08-13 00:00:00";"2024-08-13 23:59:59";16;8136;20;10;0;<FLG>
V6155020;V615502001;QINnJ;1;"2024-08-14 00:00:00";"2024-08-14 23:59:59";16;8076;20;10;0;<FLG>
V6155020;V615502001;QINnJ;1;"2024-08-15 00:00:00";"2024-08-15 23:59:59";16;8015;20;10;0;<FLG>
V6155020;V615502001;QINnJ;1;"2024-08-16 00:00:00";"2024-08-16 23:59:59";16;7958;20;10;0;<FLG>
V6155020;V615502001;QINnJ;1;"2024-08-17 00:00:00";"2024-08-17 23:59:59";16;7907;20;10;0;<FLG>
V6155020;V615502001;QINnJ;1;"2024-08-18 00:00:00";"2024-08-18 23:59:59";16;7855;20;10;0;<FLG>
V6155020;V615502001;QINnJ;1;"2024-08-19 00:00:00";"2024-08-19 23:59:59";16;7804;20;10;0;<FLG>
V6155020;V615502001;QINnJ;1;"2024-08-20 00:00:00";"2024-08-20 23:59:59";16;7658;20;10;0;<FLG>
V6155020;V615502001;QINnJ;1;"2024-08-21 00:00:00";"2024-08-21 23:59:59";16;7573;20;10;0;<FLG>
V6155020;V615502001;QINnJ;1;"2024-08-22 00:00:00";"2024-08-22 23:59:59";16;7529;20;10;0;<FLG>
V6155020;V615502001;QINnJ;1;"2024-08-23 00:00:00";"2024-08-23 23:59:59";16;7486;20;10;0;<FLG>
V6155020;V615502001;QINnJ;1;"2024-08-24 00:00:00";"2024-08-24 23:59:59";16;7443;20;10;0;<FLG>
V6155020;V615502001;QINnJ;1;"2024-08-25 00:00:00";"2024-08-25 23:59:59";16;7400;20;10;0;<FLG>
V6155020;V615502001;QINnJ;1;"2024-08-26 00:00:00";"2024-08-26 23:59:59";16;7356;20;10;0;<FLG>
V6155020;V615502001;QINnJ;1;"2024-08-27 00:00:00";"2024-08-27 20:20:00";16;7103;20;10;0;<FLG>
V6155020;V615502001;QINnJ;1;"2024-08-28 00:00:00";"2024-08-28 00:00:00";16;7111;20;10;0;<FLG>
V6155020;V615502001;QINnJ;1;"2024-08-29 00:00:00";"2024-08-29 00:00:00";16;7159;20;10;0;<FLG>
V6155020;V615502001;QINnJ;1;"2024-08-30 00:00:00";"2024-08-30 23:59:59";16;7091;20;10;0;<FLG>
V6155020;V615502001;QINnJ;1;"2024-08-31 00:00:00";"2024-08-31 08:20:00";16;7042;20;10;0;<FLG>
V6155020;V615502001;QINnJ;1;"2024-09-01 00:00:00";"2024-09-01 23:59:59";16;7089;20;10;0;<FLG>
V6155020;V615502001;QINnJ;1;"2024-09-02 00:00:00";"2024-09-02 23:59:59";16;6969;20;10;0;<FLG>
V6155020;V615502001;QINnJ;1;"2024-09-03 00:00:00";"2024-09-03 17:55:00";16;6879;20;10;0;<FLG>
V6155020;V615502001;QINnJ;1;"2024-09-04 00:00:00";"2024-09-04 00:00:00";16;6900;20;10;0;<FLG>
V6155020;V615502001;QINnJ;1;"2024-09-05 00:00:00";"2024-09-05 00:00:00";16;7245;20;10;0;<FLG>
V6155020;V615502001;QINnJ;1;"2024-09-06 00:00:00";"2024-09-06 23:59:59";16;7362;20;10;0;<FLG>
V6155020;V615502001;QINnJ;1;"2024-09-07 00:00:00";"2024-09-07 23:59:59";16;7247;20;10;0;<FLG>
V6155020;V615502001;QINnJ;1;"2024-09-08 00:00:00";"2024-09-08 15:05:00";16;7175;20;10;0;<FLG>
V6155020;V615502001;QINnJ;1;"2024-09-09 00:00:00";"2024-09-09 00:00:00";16;7444;20;10;0;<FLG>
V6155020;V615502001;QINnJ;1;"2024-09-10 00:00:00";"2024-09-10 23:59:59";16;7658;20;10;0;<FLG>
V6155020;V615502001;QINnJ;1;"2024-09-11 00:00:00";"2024-09-11 23:59:59";16;7431;20;10;0;<FLG>
V6155020;V615502001;QINnJ;1;"2024-09-12 00:00:00";"2024-09-12 23:59:59";16;7327;20;10;0;<FLG>
V6155020;V615502001;QINnJ;1;"2024-09-13 00:00:00";"2024-09-13 23:59:59";16;7305;20;10;0;<FLG>
V6155020;V615502001;QINnJ;1;"2024-09-14 00:00:00";"2024-09-14 23:59:59";16;7204;20;10;0;<FLG>
V6155020;V615502001;QINnJ;1;"2024-09-15 00:00:00";"2024-09-15 23:59:59";16;7070;20;10;0;<FLG>
V6155020;V615502001;QINnJ;1;"2024-09-16 00:00:00";"2024-09-16 23:59:59";16;6935;20;10;0;<FLG>
V6155020;V615502001;QINnJ;1;"2024-09-17 00:00:00";"2024-09-17 00:45:00";16;6931;20;10;0;<FLG>
V6155020;V615502001;QINnJ;1;"2024-09-18 00:00:00";"2024-09-18 23:59:59";16;6780;20;10;0;<FLG>
V6155020;V615502001;QINnJ;1;"2024-09-19 00:00:00";"2024-09-19 02:10:00";16;6763;20;10;0;<FLG>
V6155020;V615502001;QINnJ;1;"2024-09-20 00:00:00";"2024-09-20 23:59:59";16;6678;20;10;0;<FLG>
V6155020;V615502001;QINnJ;1;"2024-09-21 00:00:00";"2024-09-21 21:35:00";16;6547;20;10;0;<FLG>
V6155020;V615502001;QINnJ;1;"2024-09-22 00:00:00";"2024-09-22 00:00:00";16;6553;20;10;0;<FLG>
V6155020;V615502001;QINnJ;1;"2024-09-23 00:00:00";"2024-09-23 00:00:00";16;6643;20;10;0;<FLG>
V6155020;V615502001;QINnJ;1;"2024-09-24 00:00:00";"2024-09-24 00:00:00";16;6898;20;10;0;<FLG>
V6155020;V615502001;QINnJ;1;"2024-09-25 00:00:00";"2024-09-25 23:59:59";16;6835;20;10;0;<FLG>
V6155020;V615502001;QINnJ;1;"2024-09-26 00:00:00";"2024-09-26 23:59:59";16;6760;20;10;0;<FLG>
V6155020;V615502001;QINnJ;1;"2024-09-27 00:00:00";"2024-09-27 12:56:00";16;6721;20;10;0;<FLG>
V6155020;V615502001;QINnJ;1;"2024-09-28 00:00:00";"2024-09-28 23:59:59";16;6643;20;10;0;<FLG>
V6155020;V615502001;QINnJ;1;"2024-09-29 00:00:00";"2024-09-29 23:59:59";16;6545;20;10;0;<FLG>
V6155020;V615502001;QINnJ;1;"2024-09-30 00:00:00";"2024-09-30 15:46:00";16;6481;20;10;0;<FLG>
V6155020;V615502001;QINnJ;1;"2024-10-01 00:00:00";"2024-10-01 00:00:00";16;6489;20;10;0;<FLG>
V6155020;V615502001;QINnJ;1;"2024-10-02 00:00:00";"2024-10-02 23:59:59";16;6422;20;10;0;<FLG>
V6155020;V615502001;QINnJ;1;"2024-10-03 00:00:00";"2024-10-03 23:59:59";16;6345;20;10;0;<FLG>
V6155020;V615502001;QINnJ;1;"2024-10-04 00:00:00";"2024-10-04 00:00:00";16;6345;20;10;0;<FLG>
V6155020;V615502001;QINnJ;1;"2024-10-05 00:00:00";"2024-10-05 00:00:00";16;6599;20;10;0;<FLG>
V6155020;V615502001;QINnJ;1;"2024-10-06 00:00:00";"2024-10-06 00:00:00";16;6853;20;10;0;<FLG>
V6155020;V615502001;QINnJ;1;"2024-10-07 00:00:00";"2024-10-07 23:59:59";16;7026;20;10;0;<FLG>
V6155020;V615502001;QINnJ;1;"2024-10-08 00:00:00";"2024-10-08 01:00:00";16;7023;20;10;0;<FLG>
V6155020;V615502001;QINnJ;1;"2024-10-09 00:00:00";"2024-10-09 00:00:00";16;9853;20;10;0;<FLG>
V6155020;V615502001;QINnJ;1;"2024-10-10 00:00:00";"2024-10-10 11:00:00";16;10982;20;10;0;<FLG>
V6155020;V615502001;QINnJ;1;"2024-10-11 00:00:00";"2024-10-11 00:00:00";16;11898;20;10;0;<FLG>
V6155020;V615502001;QINnJ;1;"2024-10-12 00:00:00";"2024-10-12 23:59:59";16;11289;20;10;0;<FLG>
V6155020;V615502001;QINnJ;1;"2024-10-13 00:00:00";"2024-10-13 05:45:00";16;11137;20;10;0;<FLG>
V6155020;V615502001;QINnJ;1;"2024-10-14 00:00:00";"2024-10-14 00:00:00";16;11293;20;10;0;<FLG>
V6155020;V615502001;QINnJ;1;"2024-10-15 00:00:00";"2024-10-15 23:59:59";16;11077;20;10;0;<FLG>
V6155020;V615502001;QINnJ;1;"2024-10-16 00:00:00";"2024-10-16 07:50:00";16;10827;20;10;0;<FLG>
V6155020;V615502001;QINnJ;1;"2024-10-17 00:00:00";"2024-10-17 00:00:00";16;11187;20;10;0;<FLG>
V6155020;V615502001;QINnJ;1;"2024-10-18 00:00:00";"2024-10-18 00:00:00";16;12726;20;10;0;<FLG>
V6155020;V615502001;QINnJ;1;"2024-10-19 00:00:00";"2024-10-19 00:00:00";16;16245;20;10;0;<FLG>
V6155020;V615502001;QINnJ;1;"2024-10-20 00:00:00";"2024-10-20 23:59:59";16;17489;20;10;0;<FLG>
V6155020;V615502001;QINnJ;1;"2024-10-21 00:00:00";"2024-10-21 23:59:59";16;16753;20;10;0;<FLG>
V6155020;V615502001;QINnJ;1;"2024-10-22 00:00:00";"2024-10-22 23:59:59";16;15864;20;10;0;<FLG>
V6155020;V615502001;QINnJ;1;"2024-10-23 00:00:00";"2024-10-23 23:59:59";16;15045;20;10;0;<FLG>
V6155020;V615502001;QINnJ;1;"2024-10-24 00:00:00";"2024-10-24 23:59:59";16;14709;20;10;0;<FLG>
V6155020;V615502001;QINnJ;1;"2024-10-25 00:00:00";"2024-10-25 23:59:59";16;14145;20;10;0;<FLG>
V6155020;V615502001;QINnJ;1;"2024-10-26 00:00:00";"2024-10-26 22:20:00";16;13621;20;10;0;<FLG>
V6155020;V615502001;QINnJ;1;"2024-10-27 00:00:00";"2024-10-27 00:00:00";16;13696;20;10;0;<FLG>
V6155020;V615502001;QINnJ;1;"2024-10-28 00:00:00";"2024-10-28 00:00:00";16;16227;20;10;0;<FLG>
V6155020;V615502001;QINnJ;1;"2024-10-29 00:00:00";"2024-10-29 00:00:00";16;17548;20;10;0;<FLG>
V6155020;V615502001;QINnJ;1;"2024-10-30 00:00:00";"2024-10-30 23:59:59";16;17259;20;10;0;<FLG>
V6155020;V615502001;QINnJ;1;"2024-10-31 00:00:00";"2024-10-31 23:59:59";16;16654;20;10;0;<FLG>
V6155020;V615502001;QINnJ;1;"2024-11-01 00:00:00";"2024-11-01 23:59:59";16;16034;20;10;0;<FLG>
V6155020;V615502001;QINnJ;1;"2024-11-02 00:00:00";"2024-11-02 23:59:59";16;15428;20;10;0;<FLG>
V6155020;V615502001;QINnJ;1;"2024-11-03 00:00:00";"2024-11-03 23:59:59";16;14857;20;10;0;<FLG>
V6155020;V615502001;QINnJ;1;"2024-11-04 00:00:00";"2024-11-04 23:59:59";16;14285;20;10;0;<FLG>
V6155020;V615502001;QINnJ;1;"2024-11-05 00:00:00";"2024-11-05 23:59:59";16;13714;20;10;0;<FLG>
V6155020;V615502001;QINnJ;1;"2024-11-06 00:00:00";"2024-11-06 23:59:59";16;13143;20;10;0;<FLG>
V6155020;V615502001;QINnJ;1;"2024-11-07 00:00:00";"2024-11-07 23:59:59";16;12734;20;10;0;<FLG>
V6155020;V615502001;QINnJ;1;"2024-11-08 00:00:00";"2024-11-08 23:59:59";16;12323;20;10;0;<FLG>
V6155020;V615502001;QINnJ;1;"2024-11-09 00:00:00";"2024-11-09 23:59:59";16;12014;20;10;0;<FLG>
V6155020;V615502001;QINnJ;1;"2024-11-10 00:00:00";"2024-11-10 23:59:59";16;11695;20;10;0;<FLG>
V6155020;V615502001;QINnJ;1;"2024-11-11 00:00:00";"2024-11-11 23:59:59";16;11338;20;10;0;<FLG>
V6155020;V615502001;QINnJ;1;"2024-11-12 00:00:00";"2024-11-12 23:59:59";16;10995;20;10;0;<FLG>
V6155020;V615502001;QINnJ;1;"2024-11-13 00:00:00";"2024-11-13 23:59:59";16;10766;20;10;0;<FLG>
V6155020;V615502001;QINnJ;1;"2024-11-14 00:00:00";"2024-11-14 23:59:59";16;10476;20;10;0;<FLG>
V6155020;V615502001;QINnJ;1;"2024-11-15 00:00:00";"2024-11-15 23:59:59";16;10225;20;10;0;<FLG>
V6155020;V615502001;QINnJ;1;"2024-11-16 00:00:00";"2024-11-16 23:59:59";16;10081;20;10;0;<FLG>
V6155020;V615502001;QINnJ;1;"2024-11-17 00:00:00";"2024-11-17 20:45:00";16;9862;20;10;0;<FLG>
V6155020;V615502001;QINnJ;1;"2024-11-18 00:00:00";"2024-11-18 17:45:00";16;9713;20;10;0;<FLG>
V6155020;V615502001;QINnJ;1;"2024-11-19 00:00:00";"2024-11-19 23:59:59";16;9553;20;10;0;<FLG>
V6155020;V615502001;QINnJ;1;"2024-11-20 00:00:00";"2024-11-20 23:32:00";16;9444;20;10;0;<FLG>
V6155020;V615502001;QINnJ;1;"2024-11-21 00:00:00";"2024-11-21 00:00:00";16;9445;20;10;0;<FLG>
V6155020;V615502001;QINnJ;1;"2024-11-22 00:00:00";"2024-11-22 00:00:00";16;9496;20;10;0;<FLG>
V6155020;V615502001;QINnJ;1;"2024-11-23 00:00:00";"2024-11-23 00:00:00";16;12705;20;10;0;<FLG>
V6155020;V615502001;QINnJ;1;"2024-11-24 00:00:00";"2024-11-24 20:35:00";16;13388;20;10;0;<FLG>
V6155020;V615502001;QINnJ;1;"2024-11-25 00:00:00";"2024-11-25 00:00:00";16;13434;20;10;0;<FLG>
V6155020;V615502001;QINnJ;1;"2024-11-26 00:00:00";"2024-11-26 00:00:00";16;14184;20;10;0;<FLG>
V6155020;V615502001;QINnJ;1;"2024-11-27 00:00:00";"2024-11-27 00:00:00";16;15628;20;10;0;<FLG>
V6155020;V615502001;QINnJ;1;"2024-11-28 00:00:00";"2024-11-28 00:00:00";16;17272;20;10;0;<FLG>
V6155020;V615502001;QINnJ;1;"2024-11-29 00:00:00";"2024-11-29 23:59:59";16;17285;20;10;0;<FLG>
V6155020;V615502001;QINnJ;1;"2024-11-30 00:00:00";"2024-11-30 23:59:59";16;16696;20;10;0;<FLG>
V6155020;V615502001;QINnJ;1;"2024-12-01 00:00:00";"2024-12-01 23:59:59";16;16179;20;10;0;<FLG>
V6155020;V615502001;QINnJ;1;"2024-12-02 00:00:00";"2024-12-02 23:59:59";16;15662;20;10;0;<FLG>
V6155020;V615502001;QINnJ;1;"2024-12-03 00:00:00";"2024-12-03 23:59:59";16;15182;20;10;0;<FLG>
V6155020;V615502001;QINnJ;1;"2024-12-04 00:00:00";"2024-12-04 23:59:59";16;14706;20;10;0;<FLG>
V6155020;V615502001;QINnJ;1;"2024-12-05 00:00:00";"2024-12-05 23:59:59";16;14230;20;10;0;<FLG>
V6155020;V615502001;QINnJ;1;"2024-12-06 00:00:00";"2024-12-06 23:59:59";16;13776;20;10;0;<FLG>
V6155020;V615502001;QINnJ;1;"2024-12-07 00:00:00";"2024-12-07 23:59:59";16;13404;20;10;0;<FLG>
V6155020;V615502001;QINnJ;1;"2024-12-08 00:00:00";"2024-12-08 23:59:59";16;13031;20;10;0;<FLG>
V6155020;V615502001;QINnJ;1;"2024-12-09 00:00:00";"2024-12-09 23:59:59";16;12659;20;10;0;<FLG>
V6155020;V615502001;QINnJ;1;"2024-12-10 00:00:00";"2024-12-10 23:59:59";16;12286;20;10;0;<FLG>
V6155020;V615502001;QINnJ;1;"2024-12-11 00:00:00";"2024-12-11 23:59:59";16;11914;20;10;0;<FLG>
V6155020;V615502001;QINnJ;1;"2024-12-12 00:00:00";"2024-12-12 23:59:59";16;11563;20;10;0;<FLG>
V6155020;V615502001;QINnJ;1;"2024-12-13 00:00:00";"2024-12-13 23:59:59";16;11235;20;10;0;<FLG>
V6155020;V615502001;QINnJ;1;"2024-12-14 00:00:00";"2024-12-14 23:59:59";16;11037;20;10;0;<FLG>
V6155020;V615502001;QINnJ;1;"2024-12-15 00:00:00";"2024-12-15 23:59:59";16;10933;20;10;0;<FLG>
V6155020;V615502001;QINnJ;1;"2024-12-16 00:00:00";"2024-12-16 23:59:59";16;10828;20;10;0;<FLG>
V6155020;V615502001;QINnJ;1;"2024-12-17 00:00:00";"2024-12-17 23:59:59";16;10763;20;10;0;<FLG>
V6155020;V615502001;QINnJ;1;"2024-12-18 00:00:00";"2024-12-18 23:59:59";16;10724;20;10;0;<FLG>
V6155020;V615502001;QINnJ;1;"2024-12-19 00:00:00";"2024-12-19 23:59:59";16;10594;20;10;0;<FLG>
V6155020;V615502001;QINnJ;1;"2024-12-20 00:00:00";"2024-12-20 23:59:59";16;10418;20;10;0;<FLG>
V6155020;V615502001;QINnJ;1;"2024-12-21 00:00:00";"2024-12-21 23:59:59";16;10279;20;10;0;<FLG>
V6155020;V615502001;QINnJ;1;"2024-12-22 00:00:00";"2024-12-22 23:59:59";16;10144;20;10;0;<FLG>
V6155020;V615502001;QINnJ;1;"2024-12-23 00:00:00";"2024-12-23 13:00:00";16;10071;20;10;0;<FLG>
V6155020;V615502001;QINnJ;1;"2024-12-24 00:00:00";"2024-12-24 00:00:00";16;10081;20;10;0;<FLG>
V6155020;V615502001;QINnJ;1;"2024-12-25 00:00:00";"2024-12-25 23:59:59";16;10012;20;10;0;<FLG>
V6155020;V615502001;QINnJ;1;"2024-12-26 00:00:00";"2024-12-26 23:59:59";16;9930;20;10;0;<FLG>
V6155020;V615502001;QINnJ;1;"2024-12-27 00:00:00";"2024-12-27 23:59:59";16;9849;20;10;0;<FLG>
V6155020;V615502001;QINnJ;1;"2024-12-28 00:00:00";"2024-12-28 23:59:59";16;9827;20;10;0;<FLG>
V6155020;V615502001;QINnJ;1;"2024-12-29 00:00:00";"2024-12-29 23:59:59";16;9695;20;10;0;<FLG>
V6155020;V615502001;QINnJ;1;"2024-12-30 00:00:00";"2024-12-30 23:59:59";16;9564;20;10;0;<FLG>
V6155020;V615502001;QINnJ;1;"2024-12-31 00:00:00";"2024-12-31 23:59:59";16;9433;20;10;0;<FLG>
V6155621;V615562101;QINnJ;1;"2018-11-01 00:00:00";"2018-11-01 00:00:00";4;64470;16;0;1;<FLG>
V6155621;V615562101;QINnJ;1;"2018-11-02 00:00:00";"2018-11-02 20:00:00";4;67410;16;0;0;<FLG>
V6155621;V615562101;QINnJ;1;"2018-11-03 00:00:00";"2018-11-03 09:30:00";4;60640;16;0;0;<FLG>
V6155621;V615562101;QINnJ;1;"2018-11-04 00:00:00";"2018-11-04 16:30:00";4;45660;16;0;0;<FLG>
V6155621;V615562101;QINnJ;1;"2018-11-05 00:00:00";"2018-11-05 20:05:00";4;57400;16;0;0;<FLG>
V6155621;V615562101;QINnJ;1;"2018-11-06 00:00:00";"2018-11-06 03:50:00";4;56010;16;0;0;<FLG>
V6155621;V615562101;QINnJ;1;"2018-11-07 00:00:00";"2018-11-07 19:45:00";4;70740;16;0;0;<FLG>
V6155621;V615562101;QINnJ;1;"2018-11-08 00:00:00";"2018-11-08 00:15:00";4;72090;16;0;0;<FLG>
V6155621;V615562101;QINnJ;1;"2018-11-09 00:00:00";"2018-11-09 18:25:00";4;45520;16;0;0;<FLG>
V6155621;V615562101;QINnJ;1;"2018-11-10 00:00:00";"2018-11-10 12:30:00";4;44050;16;0;0;<FLG>
V6155621;V615562101;QINnJ;1;"2018-11-11 00:00:00";"2018-11-11 21:10:00";4;41640;16;0;0;<FLG>
V6155621;V615562101;QINnJ;1;"2018-11-12 00:00:00";"2018-11-12 07:20:00";4;41010;16;0;0;<FLG>
V6155621;V615562101;QINnJ;1;"2018-11-13 00:00:00";"2018-11-13 18:10:00";4;50860;16;0;0;<FLG>
V6155621;V615562101;QINnJ;1;"2018-11-14 00:00:00";"2018-11-14 11:45:00";4;50050;16;0;0;<FLG>
V6155621;V615562101;QINnJ;1;"2018-11-15 00:00:00";"2018-11-15 02:10:00";4;45360;16;0;0;<FLG>
V6155621;V615562101;QINnJ;1;"2018-11-16 00:00:00";"2018-11-16 23:55:00";4;45680;16;0;0;<FLG>
V6155621;V615562101;QINnJ;1;"2018-11-17 00:00:00";"2018-11-17 00:30:00";4;45070;16;0;0;<FLG>
V6155621;V615562101;QINnJ;1;"2018-11-18 00:00:00";"2018-11-18 22:15:00";4;41320;16;0;0;<FLG>
V6155621;V615562101;QINnJ;1;"2018-11-19 00:00:00";"2018-11-19 23:30:00";4;38620;16;0;0;<FLG>
V6155621;V615562101;QINnJ;1;"2018-11-20 00:00:00";"2018-11-20 23:05:00";4;36420;16;0;0;<FLG>
V6155621;V615562101;QINnJ;1;"2018-11-21 00:00:00";"2018-11-21 00:50:00";4;37130;16;0;0;<FLG>
V6155621;V615562101;QINnJ;1;"2018-11-22 00:00:00";"2018-11-22 07:40:00";4;48150;16;0;0;<FLG>
V6155621;V615562101;QINnJ;1;"2018-11-23 00:00:00";"2018-11-23 09:30:00";4;48360;16;0;0;<FLG>
V6155621;V615562101;QINnJ;1;"2018-11-24 00:00:00";"2018-11-24 22:50:00";4;41750;16;0;0;<FLG>
V6155621;V615562101;QINnJ;1;"2018-11-25 00:00:00";"2018-11-25 02:55:00";4;42150;16;0;0;<FLG>
V6155621;V615562101;QINnJ;1;"2018-11-26 00:00:00";"2018-11-26 23:35:00";4;76710;16;0;0;<FLG>
V6155621;V615562101;QINnJ;1;"2018-11-27 00:00:00";"2018-11-27 14:00:00";4;63810;16;0;0;<FLG>
V6155621;V615562101;QINnJ;1;"2018-11-28 00:00:00";"2018-11-28 11:50:00";4;45200;16;0;0;<FLG>
V6155621;V615562101;QINnJ;1;"2018-11-29 00:00:00";"2018-11-29 01:40:00";4;58870;16;0;0;<FLG>
V6155621;V615562101;QINnJ;1;"2018-11-30 00:00:00";"2018-11-30 05:00:00";4;60960;16;0;0;<FLG>
V6155621;V615562101;QINnJ;1;"2018-12-01 00:00:00";"2018-12-01 22:30:00";4;41670;16;0;0;<FLG>
V6155621;V615562101;QINnJ;1;"2018-12-02 00:00:00";"2018-12-02 21:30:00";4;54400;16;0;0;<FLG>
V6155621;V615562101;QINnJ;1;"2018-12-03 00:00:00";"2018-12-03 18:00:00";4;50620;16;0;0;<FLG>
V6155621;V615562101;QINnJ;1;"2018-12-04 00:00:00";"2018-12-04 17:00:00";4;34460;16;0;0;<FLG>
V6155621;V615562101;QINnJ;1;"2018-12-05 00:00:00";"2018-12-05 19:25:00";4;32610;16;0;0;<FLG>
V6155621;V615562101;QINnJ;1;"2018-12-06 00:00:00";"2018-12-06 22:55:00";4;31280;16;0;0;<FLG>
V6155621;V615562101;QINnJ;1;"2018-12-07 00:00:00";"2018-12-07 01:10:00";4;31520;16;0;0;<FLG>
V6155621;V615562101;QINnJ;1;"2018-12-08 00:00:00";"2018-12-08 14:50:00";4;33170;16;0;0;<FLG>
V6155621;V615562101;QINnJ;1;"2018-12-09 00:00:00";"2018-12-09 15:00:00";4;36220;16;0;0;<FLG>
V6155621;V615562101;QINnJ;1;"2018-12-10 00:00:00";"2018-12-10 21:10:00";4;34900;16;0;0;<FLG>
V6155621;V615562101;QINnJ;1;"2018-12-11 00:00:00";"2018-12-11 04:40:00";4;34620;16;0;0;<FLG>
V6155621;V615562101;QINnJ;1;"2018-12-12 00:00:00";"2018-12-12 23:55:00";4;33110;16;0;0;<FLG>
V6155621;V615562101;QINnJ;1;"2018-12-13 00:00:00";"2018-12-13 08:10:00";4;32660;16;0;0;<FLG>
V6155621;V615562101;QINnJ;1;"2018-12-14 00:00:00";"2018-12-14 19:15:00";4;31550;16;0;0;<FLG>
V6155621;V615562101;QINnJ;1;"2018-12-15 00:00:00";"2018-12-15 19:30:00";4;30110;16;0;0;<FLG>
V6155621;V615562101;QINnJ;1;"2018-12-16 00:00:00";"2018-12-16 01:15:00";4;30550;16;0;0;<FLG>
V6155621;V615562101;QINnJ;1;"2018-12-17 00:00:00";"2018-12-17 22:50:00";4;31700;16;0;0;<FLG>
V6155621;V615562101;QINnJ;1;"2018-12-18 00:00:00";"2018-12-18 21:35:00";4;30160;16;0;0;<FLG>
V6155621;V615562101;QINnJ;1;"2018-12-19 00:00:00";"2018-12-19 05:25:00";4;29830;16;0;0;<FLG>
V6155621;V615562101;QINnJ;1;"2018-12-20 00:00:00";"2018-12-20 10:45:00";4;39090;16;0;0;<FLG>
V6155621;V615562101;QINnJ;1;"2018-12-21 00:00:00";"2018-12-21 11:50:00";4;35810;16;0;0;<FLG>
V6155621;V615562101;QINnJ;1;"2018-12-22 00:00:00";"2018-12-22 05:30:00";4;38130;16;0;0;<FLG>
V6155621;V615562101;QINnJ;1;"2018-12-23 00:00:00";"2018-12-23 03:15:00";4;37800;16;0;0;<FLG>
V6155621;V615562101;QINnJ;1;"2018-12-24 00:00:00";"2018-12-24 19:30:00";4;37010;16;0;0;<FLG>
V6155621;V615562101;QINnJ;1;"2018-12-25 00:00:00";"2018-12-25 23:25:00";4;38930;16;0;0;<FLG>
V6155621;V615562101;QINnJ;1;"2018-12-26 00:00:00";"2018-12-26 07:40:00";4;35470;16;0;0;<FLG>
V6155621;V615562101;QINnJ;1;"2018-12-27 00:00:00";"2018-12-27 20:35:00";4;37510;16;0;0;<FLG>
V6155621;V615562101;QINnJ;1;"2018-12-28 00:00:00";"2018-12-28 20:10:00";4;35730;16;0;0;<FLG>
V6155621;V615562101;QINnJ;1;"2018-12-29 00:00:00";"2018-12-29 04:30:00";4;34800;16;0;0;<FLG>
V6155621;V615562101;QINnJ;1;"2018-12-30 00:00:00";"2018-12-30 21:55:00";4;32590;16;0;0;<FLG>
V6155621;V615562101;QINnJ;1;"2018-12-31 00:00:00";"2018-12-31 23:40:00";4;32200;16;0;0;<FLG>
V6155621;V615562101;QINnJ;1;"2019-01-01 00:00:00";"2019-01-01 19:35:00";4;31320;16;0;0;<FLG>
V6155621;V615562101;QINnJ;1;"2019-01-02 00:00:00";"2019-01-02 23:00:00";4;30380;16;0;0;<FLG>
V6155621;V615562101;QINnJ;1;"2019-01-03 00:00:00";"2019-01-03 20:50:00";4;29110;16;0;0;<FLG>
V6155621;V615562101;QINnJ;1;"2019-01-04 00:00:00";"2019-01-04 13:05:00";4;27350;16;0;0;<FLG>
V6155621;V615562101;QINnJ;1;"2019-01-05 00:00:00";"2019-01-05 17:25:00";4;26220;16;0;0;<FLG>
V6155621;V615562101;QINnJ;1;"2019-01-06 00:00:00";"2019-01-06 12:50:00";4;26200;16;0;0;<FLG>
V6155621;V615562101;QINnJ;1;"2019-01-07 00:00:00";"2019-01-07 19:55:00";4;25000;16;0;0;<FLG>
V6155621;V615562101;QINnJ;1;"2019-01-08 00:00:00";"2019-01-08 22:00:00";4;23730;16;0;0;<FLG>
V6155621;V615562101;QINnJ;1;"2019-01-09 00:00:00";"2019-01-09 07:45:00";4;23330;16;0;0;<FLG>
V6155621;V615562101;QINnJ;1;"2019-01-10 00:00:00";"2019-01-10 02:25:00";4;22720;16;0;0;<FLG>
V6155621;V615562101;QINnJ;1;"2019-01-11 00:00:00";"2019-01-11 02:00:00";4;22450;16;0;0;<FLG>
V6155621;V615562101;QINnJ;1;"2019-01-12 00:00:00";"2019-01-12 11:50:00";4;21530;16;0;0;<FLG>
V6155621;V615562101;QINnJ;1;"2019-01-13 00:00:00";"2019-01-13 10:30:00";4;21750;16;0;0;<FLG>
V6155621;V615562101;QINnJ;1;"2019-01-14 00:00:00";"2019-01-14 06:25:00";4;21980;16;0;0;<FLG>
V6155621;V615562101;QINnJ;1;"2019-01-15 00:00:00";"2019-01-15 17:30:00";4;21030;16;0;0;<FLG>
V6155621;V615562101;QINnJ;1;"2019-01-16 00:00:00";"2019-01-16 18:25:00";4;20900;16;0;0;<FLG>
V6155621;V615562101;QINnJ;1;"2019-01-17 00:00:00";"2019-01-17 22:25:00";4;21090;16;0;0;<FLG>
V6155621;V615562101;QINnJ;1;"2019-01-18 00:00:00";"2019-01-18 22:10:00";4;20380;16;0;0;<FLG>
V6155621;V615562101;QINnJ;1;"2019-01-19 00:00:00";"2019-01-19 17:00:00";4;19880;16;0;0;<FLG>
V6155621;V615562101;QINnJ;1;"2019-01-20 00:00:00";"2019-01-20 20:50:00";4;19770;16;0;0;<FLG>
V6155621;V615562101;QINnJ;1;"2019-01-21 00:00:00";"2019-01-21 11:55:00";4;19320;16;0;0;<FLG>
V6155621;V615562101;QINnJ;1;"2019-01-22 00:00:00";"2019-01-22 11:50:00";4;18970;16;0;0;<FLG>
V6155621;V615562101;QINnJ;1;"2019-01-23 00:00:00";"2019-01-23 13:30:00";4;19120;16;0;0;<FLG>
V6155621;V615562101;QINnJ;1;"2019-01-24 00:00:00";"2019-01-24 11:15:00";4;19280;16;0;0;<FLG>
V6155621;V615562101;QINnJ;1;"2019-01-25 00:00:00";"2019-01-25 15:15:00";4;18230;16;0;0;<FLG>
V6155621;V615562101;QINnJ;1;"2019-01-26 00:00:00";"2019-01-26 12:00:00";4;17950;16;0;0;<FLG>
V6155621;V615562101;QINnJ;1;"2019-01-27 00:00:00";"2019-01-27 17:45:00";4;17780;16;0;0;<FLG>
V6155621;V615562101;QINnJ;1;"2019-01-28 00:00:00";"2019-01-28 21:10:00";4;17090;16;0;0;<FLG>
V6155621;V615562101;QINnJ;1;"2019-01-29 00:00:00";"2019-01-29 10:15:00";4;16550;16;0;0;<FLG>
V6155621;V615562101;QINnJ;1;"2019-01-30 00:00:00";"2019-01-30 17:35:00";4;15820;16;0;0;<FLG>
V6155621;V615562101;QINnJ;1;"2019-01-31 00:00:00";"2019-01-31 09:35:00";4;15860;16;0;0;<FLG>
V6155621;V615562101;QINnJ;1;"2019-02-01 00:00:00";"2019-02-01 00:00:00";4;18370;16;0;0;<FLG>
V6155621;V615562101;QINnJ;1;"2019-02-02 00:00:00";"2019-02-02 11:35:00";4;48450;16;0;0;<FLG>
V6155621;V615562101;QINnJ;1;"2019-02-03 00:00:00";"2019-02-03 04:15:00";4;38430;16;0;0;<FLG>
V6155621;V615562101;QINnJ;1;"2019-02-04 00:00:00";"2019-02-04 21:55:00";4;46880;16;0;0;<FLG>
V6155621;V615562101;QINnJ;1;"2019-02-05 00:00:00";"2019-02-05 22:35:00";4;43600;16;0;0;<FLG>
V6155621;V615562101;QINnJ;1;"2019-02-06 00:00:00";"2019-02-06 23:59:59";4;40520;16;0;0;<FLG>
V6155621;V615562101;QINnJ;1;"2019-02-07 00:00:00";"2019-02-07 22:55:00";4;37720;16;0;0;<FLG>
V6155621;V615562101;QINnJ;1;"2019-02-08 00:00:00";"2019-02-08 22:55:00";4;34560;16;0;0;<FLG>
V6155621;V615562101;QINnJ;1;"2019-02-09 00:00:00";"2019-02-09 23:59:59";4;31690;16;0;0;<FLG>
V6155621;V615562101;QINnJ;1;"2019-02-10 00:00:00";"2019-02-10 20:50:00";4;30080;16;0;0;<FLG>
V6155621;V615562101;QINnJ;1;"2019-02-11 00:00:00";"2019-02-11 23:30:00";4;27860;16;0;0;<FLG>
V6155621;V615562101;QINnJ;1;"2019-02-12 00:00:00";"2019-02-12 17:05:00";4;26610;16;0;0;<FLG>
V6155621;V615562101;QINnJ;1;"2019-02-13 00:00:00";"2019-02-13 21:00:00";4;25110;16;0;0;<FLG>
V6155621;V615562101;QINnJ;1;"2019-02-14 00:00:00";"2019-02-14 18:45:00";4;24390;16;0;0;<FLG>
V6155621;V615562101;QINnJ;1;"2019-02-15 00:00:00";"2019-02-15 12:00:00";4;23550;16;0;0;<FLG>
V6155621;V615562101;QINnJ;1;"2019-02-16 00:00:00";"2019-02-16 09:30:00";4;23520;16;0;0;<FLG>
V6155621;V615562101;QINnJ;1;"2019-02-17 00:00:00";"2019-02-17 13:55:00";4;22040;16;0;0;<FLG>
V6155621;V615562101;QINnJ;1;"2019-02-18 00:00:00";"2019-02-18 10:30:00";4;21930;16;0;0;<FLG>
V6155621;V615562101;QINnJ;1;"2019-02-19 00:00:00";"2019-02-19 11:25:00";4;22080;16;0;0;<FLG>
V6155621;V615562101;QINnJ;1;"2019-02-20 00:00:00";"2019-02-20 16:25:00";4;21450;16;0;0;<FLG>
V6155621;V615562101;QINnJ;1;"2019-02-21 00:00:00";"2019-02-21 16:30:00";4;20700;16;0;0;<FLG>
V6155621;V615562101;QINnJ;1;"2019-02-22 00:00:00";"2019-02-22 06:10:00";4;22220;16;0;0;<FLG>
V6155621;V615562101;QINnJ;1;"2019-02-23 00:00:00";"2019-02-23 20:20:00";4;21760;16;0;0;<FLG>
V6155621;V615562101;QINnJ;1;"2019-02-24 00:00:00";"2019-02-24 23:00:00";4;21710;16;0;0;<FLG>
V6155621;V615562101;QINnJ;1;"2019-02-25 00:00:00";"2019-02-25 15:35:00";4;19660;16;0;0;<FLG>
V6155621;V615562101;QINnJ;1;"2019-02-26 00:00:00";"2019-02-26 10:10:00";4;19370;16;0;0;<FLG>
V6155621;V615562101;QINnJ;1;"2019-02-27 00:00:00";"2019-02-27 22:50:00";4;19210;16;0;0;<FLG>
V6155621;V615562101;QINnJ;1;"2019-02-28 00:00:00";"2019-02-28 16:00:00";4;18950;16;0;0;<FLG>
V6155621;V615562101;QINnJ;1;"2019-03-01 00:00:00";"2019-03-01 12:25:00";4;17440;16;0;0;<FLG>
V6155621;V615562101;QINnJ;1;"2019-03-02 00:00:00";"2019-03-02 13:30:00";4;17440;16;0;0;<FLG>
V6155621;V615562101;QINnJ;1;"2019-03-03 00:00:00";"2019-03-03 14:40:00";4;17850;16;0;0;<FLG>
V6155621;V615562101;QINnJ;1;"2019-03-04 00:00:00";"2019-03-04 08:40:00";4;18120;16;0;0;<FLG>
V6155621;V615562101;QINnJ;1;"2019-03-05 00:00:00";"2019-03-05 13:25:00";4;17870;16;0;0;<FLG>
V6155621;V615562101;QINnJ;1;"2019-03-06 00:00:00";"2019-03-06 10:10:00";4;18030;16;0;0;<FLG>
V6155621;V615562101;QINnJ;1;"2019-03-07 00:00:00";"2019-03-07 02:35:00";4;19190;16;0;0;<FLG>
V6155621;V615562101;QINnJ;1;"2019-03-08 00:00:00";"2019-03-08 15:00:00";4;18220;16;0;0;<FLG>
V6155621;V615562101;QINnJ;1;"2019-03-09 00:00:00";"2019-03-09 20:55:00";4;18060;16;0;0;<FLG>
V6155621;V615562101;QINnJ;1;"2019-03-10 00:00:00";"2019-03-10 12:25:00";4;17420;16;0;0;<FLG>
V6155621;V615562101;QINnJ;1;"2019-03-11 00:00:00";"2019-03-11 21:15:00";4;16700;16;0;0;<FLG>
V6155621;V615562101;QINnJ;1;"2019-03-12 00:00:00";"2019-03-12 11:45:00";4;16030;16;0;0;<FLG>
V6155621;V615562101;QINnJ;1;"2019-03-13 00:00:00";"2019-03-13 22:15:00";4;15710;16;0;0;<FLG>
V6155621;V615562101;QINnJ;1;"2019-03-14 00:00:00";"2019-03-14 12:20:00";4;15800;16;0;0;<FLG>
V6155621;V615562101;QINnJ;1;"2019-03-15 00:00:00";"2019-03-15 15:45:00";4;15840;16;0;0;<FLG>
V6155621;V615562101;QINnJ;1;"2019-03-16 00:00:00";"2019-03-16 09:25:00";4;15540;16;0;0;<FLG>
V6155621;V615562101;QINnJ;1;"2019-03-17 00:00:00";"2019-03-17 10:15:00";4;14630;16;0;0;<FLG>
V6155621;V615562101;QINnJ;1;"2019-03-18 00:00:00";"2019-03-18 23:00:00";4;14690;16;0;0;<FLG>
V6155621;V615562101;QINnJ;1;"2019-03-19 00:00:00";"2019-03-19 10:10:00";4;14340;16;0;0;<FLG>
V6155621;V615562101;QINnJ;1;"2019-03-20 00:00:00";"2019-03-20 12:05:00";4;13500;16;0;0;<FLG>
V6155621;V615562101;QINnJ;1;"2019-03-21 00:00:00";"2019-03-21 14:05:00";4;13640;16;0;0;<FLG>
V6155621;V615562101;QINnJ;1;"2019-03-22 00:00:00";"2019-03-22 16:05:00";4;13250;16;0;0;<FLG>
V6155621;V615562101;QINnJ;1;"2019-03-23 00:00:00";"2019-03-23 11:30:00";4;13040;16;0;0;<FLG>
V6155621;V615562101;QINnJ;1;"2019-03-24 00:00:00";"2019-03-24 11:30:00";4;12090;16;0;0;<FLG>
V6155621;V615562101;QINnJ;1;"2019-03-25 00:00:00";"2019-03-25 17:35:00";4;13360;16;0;0;<FLG>
V6155621;V615562101;QINnJ;1;"2019-03-26 00:00:00";"2019-03-26 11:25:00";4;12810;16;0;0;<FLG>
V6155621;V615562101;QINnJ;1;"2019-03-27 00:00:00";"2019-03-27 13:25:00";4;11020;16;0;0;<FLG>
V6155621;V615562101;QINnJ;1;"2019-03-28 00:00:00";"2019-03-28 13:50:00";4;11310;16;0;0;<FLG>
V6155621;V615562101;QINnJ;1;"2019-03-29 00:00:00";"2019-03-29 07:55:00";4;11860;16;0;0;<FLG>
V6155621;V615562101;QINnJ;1;"2019-03-30 00:00:00";"2019-03-30 10:35:00";4;11940;16;0;0;<FLG>
V6155621;V615562101;QINnJ;1;"2019-03-31 00:00:00";"2019-03-31 02:30:00";4;11800;16;0;0;<FLG>
V6155621;V615562101;QINnJ;1;"2019-04-01 00:00:00";"2019-04-01 05:25:00";4;11570;16;0;0;<FLG>
V6155621;V615562101;QINnJ;1;"2019-04-02 00:00:00";"2019-04-02 05:35:00";4;11850;16;0;0;<FLG>
V6155621;V615562101;QINnJ;1;"2019-04-03 00:00:00";"2019-04-03 04:20:00";4;12080;16;0;0;<FLG>
V6155621;V615562101;QINnJ;1;"2019-04-04 00:00:00";"2019-04-04 20:05:00";4;15660;16;0;0;<FLG>
V6155621;V615562101;QINnJ;1;"2019-04-05 00:00:00";"2019-04-05 13:25:00";4;14970;16;0;0;<FLG>
V6155621;V615562101;QINnJ;1;"2019-04-06 00:00:00";"2019-04-06 07:55:00";4;15310;16;0;0;<FLG>
V6155621;V615562101;QINnJ;1;"2019-04-07 00:00:00";"2019-04-07 14:10:00";4;15550;16;0;0;<FLG>
V6155621;V615562101;QINnJ;1;"2019-04-08 00:00:00";"2019-04-08 11:10:00";4;15580;16;0;0;<FLG>
V6155621;V615562101;QINnJ;1;"2019-04-09 00:00:00";"2019-04-09 10:40:00";4;15290;16;0;0;<FLG>
V6155621;V615562101;QINnJ;1;"2019-04-10 00:00:00";"2019-04-10 10:00:00";4;15070;16;0;0;<FLG>
V6155621;V615562101;QINnJ;1;"2019-04-11 00:00:00";"2019-04-11 18:25:00";4;14750;16;0;0;<FLG>
V6155621;V615562101;QINnJ;1;"2019-04-12 00:00:00";"2019-04-12 08:45:00";4;14820;16;0;0;<FLG>
V6155621;V615562101;QINnJ;1;"2019-04-13 00:00:00";"2019-04-13 18:30:00";4;14350;16;0;0;<FLG>
V6155621;V615562101;QINnJ;1;"2019-04-14 00:00:00";"2019-04-14 18:30:00";4;14550;16;0;0;<FLG>
V6155621;V615562101;QINnJ;1;"2019-04-15 00:00:00";"2019-04-15 09:40:00";4;14810;16;0;0;<FLG>
V6155621;V615562101;QINnJ;1;"2019-04-16 00:00:00";"2019-04-16 18:20:00";4;14640;16;0;0;<FLG>
V6155621;V615562101;QINnJ;1;"2019-04-17 00:00:00";"2019-04-17 18:15:00";4;14400;16;0;0;<FLG>
V6155621;V615562101;QINnJ;1;"2019-04-18 00:00:00";"2019-04-18 12:00:00";4;14000;16;0;0;<FLG>
V6155621;V615562101;QINnJ;1;"2019-04-19 00:00:00";"2019-04-19 17:50:00";4;13380;16;0;0;<FLG>
V6155621;V615562101;QINnJ;1;"2019-04-20 00:00:00";"2019-04-20 11:40:00";4;12860;16;0;0;<FLG>
V6155621;V615562101;QINnJ;1;"2019-04-21 00:00:00";"2019-04-21 09:50:00";4;12080;16;0;0;<FLG>
V6155621;V615562101;QINnJ;1;"2019-04-22 00:00:00";"2019-04-22 11:00:00";4;12470;16;0;0;<FLG>
V6155621;V615562101;QINnJ;1;"2019-04-23 00:00:00";"2019-04-23 10:00:00";4;13090;16;0;0;<FLG>
V6155621;V615562101;QINnJ;1;"2019-04-24 00:00:00";"2019-04-24 06:05:00";4;14000;16;0;0;<FLG>
V6155621;V615562101;QINnJ;1;"2019-04-25 00:00:00";"2019-04-25 04:35:00";4;13770;16;0;0;<FLG>
V6155621;V615562101;QINnJ;1;"2019-04-26 00:00:00";"2019-04-26 15:45:00";4;17010;16;0;0;<FLG>
V6155621;V615562101;QINnJ;1;"2019-04-27 00:00:00";"2019-04-27 15:40:00";4;17820;16;0;0;<FLG>
V6155621;V615562101;QINnJ;1;"2019-04-28 00:00:00";"2019-04-28 18:50:00";4;18260;16;0;0;<FLG>
V6155621;V615562101;QINnJ;1;"2019-04-29 00:00:00";"2019-04-29 00:00:00";4;19050;16;0;0;<FLG>
V6155621;V615562101;QINnJ;1;"2019-04-30 00:00:00";"2019-04-30 18:55:00";4;17680;16;0;0;<FLG>
V6155621;V615562101;QINnJ;1;"2019-05-01 00:00:00";"2019-05-01 23:30:00";4;17760;16;0;0;<FLG>
V6155621;V615562101;QINnJ;1;"2019-05-02 00:00:00";"2019-05-02 13:45:00";4;17760;16;0;0;<FLG>
V6155621;V615562101;QINnJ;1;"2019-07-18 00:00:00";"2019-07-18 09:35:00";4;5;16;0;1;<FLG>
V6155621;V615562101;QINnJ;1;"2019-07-19 00:00:00";"2019-07-19 00:00:00";4;4100;16;0;0;<FLG>
V6155621;V615562101;QINnJ;1;"2019-07-20 00:00:00";"2019-07-20 18:55:00";4;4272;16;0;0;<FLG>
V6155621;V615562101;QINnJ;1;"2019-07-21 00:00:00";"2019-07-21 02:40:00";4;4533;16;0;0;<FLG>
V6155621;V615562101;QINnJ;1;"2019-07-22 00:00:00";"2019-07-22 18:35:00";4;4658;16;0;0;<FLG>
V6155621;V615562101;QINnJ;1;"2019-07-23 00:00:00";"2019-07-23 23:40:00";4;4099;16;0;0;<FLG>
V6155621;V615562101;QINnJ;1;"2019-07-24 00:00:00";"2019-07-24 21:50:00";4;4134;16;0;0;<FLG>
V6155621;V615562101;QINnJ;1;"2019-07-25 00:00:00";"2019-07-25 18:30:00";4;3823;16;0;0;<FLG>
V6155621;V615562101;QINnJ;1;"2019-07-26 00:00:00";"2019-07-26 02:10:00";4;3997;16;0;0;<FLG>
V6155621;V615562101;QINnJ;1;"2019-07-27 00:00:00";"2019-07-27 00:10:00";4;4799;16;0;0;<FLG>
V6155621;V615562101;QINnJ;1;"2019-07-28 00:00:00";"2019-07-28 16:35:00";4;5170;16;0;0;<FLG>
V6155621;V615562101;QINnJ;1;"2019-07-29 00:00:00";"2019-07-29 18:15:00";4;4586;16;0;0;<FLG>
V6155621;V615562101;QINnJ;1;"2019-07-30 00:00:00";"2019-07-30 18:05:00";4;3852;16;0;0;<FLG>
V6155621;V615562101;QINnJ;1;"2019-07-31 00:00:00";"2019-07-31 13:20:00";4;3908;16;0;0;<FLG>
V6155621;V615562101;QINnJ;1;"2019-08-01 00:00:00";"2019-08-01 18:20:00";4;3763;16;0;0;<FLG>
V6155621;V615562101;QINnJ;1;"2019-08-02 00:00:00";"2019-08-02 19:10:00";4;3644;16;0;0;<FLG>
V6155621;V615562101;QINnJ;1;"2019-08-03 00:00:00";"2019-08-03 18:45:00";4;3454;16;0;0;<FLG>
V6155621;V615562101;QINnJ;1;"2019-08-04 00:00:00";"2019-08-04 19:10:00";4;3875;16;0;0;<FLG>
V6155621;V615562101;QINnJ;1;"2019-08-05 00:00:00";"2019-08-05 20:45:00";4;3822;16;0;0;<FLG>
V6155621;V615562101;QINnJ;1;"2019-08-06 00:00:00";"2019-08-06 18:20:00";4;3864;16;0;0;<FLG>
V6155621;V615562101;QINnJ;1;"2019-08-07 00:00:00";"2019-08-07 18:00:00";4;3653;16;0;0;<FLG>
V6155621;V615562101;QINnJ;1;"2019-08-08 00:00:00";"2019-08-08 20:15:00";4;3680;16;0;0;<FLG>
V6155621;V615562101;QINnJ;1;"2019-08-09 00:00:00";"2019-08-09 21:00:00";4;3615;16;0;0;<FLG>
V6155621;V615562101;QINnJ;1;"2019-08-10 00:00:00";"2019-08-10 17:40:00";4;3423;16;0;0;<FLG>
V6155621;V615562101;QINnJ;1;"2019-08-11 00:00:00";"2019-08-11 01:25:00";4;3338;16;0;0;<FLG>
V6155621;V615562101;QINnJ;1;"2019-08-12 00:00:00";"2019-08-12 05:05:00";4;3767;16;0;0;<FLG>
V6155621;V615562101;QINnJ;1;"2019-08-13 00:00:00";"2019-08-13 12:55:00";4;3608;16;0;0;<FLG>
V6155621;V615562101;QINnJ;1;"2019-08-14 00:00:00";"2019-08-14 05:00:00";4;3149;16;0;0;<FLG>
V6155621;V615562101;QINnJ;1;"2019-08-15 00:00:00";"2019-08-15 22:45:00";4;3425;16;0;0;<FLG>
V6155621;V615562101;QINnJ;1;"2019-08-16 00:00:00";"2019-08-16 19:55:00";4;3323;16;0;0;<FLG>
V6155621;V615562101;QINnJ;1;"2019-08-17 00:00:00";"2019-08-17 06:00:00";4;3501;16;0;0;<FLG>
V6155621;V615562101;QINnJ;1;"2019-08-18 00:00:00";"2019-08-18 19:55:00";4;3482;16;0;0;<FLG>
V6155621;V615562101;QINnJ;1;"2019-08-19 00:00:00";"2019-08-19 18:35:00";4;3454;16;0;0;<FLG>
V6155621;V615562101;QINnJ;1;"2019-08-20 00:00:00";"2019-08-20 10:50:00";4;3892;16;0;0;<FLG>
V6155621;V615562101;QINnJ;1;"2019-08-21 00:00:00";"2019-08-21 22:35:00";4;3934;16;0;0;<FLG>
V6155621;V615562101;QINnJ;1;"2019-08-22 00:00:00";"2019-08-22 20:40:00";4;3385;16;0;0;<FLG>
V6155621;V615562101;QINnJ;1;"2019-08-23 00:00:00";"2019-08-23 19:15:00";4;3177;16;0;0;<FLG>
V6155621;V615562101;QINnJ;1;"2019-08-24 00:00:00";"2019-08-24 18:30:00";4;3053;16;0;0;<FLG>
V6155621;V615562101;QINnJ;1;"2019-08-25 00:00:00";"2019-08-25 19:45:00";4;3026;16;0;0;<FLG>
V6155621;V615562101;QINnJ;1;"2019-08-26 00:00:00";"2019-08-26 19:10:00";4;3308;16;0;0;<FLG>
V6155621;V615562101;QINnJ;1;"2019-08-27 00:00:00";"2019-08-27 20:15:00";4;2799;16;0;0;<FLG>
V6155621;V615562101;QINnJ;1;"2019-08-28 00:00:00";"2019-08-28 19:10:00";4;2815;16;0;0;<FLG>
V6155621;V615562101;QINnJ;1;"2019-08-29 00:00:00";"2019-08-29 19:05:00";4;2951;16;0;0;<FLG>
V6155621;V615562101;QINnJ;1;"2019-08-30 00:00:00";"2019-08-30 19:40:00";4;2534;16;0;0;<FLG>
V6155621;V615562101;QINnJ;1;"2019-08-31 00:00:00";"2019-08-31 15:10:00";4;3392;16;0;0;<FLG>
V6155621;V615562101;QINnJ;1;"2019-09-01 00:00:00";"2019-09-01 15:20:00";4;3894;16;0;0;<FLG>
V6155621;V615562101;QINnJ;1;"2019-09-02 00:00:00";"2019-09-02 13:50:00";4;4292;16;0;0;<FLG>
V6155621;V615562101;QINnJ;1;"2019-09-03 00:00:00";"2019-09-03 19:30:00";4;3350;16;0;0;<FLG>
V6155621;V615562101;QINnJ;1;"2019-09-04 00:00:00";"2019-09-04 19:05:00";4;3185;16;0;0;<FLG>
V6155621;V615562101;QINnJ;1;"2019-09-05 00:00:00";"2019-09-05 18:50:00";4;3258;16;0;0;<FLG>
V6155621;V615562101;QINnJ;1;"2019-09-06 00:00:00";"2019-09-06 19:15:00";4;3038;16;0;0;<FLG>
V6155621;V615562101;QINnJ;1;"2019-09-07 00:00:00";"2019-09-07 18:50:00";4;3073;16;0;0;<FLG>
V6155621;V615562101;QINnJ;1;"2019-09-08 00:00:00";"2019-09-08 18:55:00";4;3280;16;0;0;<FLG>
V6155621;V615562101;QINnJ;1;"2019-09-09 00:00:00";"2019-09-09 03:00:00";4;3700;16;0;0;<FLG>
V6155621;V615562101;QINnJ;1;"2019-09-10 00:00:00";"2019-09-10 08:30:00";4;4491;16;0;0;<FLG>
V6155621;V615562101;QINnJ;1;"2019-09-11 00:00:00";"2019-09-11 18:40:00";4;3336;16;0;0;<FLG>
V6155621;V615562101;QINnJ;1;"2019-09-12 00:00:00";"2019-09-12 13:00:00";4;2039;16;0;0;<FLG>
V6155621;V615562101;QINnJ;1;"2019-09-13 00:00:00";"2019-09-13 09:40:00";4;-247;16;0;0;<FLG>
V6155621;V615562101;QINnJ;1;"2019-09-14 00:00:00";"2019-09-14 18:00:00";4;2864;16;0;0;<FLG>
V6155621;V615562101;QINnJ;1;"2019-09-15 00:00:00";"2019-09-15 11:25:00";4;2848;16;0;0;<FLG>
V6155621;V615562101;QINnJ;1;"2019-09-16 00:00:00";"2019-09-16 10:50:00";4;3254;16;0;0;<FLG>
V6155621;V615562101;QINnJ;1;"2019-09-17 00:00:00";"2019-09-17 11:45:00";4;3151;16;0;0;<FLG>
V6155621;V615562101;QINnJ;1;"2019-09-18 00:00:00";"2019-09-18 06:35:00";4;2831;16;0;0;<FLG>
V6155621;V615562101;QINnJ;1;"2019-09-19 00:00:00";"2019-09-19 17:45:00";4;2785;16;0;0;<FLG>
V6155621;V615562101;QINnJ;1;"2019-09-20 00:00:00";"2019-09-20 17:55:00";4;3416;16;0;0;<FLG>
V6155621;V615562101;QINnJ;1;"2019-09-21 00:00:00";"2019-09-21 17:45:00";4;4825;16;0;0;<FLG>
V6155621;V615562101;QINnJ;1;"2019-09-22 00:00:00";"2019-09-22 17:10:00";4;4553;16;0;0;<FLG>
V6155621;V615562101;QINnJ;1;"2019-09-23 00:00:00";"2019-09-23 19:45:00";4;5309;16;0;0;<FLG>
V6155621;V615562101;QINnJ;1;"2019-09-24 00:00:00";"2019-09-24 16:20:00";4;4289;16;0;0;<FLG>
V6155621;V615562101;QINnJ;1;"2019-09-25 00:00:00";"2019-09-25 11:40:00";4;4927;16;0;0;<FLG>
V6155621;V615562101;QINnJ;1;"2019-09-26 00:00:00";"2019-09-26 11:40:00";4;4948;16;0;0;<FLG>
V6155621;V615562101;QINnJ;1;"2019-09-27 00:00:00";"2019-09-27 17:40:00";4;3631;16;0;0;<FLG>
V6155621;V615562101;QINnJ;1;"2019-09-28 00:00:00";"2019-09-28 10:35:00";4;3932;16;0;0;<FLG>
V6155621;V615562101;QINnJ;1;"2019-09-29 00:00:00";"2019-09-29 16:00:00";4;4080;16;0;0;<FLG>
V6155621;V615562101;QINnJ;1;"2019-09-30 00:00:00";"2019-09-30 13:50:00";4;4417;16;0;0;<FLG>
V6155621;V615562101;QINnJ;1;"2019-10-01 00:00:00";"2019-10-01 13:00:00";4;4548;16;0;0;<FLG>
V6155621;V615562101;QINnJ;1;"2019-10-02 00:00:00";"2019-10-02 22:25:00";4;4948;16;0;0;<FLG>
V6155621;V615562101;QINnJ;1;"2019-10-03 00:00:00";"2019-10-03 05:50:00";4;4753;16;0;0;<FLG>
V6155621;V615562101;QINnJ;1;"2019-10-04 00:00:00";"2019-10-04 12:25:00";4;3748;16;0;0;<FLG>
V6155621;V615562101;QINnJ;1;"2019-10-05 00:00:00";"2019-10-05 03:40:00";4;4705;16;0;0;<FLG>
V6155621;V615562101;QINnJ;1;"2019-10-06 00:00:00";"2019-10-06 13:55:00";4;3250;16;0;0;<FLG>
V6155621;V615562101;QINnJ;1;"2019-10-07 00:00:00";"2019-10-07 17:35:00";4;4241;16;0;0;<FLG>
V6155621;V615562101;QINnJ;1;"2019-10-08 00:00:00";"2019-10-08 23:59:59";4;3349;16;8;0;<FLG>
V6155621;V615562101;QINnJ;1;"2019-10-09 00:00:00";"2019-10-09 23:59:59";4;791;16;8;0;<FLG>
V6155621;V615562101;QINnJ;1;"2020-02-27 00:00:00";"2020-02-27 01:00:00";4;-100000;16;0;1;<FLG>
V6155621;V615562101;QINnJ;1;"2020-02-28 00:00:00";"2020-02-28 23:59:59";4;30957;16;8;0;<FLG>
V6155621;V615562101;QINnJ;1;"2020-02-29 00:00:00";"2020-02-29 23:59:59";4;30887;16;8;0;<FLG>
V6155621;V615562101;QINnJ;1;"2020-03-01 00:00:00";"2020-03-01 23:59:59";4;30817;16;8;0;<FLG>
V6155621;V615562101;QINnJ;1;"2020-03-02 00:00:00";"2020-03-02 23:59:59";4;30747;16;8;0;<FLG>
V6155621;V615562101;QINnJ;1;"2020-03-03 00:00:00";"2020-03-03 23:59:59";4;30678;16;8;0;<FLG>
V6155621;V615562101;QINnJ;1;"2020-03-04 00:00:00";"2020-03-04 23:59:59";4;30608;16;8;0;<FLG>
V6155621;V615562101;QINnJ;1;"2020-03-05 00:00:00";"2020-03-05 23:59:59";4;30538;16;8;0;<FLG>
V6155621;V615562101;QINnJ;1;"2020-03-06 00:00:00";"2020-03-06 23:59:59";4;30468;16;8;0;<FLG>
V6155621;V615562101;QINnJ;1;"2020-03-07 00:00:00";"2020-03-07 23:59:59";4;30398;16;8;0;<FLG>
V6155621;V615562101;QINnJ;1;"2020-03-08 00:00:00";"2020-03-08 23:59:59";4;30329;16;8;0;<FLG>
V6155621;V615562101;QINnJ;1;"2020-03-09 00:00:00";"2020-03-09 23:59:59";4;30259;16;8;0;<FLG>
V6155621;V615562101;QINnJ;1;"2020-03-10 00:00:00";"2020-03-10 23:59:59";4;30189;16;8;0;<FLG>
V6155621;V615562101;QINnJ;1;"2020-03-11 00:00:00";"2020-03-11 23:59:59";4;30119;16;8;0;<FLG>
V6155621;V615562101;QINnJ;1;"2020-03-12 00:00:00";"2020-03-12 23:59:59";4;30049;16;8;0;<FLG>
V6155621;V615562101;QINnJ;1;"2020-03-13 00:00:00";"2020-03-13 13:15:00";4;26790;16;0;0;<FLG>
V6155621;V615562101;QINnJ;1;"2020-03-14 00:00:00";"2020-03-14 20:15:00";4;25503;16;0;0;<FLG>
V6155621;V615562101;QINnJ;1;"2020-03-15 00:00:00";"2020-03-15 04:45:00";4;24840;16;0;0;<FLG>
V6155621;V615562101;QINnJ;1;"2020-03-16 00:00:00";"2020-03-16 19:20:00";4;24146;16;0;0;<FLG>
V6155621;V615562101;QINnJ;1;"2020-03-17 00:00:00";"2020-03-17 22:40:00";4;22533;16;0;0;<FLG>
V6155621;V615562101;QINnJ;1;"2020-03-18 00:00:00";"2020-03-18 22:45:00";4;22048;16;0;0;<FLG>
V6155621;V615562101;QINnJ;1;"2020-03-19 00:00:00";"2020-03-19 10:45:00";4;21016;16;0;0;<FLG>
V6155621;V615562101;QINnJ;1;"2020-03-20 00:00:00";"2020-03-20 07:45:00";4;20778;16;0;0;<FLG>
V6155621;V615562101;QINnJ;1;"2020-03-21 00:00:00";"2020-03-21 08:10:00";4;20031;16;0;0;<FLG>
V6155621;V615562101;QINnJ;1;"2020-03-22 00:00:00";"2020-03-22 22:10:00";4;19321;16;0;0;<FLG>
V6155621;V615562101;QINnJ;1;"2020-03-23 00:00:00";"2020-03-23 12:25:00";4;18421;16;0;0;<FLG>
V6155621;V615562101;QINnJ;1;"2020-03-24 00:00:00";"2020-03-24 20:45:00";4;17355;16;0;0;<FLG>
V6155621;V615562101;QINnJ;1;"2020-03-25 00:00:00";"2020-03-25 09:25:00";4;16133;16;0;0;<FLG>
V6155621;V615562101;QINnJ;1;"2020-03-26 00:00:00";"2020-03-26 19:50:00";4;16985;16;0;0;<FLG>
V6155621;V615562101;QINnJ;1;"2020-03-27 00:00:00";"2020-03-27 18:15:00";4;15690;16;0;0;<FLG>
V6155621;V615562101;QINnJ;1;"2020-03-28 00:00:00";"2020-03-28 23:55:00";4;15677;16;0;0;<FLG>
V6155621;V615562101;QINnJ;1;"2020-03-29 00:00:00";"2020-03-29 17:40:00";4;15558;16;0;0;<FLG>
V6155621;V615562101;QINnJ;1;"2020-03-30 00:00:00";"2020-03-30 04:00:00";4;15640;16;0;0;<FLG>
V6155621;V615562101;QINnJ;1;"2020-03-31 00:00:00";"2020-03-31 16:30:00";4;13435;16;0;0;<FLG>
V6155621;V615562101;QINnJ;1;"2020-04-01 00:00:00";"2020-04-01 11:35:00";4;13173;16;0;0;<FLG>
V6155621;V615562101;QINnJ;1;"2020-04-02 00:00:00";"2020-04-02 18:20:00";4;11312;16;0;0;<FLG>
V6155621;V615562101;QINnJ;1;"2020-04-03 00:00:00";"2020-04-03 18:45:00";4;11214;16;0;0;<FLG>
V6155621;V615562101;QINnJ;1;"2020-04-04 00:00:00";"2020-04-04 18:20:00";4;9177;16;0;0;<FLG>
V6155621;V615562101;QINnJ;1;"2020-04-05 00:00:00";"2020-04-05 01:15:00";4;9636;16;0;0;<FLG>
V6155621;V615562101;QINnJ;1;"2020-04-06 00:00:00";"2020-04-06 18:20:00";4;8460;16;0;0;<FLG>
V6155621;V615562101;QINnJ;1;"2020-04-07 00:00:00";"2020-04-07 18:20:00";4;5445;16;0;0;<FLG>
V6155621;V615562101;QINnJ;1;"2020-04-08 00:00:00";"2020-04-08 18:30:00";4;3572;16;0;0;<FLG>
V6155621;V615562101;QINnJ;1;"2020-04-09 00:00:00";"2020-04-09 18:20:00";4;6683;16;0;0;<FLG>
V6155621;V615562101;QINnJ;1;"2020-04-10 00:00:00";"2020-04-10 11:40:00";4;6561;16;0;0;<FLG>
V6155621;V615562101;QINnJ;1;"2020-04-11 00:00:00";"2020-04-11 18:05:00";4;5877;16;0;0;<FLG>
V6155621;V615562101;QINnJ;1;"2020-04-12 00:00:00";"2020-04-12 18:20:00";4;5606;16;0;0;<FLG>
V6155621;V615562101;QINnJ;1;"2020-04-13 00:00:00";"2020-04-13 10:40:00";4;2632;16;0;0;<FLG>
V6155621;V615562101;QINnJ;1;"2020-04-14 00:00:00";"2020-04-14 21:35:00";4;6334;16;0;0;<FLG>
V6155621;V615562101;QINnJ;1;"2020-04-15 00:00:00";"2020-04-15 08:40:00";4;5482;16;0;0;<FLG>
V6155621;V615562101;QINnJ;1;"2020-04-16 00:00:00";"2020-04-16 18:30:00";4;3945;16;0;0;<FLG>
V6155621;V615562101;QINnJ;1;"2020-04-17 00:00:00";"2020-04-17 13:25:00";4;4712;16;0;0;<FLG>
V6155621;V615562101;QINnJ;1;"2020-04-18 00:00:00";"2020-04-18 08:10:00";4;3497;16;0;0;<FLG>
V6155621;V615562101;QINnJ;1;"2020-04-19 00:00:00";"2020-04-19 18:20:00";4;4685;16;0;0;<FLG>
V6155621;V615562101;QINnJ;1;"2020-04-20 00:00:00";"2020-04-20 02:40:00";4;6054;16;0;0;<FLG>
V6155621;V615562101;QINnJ;1;"2020-04-21 00:00:00";"2020-04-21 15:25:00";4;6669;16;0;0;<FLG>
V6155621;V615562101;QINnJ;1;"2020-04-22 00:00:00";"2020-04-22 17:50:00";4;7786;16;0;0;<FLG>
V6155621;V615562101;QINnJ;1;"2020-04-23 00:00:00";"2020-04-23 08:00:00";4;4851;16;0;0;<FLG>
V6155621;V615562101;QINnJ;1;"2020-04-24 00:00:00";"2020-04-24 11:40:00";4;5398;16;0;0;<FLG>
V6155621;V615562101;QINnJ;1;"2020-04-25 00:00:00";"2020-04-25 05:15:00";4;4933;16;0;0;<FLG>
V6155621;V615562101;QINnJ;1;"2020-04-26 00:00:00";"2020-04-26 17:50:00";4;5514;16;0;0;<FLG>
V6155621;V615562101;QINnJ;1;"2020-04-27 00:00:00";"2020-04-27 23:10:00";4;7223;16;0;0;<FLG>
V6155621;V615562101;QINnJ;1;"2020-04-28 00:00:00";"2020-04-28 02:45:00";4;6635;16;0;0;<FLG>
V6155621;V615562101;QINnJ;1;"2020-04-29 00:00:00";"2020-04-29 08:45:00";4;9977;16;0;0;<FLG>
V6155621;V615562101;QINnJ;1;"2020-04-30 00:00:00";"2020-04-30 13:05:00";4;8390;16;0;0;<FLG>
V6155621;V615562101;QINnJ;1;"2020-05-01 00:00:00";"2020-05-01 18:45:00";4;7504;16;0;0;<FLG>
V6155621;V615562101;QINnJ;1;"2020-05-02 00:00:00";"2020-05-02 14:30:00";4;8207;16;0;0;<FLG>
V6155621;V615562101;QINnJ;1;"2020-05-03 00:00:00";"2020-05-03 17:25:00";4;4899;16;0;0;<FLG>
V6155621;V615562101;QINnJ;1;"2020-05-04 00:00:00";"2020-05-04 02:05:00";4;7566;16;0;0;<FLG>
V6155621;V615562101;QINnJ;1;"2020-05-05 00:00:00";"2020-05-05 14:30:00";4;6806;16;0;0;<FLG>
V6155621;V615562101;QINnJ;1;"2020-05-06 00:00:00";"2020-05-06 19:15:00";4;5644;16;0;0;<FLG>
V6155621;V615562101;QINnJ;1;"2020-05-07 00:00:00";"2020-05-07 05:35:00";4;6073;16;0;0;<FLG>
V6155621;V615562101;QINnJ;1;"2020-05-08 00:00:00";"2020-05-08 07:15:00";4;7144;16;0;0;<FLG>
V6155621;V615562101;QINnJ;1;"2020-05-09 00:00:00";"2020-05-09 05:10:00";4;3544;16;0;0;<FLG>
V6155621;V615562101;QINnJ;1;"2020-05-10 00:00:00";"2020-05-10 06:45:00";4;5524;16;0;0;<FLG>
V6155621;V615562101;QINnJ;1;"2020-05-11 00:00:00";"2020-05-11 15:20:00";4;9511;16;0;0;<FLG>
V6155621;V615562101;QINnJ;1;"2020-05-12 00:00:00";"2020-05-12 03:25:00";4;8086;16;0;0;<FLG>
V6155621;V615562101;QINnJ;1;"2020-05-13 00:00:00";"2020-05-13 00:25:00";4;21017;16;0;0;<FLG>
V6155621;V615562101;QINnJ;1;"2020-05-14 00:00:00";"2020-05-14 01:05:00";4;-32641;16;0;0;<FLG>
V6155621;V615562101;QINnJ;1;"2020-05-15 00:00:00";"2020-05-15 23:20:00";4;25293;16;0;0;<FLG>
V6155621;V615562101;QINnJ;1;"2020-05-16 00:00:00";"2020-05-16 18:45:00";4;21953;16;0;0;<FLG>
V6155621;V615562101;QINnJ;1;"2020-05-17 00:00:00";"2020-05-17 20:00:00";4;22196;16;0;0;<FLG>
V6155621;V615562101;QINnJ;1;"2020-05-18 00:00:00";"2020-05-18 21:25:00";4;-32440;16;0;0;<FLG>
V6155621;V615562101;QINnJ;1;"2020-05-19 00:00:00";"2020-05-19 19:30:00";4;-32766;16;0;0;<FLG>
V6155621;V615562101;QINnJ;1;"2020-05-20 00:00:00";"2020-05-20 05:40:00";4;-32767;16;0;0;<FLG>
V6155621;V615562101;QINnJ;1;"2020-05-21 00:00:00";"2020-05-21 16:50:00";4;-32733;16;0;0;<FLG>
V6155621;V615562101;QINnJ;1;"2020-05-22 00:00:00";"2020-05-22 02:05:00";4;-32752;16;0;0;<FLG>
V6155621;V615562101;QINnJ;1;"2020-05-23 00:00:00";"2020-05-23 21:10:00";4;24874;16;0;0;<FLG>
V6155621;V615562101;QINnJ;1;"2020-05-24 00:00:00";"2020-05-24 23:55:00";4;21457;16;0;0;<FLG>
V6155621;V615562101;QINnJ;1;"2020-05-25 00:00:00";"2020-05-25 15:10:00";4;18629;16;0;0;<FLG>
V6155621;V615562101;QINnJ;1;"2020-05-26 00:00:00";"2020-05-26 19:50:00";4;15779;16;0;0;<FLG>
V6155621;V615562101;QINnJ;1;"2020-05-27 00:00:00";"2020-05-27 22:30:00";4;15838;16;0;0;<FLG>
V6155621;V615562101;QINnJ;1;"2020-05-28 00:00:00";"2020-05-28 14:00:00";4;12771;16;0;0;<FLG>
V6155621;V615562101;QINnJ;1;"2020-05-29 00:00:00";"2020-05-29 04:55:00";4;12476;16;0;0;<FLG>
V6155621;V615562101;QINnJ;1;"2020-05-30 00:00:00";"2020-05-30 21:10:00";4;12907;16;0;0;<FLG>
V6155621;V615562101;QINnJ;1;"2020-05-31 00:00:00";"2020-05-31 19:20:00";4;10643;16;0;0;<FLG>
V6155621;V615562101;QINnJ;1;"2020-06-01 00:00:00";"2020-06-01 19:10:00";4;8030;16;0;0;<FLG>
V6155621;V615562101;QINnJ;1;"2020-06-02 00:00:00";"2020-06-02 19:05:00";4;8636;16;0;0;<FLG>
V6155621;V615562101;QINnJ;1;"2020-06-03 00:00:00";"2020-06-03 04:15:00";4;9352;16;0;0;<FLG>
V6155621;V615562101;QINnJ;1;"2020-06-04 00:00:00";"2020-06-04 17:40:00";4;13672;16;0;0;<FLG>
V6155621;V615562101;QINnJ;1;"2020-06-05 00:00:00";"2020-06-05 19:20:00";4;8801;16;0;0;<FLG>
V6155621;V615562101;QINnJ;1;"2020-06-06 00:00:00";"2020-06-06 18:45:00";4;11079;16;0;0;<FLG>
V6155621;V615562101;QINnJ;1;"2020-06-07 00:00:00";"2020-06-07 18:50:00";4;8432;16;0;0;<FLG>
V6155621;V615562101;QINnJ;1;"2020-06-08 00:00:00";"2020-06-08 18:00:00";4;5781;16;0;0;<FLG>
V6155621;V615562101;QINnJ;1;"2020-06-09 00:00:00";"2020-06-09 03:50:00";4;6283;16;0;0;<FLG>
V6155621;V615562101;QINnJ;1;"2020-06-10 00:00:00";"2020-06-10 19:05:00";4;4852;16;0;0;<FLG>
V6155621;V615562101;QINnJ;1;"2020-06-11 00:00:00";"2020-06-11 08:30:00";4;0;16;0;0;<FLG>
V6155621;V615562101;QINnJ;1;"2020-06-12 00:00:00";"2020-06-12 04:05:00";4;14270;16;0;0;<FLG>
V6155621;V615562101;QINnJ;1;"2020-06-13 00:00:00";"2020-06-13 22:00:00";4;-32758;16;0;0;<FLG>
V6155621;V615562101;QINnJ;1;"2020-06-14 00:00:00";"2020-06-14 19:45:00";4;8928;16;0;0;<FLG>
V6155621;V615562101;QINnJ;1;"2020-06-15 00:00:00";"2020-06-15 18:35:00";4;7359;16;0;0;<FLG>
V6155621;V615562101;QINnJ;1;"2020-06-16 00:00:00";"2020-06-16 18:00:00";4;2604;16;0;0;<FLG>
V6155621;V615562101;QINnJ;1;"2020-06-17 00:00:00";"2020-06-17 17:40:00";4;6829;16;0;0;<FLG>
V6155621;V615562101;QINnJ;1;"2020-06-18 00:00:00";"2020-06-18 17:50:00";4;9074;16;0;0;<FLG>
V6155621;V615562101;QINnJ;1;"2020-06-19 00:00:00";"2020-06-19 06:10:00";4;10128;16;0;0;<FLG>
V6155621;V615562101;QINnJ;1;"2020-06-20 00:00:00";"2020-06-20 00:00:00";4;13696;16;8;0;<FLG>
V6155621;V615562101;QINnJ;1;"2020-06-21 00:00:00";"2020-06-21 00:00:00";4;13947;16;8;0;<FLG>
V6155621;V615562101;QINnJ;1;"2020-06-22 00:00:00";"2020-06-22 00:00:00";4;14197;16;8;0;<FLG>
V6155621;V615562101;QINnJ;1;"2020-06-23 00:00:00";"2020-06-23 00:00:00";4;14448;16;8;0;<FLG>
V6155621;V615562101;QINnJ;1;"2020-06-24 00:00:00";"2020-06-24 00:00:00";4;14698;16;8;0;<FLG>
V6155621;V615562101;QINnJ;1;"2020-06-25 00:00:00";"2020-06-25 20:30:00";4;877;16;0;0;<FLG>
V6155621;V615562101;QINnJ;1;"2020-06-26 00:00:00";"2020-06-26 18:10:00";4;1877;16;0;0;<FLG>
V6155621;V615562101;QINnJ;1;"2020-06-27 00:00:00";"2020-06-27 16:00:00";4;3552;16;0;0;<FLG>
V6155621;V615562101;QINnJ;1;"2020-06-28 00:00:00";"2020-06-28 19:20:00";4;1878;16;0;0;<FLG>
V6155621;V615562101;QINnJ;1;"2020-06-29 00:00:00";"2020-06-29 20:15:00";4;1284;16;0;0;<FLG>
V6155621;V615562101;QINnJ;1;"2020-06-30 00:00:00";"2020-06-30 12:00:00";4;0;16;0;0;<FLG>
V6155621;V615562101;QINnJ;1;"2020-07-01 00:00:00";"2020-07-01 12:00:00";4;-100000;16;0;0;<FLG>
V6155621;V615562101;QINnJ;1;"2020-07-02 00:00:00";"2020-07-02 04:35:00";4;-100000;16;0;0;<FLG>
V6155621;V615562101;QINnJ;1;"2020-07-03 00:00:00";"2020-07-03 14:00:00";4;-100000;16;0;0;<FLG>
V6155621;V615562101;QINnJ;1;"2020-07-04 00:00:00";"2020-07-04 01:55:00";4;-100000;16;0;0;<FLG>
V6155621;V615562101;QINnJ;1;"2020-07-05 00:00:00";"2020-07-05 00:00:00";4;-100000;16;0;0;<FLG>
V6155621;V615562101;QINnJ;1;"2020-07-06 00:00:00";"2020-07-06 02:55:00";4;-100000;16;0;0;<FLG>
V6155621;V615562101;QINnJ;1;"2020-07-07 00:00:00";"2020-07-07 19:30:00";4;5735;16;0;0;<FLG>
V6155621;V615562101;QINnJ;1;"2020-07-08 00:00:00";"2020-07-08 15:45:00";4;4611;16;0;0;<FLG>
V6155621;V615562101;QINnJ;1;"2020-07-09 00:00:00";"2020-07-09 19:35:00";4;5635;16;0;0;<FLG>
V6155621;V615562101;QINnJ;1;"2020-07-10 00:00:00";"2020-07-10 19:00:00";4;5048;16;0;0;<FLG>
V6155621;V615562101;QINnJ;1;"2020-07-11 00:00:00";"2020-07-11 04:15:00";4;6179;16;0;0;<FLG>
V6155621;V615562101;QINnJ;1;"2020-07-12 00:00:00";"2020-07-12 19:20:00";4;5454;16;0;0;<FLG>
V6155621;V615562101;QINnJ;1;"2020-07-13 00:00:00";"2020-07-13 19:30:00";4;5787;16;0;0;<FLG>
V6155621;V615562101;QINnJ;1;"2020-07-14 00:00:00";"2020-07-14 19:30:00";4;5801;16;0;0;<FLG>
V6155621;V615562101;QINnJ;1;"2020-07-15 00:00:00";"2020-07-15 17:10:00";4;6400;16;0;0;<FLG>
V6155621;V615562101;QINnJ;1;"2020-07-16 00:00:00";"2020-07-16 18:30:00";4;6176;16;0;0;<FLG>
V6155621;V615562101;QINnJ;1;"2020-07-17 00:00:00";"2020-07-17 20:30:00";4;5591;16;0;0;<FLG>
V6155621;V615562101;QINnJ;1;"2020-07-18 00:00:00";"2020-07-18 19:15:00";4;4407;16;0;0;<FLG>
V6155621;V615562101;QINnJ;1;"2020-07-19 00:00:00";"2020-07-19 19:15:00";4;5568;16;0;0;<FLG>
V6155621;V615562101;QINnJ;1;"2020-07-20 00:00:00";"2020-07-20 19:25:00";4;4495;16;0;0;<FLG>
V6155621;V615562101;QINnJ;1;"2020-07-21 00:00:00";"2020-07-21 19:20:00";4;4906;16;0;0;<FLG>
V6155621;V615562101;QINnJ;1;"2020-07-22 00:00:00";"2020-07-22 18:55:00";4;3998;16;0;0;<FLG>
V6155621;V615562101;QINnJ;1;"2020-07-23 00:00:00";"2020-07-23 19:10:00";4;3952;16;0;0;<FLG>
V6155621;V615562101;QINnJ;1;"2020-07-24 00:00:00";"2020-07-24 19:20:00";4;4659;16;0;0;<FLG>
V6155621;V615562101;QINnJ;1;"2020-07-25 00:00:00";"2020-07-25 19:45:00";4;4271;16;0;0;<FLG>
V6155621;V615562101;QINnJ;1;"2020-07-26 00:00:00";"2020-07-26 19:10:00";4;4370;16;0;0;<FLG>
V6155621;V615562101;QINnJ;1;"2020-07-27 00:00:00";"2020-07-27 19:20:00";4;5121;16;0;0;<FLG>
V6155621;V615562101;QINnJ;1;"2020-07-28 00:00:00";"2020-07-28 19:45:00";4;4866;16;0;0;<FLG>
V6155621;V615562101;QINnJ;1;"2020-07-29 00:00:00";"2020-07-29 19:45:00";4;4371;16;0;0;<FLG>
V6155621;V615562101;QINnJ;1;"2020-07-30 00:00:00";"2020-07-30 19:20:00";4;4005;16;0;0;<FLG>
V6155621;V615562101;QINnJ;1;"2020-07-31 00:00:00";"2020-07-31 19:40:00";4;4253;16;0;0;<FLG>
V6155621;V615562101;QINnJ;1;"2020-08-01 00:00:00";"2020-08-01 16:40:00";4;3494;16;0;0;<FLG>
V6155621;V615562101;QINnJ;1;"2020-08-02 00:00:00";"2020-08-02 19:10:00";4;4869;16;0;0;<FLG>
V6155621;V615562101;QINnJ;1;"2020-08-03 00:00:00";"2020-08-03 19:00:00";4;4465;16;0;0;<FLG>
V6155621;V615562101;QINnJ;1;"2020-08-04 00:00:00";"2020-08-04 18:00:00";4;4357;16;0;0;<FLG>
V6155621;V615562101;QINnJ;1;"2020-08-05 00:00:00";"2020-08-05 19:00:00";4;3597;16;0;0;<FLG>
V6155621;V615562101;QINnJ;1;"2020-08-06 00:00:00";"2020-08-06 18:55:00";4;3928;16;0;0;<FLG>
V6155621;V615562101;QINnJ;1;"2020-08-07 00:00:00";"2020-08-07 19:10:00";4;3721;16;0;0;<FLG>
V6155621;V615562101;QINnJ;1;"2020-08-08 00:00:00";"2020-08-08 19:10:00";4;3755;16;0;0;<FLG>
V6155621;V615562101;QINnJ;1;"2020-08-09 00:00:00";"2020-08-09 18:55:00";4;3890;16;0;0;<FLG>
V6155621;V615562101;QINnJ;1;"2020-08-10 00:00:00";"2020-08-10 18:50:00";4;3962;16;0;0;<FLG>
V6155621;V615562101;QINnJ;1;"2020-08-11 00:00:00";"2020-08-11 19:05:00";4;4191;16;0;0;<FLG>
V6155621;V615562101;QINnJ;1;"2020-08-12 00:00:00";"2020-08-12 18:55:00";4;3946;16;0;0;<FLG>
V6155621;V615562101;QINnJ;1;"2020-08-13 00:00:00";"2020-08-13 02:05:00";4;4060;16;0;0;<FLG>
V6155621;V615562101;QINnJ;1;"2020-08-14 00:00:00";"2020-08-14 18:55:00";4;3945;16;0;0;<FLG>
V6155621;V615562101;QINnJ;1;"2020-08-15 00:00:00";"2020-08-15 18:50:00";4;2813;16;0;0;<FLG>
V6155621;V615562101;QINnJ;1;"2020-08-16 00:00:00";"2020-08-16 18:50:00";4;4387;16;0;0;<FLG>
V6155621;V615562101;QINnJ;1;"2020-08-17 00:00:00";"2020-08-17 18:50:00";4;5195;16;0;0;<FLG>
V6155621;V615562101;QINnJ;1;"2020-08-18 00:00:00";"2020-08-18 06:45:00";4;4907;16;0;0;<FLG>
V6155621;V615562101;QINnJ;1;"2020-08-19 00:00:00";"2020-08-19 19:20:00";4;4162;16;0;0;<FLG>
V6155621;V615562101;QINnJ;1;"2020-08-20 00:00:00";"2020-08-20 19:15:00";4;3666;16;0;0;<FLG>
V6155621;V615562101;QINnJ;1;"2020-08-21 00:00:00";"2020-08-21 19:20:00";4;3351;16;0;0;<FLG>
V6155621;V615562101;QINnJ;1;"2020-08-22 00:00:00";"2020-08-22 19:20:00";4;3800;16;0;0;<FLG>
V6155621;V615562101;QINnJ;1;"2020-08-23 00:00:00";"2020-08-23 18:30:00";4;3694;16;0;0;<FLG>
V6155621;V615562101;QINnJ;1;"2020-08-24 00:00:00";"2020-08-24 18:15:00";4;3427;16;0;0;<FLG>
V6155621;V615562101;QINnJ;1;"2020-08-25 00:00:00";"2020-08-25 19:25:00";4;3348;16;0;0;<FLG>
V6155621;V615562101;QINnJ;1;"2020-08-26 00:00:00";"2020-08-26 19:45:00";4;3019;16;0;0;<FLG>
V6155621;V615562101;QINnJ;1;"2020-08-27 00:00:00";"2020-08-27 19:10:00";4;2912;16;0;0;<FLG>
V6155621;V615562101;QINnJ;1;"2020-08-28 00:00:00";"2020-08-28 04:50:00";4;4078;16;0;0;<FLG>
V6155621;V615562101;QINnJ;1;"2020-08-29 00:00:00";"2020-08-29 18:55:00";4;6008;16;0;0;<FLG>
V6155621;V615562101;QINnJ;1;"2020-08-30 00:00:00";"2020-08-30 18:40:00";4;3928;16;0;0;<FLG>
V6155621;V615562101;QINnJ;1;"2020-08-31 00:00:00";"2020-08-31 19:00:00";4;4137;16;0;0;<FLG>
V6155621;V615562101;QINnJ;1;"2020-09-01 00:00:00";"2020-09-01 18:25:00";4;3235;16;0;0;<FLG>
V6155621;V615562101;QINnJ;1;"2020-09-02 00:00:00";"2020-09-02 18:45:00";4;3050;16;0;0;<FLG>
V6155621;V615562101;QINnJ;1;"2020-09-03 00:00:00";"2020-09-03 18:50:00";4;2640;16;0;0;<FLG>
V6155621;V615562101;QINnJ;1;"2020-09-04 00:00:00";"2020-09-04 18:50:00";4;1768;16;0;0;<FLG>
V6155621;V615562101;QINnJ;1;"2020-09-05 00:00:00";"2020-09-05 18:45:00";4;2339;16;0;0;<FLG>
V6155621;V615562101;QINnJ;1;"2020-09-06 00:00:00";"2020-09-06 18:25:00";4;2692;16;0;0;<FLG>
V6155621;V615562101;QINnJ;1;"2020-09-07 00:00:00";"2020-09-07 18:30:00";4;2664;16;0;0;<FLG>
V6155621;V615562101;QINnJ;1;"2020-09-08 00:00:00";"2020-09-08 18:40:00";4;2040;16;0;0;<FLG>
V6155621;V615562101;QINnJ;1;"2020-09-09 00:00:00";"2020-09-09 18:30:00";4;3157;16;0;0;<FLG>
V6155621;V615562101;QINnJ;1;"2020-09-10 00:00:00";"2020-09-10 17:25:00";4;2815;16;0;0;<FLG>
V6155621;V615562101;QINnJ;1;"2020-09-11 00:00:00";"2020-09-11 18:40:00";4;2043;16;0;0;<FLG>
V6155621;V615562101;QINnJ;1;"2020-09-12 00:00:00";"2020-09-12 18:35:00";4;2092;16;0;0;<FLG>
V6155621;V615562101;QINnJ;1;"2020-09-13 00:00:00";"2020-09-13 18:30:00";4;2032;16;0;0;<FLG>
V6155621;V615562101;QINnJ;1;"2020-09-14 00:00:00";"2020-09-14 18:40:00";4;2247;16;0;0;<FLG>
V6155621;V615562101;QINnJ;1;"2020-09-15 00:00:00";"2020-09-15 18:30:00";4;1945;16;0;0;<FLG>
V6155621;V615562101;QINnJ;1;"2020-09-16 00:00:00";"2020-09-16 18:30:00";4;2150;16;0;0;<FLG>
V6155621;V615562101;QINnJ;1;"2020-09-17 00:00:00";"2020-09-17 18:30:00";4;2617;16;0;0;<FLG>
V6155621;V615562101;QINnJ;1;"2020-09-18 00:00:00";"2020-09-18 18:25:00";4;3377;16;0;0;<FLG>
V6155621;V615562101;QINnJ;1;"2020-09-19 00:00:00";"2020-09-19 18:25:00";4;3976;16;0;0;<FLG>
V6155621;V615562101;QINnJ;1;"2020-09-20 00:00:00";"2020-09-20 00:05:00";4;5841;16;0;0;<FLG>
V6155621;V615562101;QINnJ;1;"2020-09-21 00:00:00";"2020-09-21 15:10:00";4;2538;16;0;0;<FLG>
V6155621;V615562101;QINnJ;1;"2020-09-22 00:00:00";"2020-09-22 01:00:00";4;4925;16;0;0;<FLG>
V6155621;V615562101;QINnJ;1;"2020-09-23 00:00:00";"2020-09-23 17:15:00";4;5364;16;0;0;<FLG>
V6155621;V615562101;QINnJ;1;"2020-09-24 00:00:00";"2020-09-24 14:15:00";4;3525;16;0;0;<FLG>
V6155621;V615562101;QINnJ;1;"2020-09-25 00:00:00";"2020-09-25 16:05:00";4;5655;16;0;0;<FLG>
V6155621;V615562101;QINnJ;1;"2020-09-26 00:00:00";"2020-09-26 10:50:00";4;5579;16;0;0;<FLG>
V6155621;V615562101;QINnJ;1;"2020-09-27 00:00:00";"2020-09-27 17:50:00";4;6771;16;0;0;<FLG>
V6155621;V615562101;QINnJ;1;"2020-09-28 00:00:00";"2020-09-28 09:45:00";4;7457;16;0;0;<FLG>
V6155621;V615562101;QINnJ;1;"2020-09-29 00:00:00";"2020-09-29 17:00:00";4;7055;16;0;0;<FLG>
V6155621;V615562101;QINnJ;1;"2020-09-30 00:00:00";"2020-09-30 14:45:00";4;7152;16;0;0;<FLG>
V6155621;V615562101;QINnJ;1;"2020-10-01 00:00:00";"2020-10-01 07:55:00";4;7027;16;0;0;<FLG>
V6155621;V615562101;QINnJ;1;"2020-10-02 00:00:00";"2020-10-02 09:15:00";4;7159;16;0;0;<FLG>
V6155621;V615562101;QINnJ;1;"2020-10-03 00:00:00";"2020-10-03 21:20:00";4;9646;16;0;0;<FLG>
V6155621;V615562101;QINnJ;1;"2020-10-04 00:00:00";"2020-10-04 13:45:00";4;9533;16;0;0;<FLG>
V6155621;V615562101;QINnJ;1;"2020-10-05 00:00:00";"2020-10-05 21:35:00";4;9601;16;0;0;<FLG>
V6155621;V615562101;QINnJ;1;"2020-10-06 00:00:00";"2020-10-06 02:40:00";4;10237;16;0;0;<FLG>
V6155621;V615562101;QINnJ;1;"2020-10-07 00:00:00";"2020-10-07 05:50:00";4;9547;16;0;0;<FLG>
V6155621;V615562101;QINnJ;1;"2020-10-08 00:00:00";"2020-10-08 15:25:00";4;8223;16;0;0;<FLG>
V6155621;V615562101;QINnJ;1;"2020-10-09 00:00:00";"2020-10-09 16:15:00";4;7483;16;0;0;<FLG>
V6155621;V615562101;QINnJ;1;"2020-10-10 00:00:00";"2020-10-10 22:15:00";4;7701;16;0;0;<FLG>
V6155621;V615562101;QINnJ;1;"2020-10-11 00:00:00";"2020-10-11 21:05:00";4;7348;16;0;0;<FLG>
V6155621;V615562101;QINnJ;1;"2020-10-12 00:00:00";"2020-10-12 21:25:00";4;6743;16;0;0;<FLG>
V6155621;V615562101;QINnJ;1;"2020-10-13 00:00:00";"2020-10-13 20:50:00";4;6378;16;0;0;<FLG>
V6155621;V615562101;QINnJ;1;"2020-10-14 00:00:00";"2020-10-14 05:05:00";4;6244;16;0;0;<FLG>
V6155621;V615562101;QINnJ;1;"2020-10-15 00:00:00";"2020-10-15 22:20:00";4;6019;16;0;0;<FLG>
V6155621;V615562101;QINnJ;1;"2020-10-16 00:00:00";"2020-10-16 11:30:00";4;5524;16;0;0;<FLG>
V6155621;V615562101;QINnJ;1;"2020-10-17 00:00:00";"2020-10-17 11:30:00";4;5133;16;0;0;<FLG>
V6155621;V615562101;QINnJ;1;"2020-10-18 00:00:00";"2020-10-18 11:25:00";4;5620;16;0;0;<FLG>
V6155621;V615562101;QINnJ;1;"2020-10-19 00:00:00";"2020-10-19 12:35:00";4;5426;16;0;0;<FLG>
V6155621;V615562101;QINnJ;1;"2020-10-20 00:00:00";"2020-10-20 23:00:00";4;5320;16;0;0;<FLG>
V6155621;V615562101;QINnJ;1;"2020-10-21 00:00:00";"2020-10-21 11:50:00";4;5165;16;0;0;<FLG>
V6155621;V615562101;QINnJ;1;"2020-10-22 00:00:00";"2020-10-22 16:35:00";4;5117;16;0;0;<FLG>
V6155621;V615562101;QINnJ;1;"2020-10-23 00:00:00";"2020-10-23 16:15:00";4;3962;16;0;0;<FLG>
V6155621;V615562101;QINnJ;1;"2020-10-24 00:00:00";"2020-10-24 15:15:00";4;6571;16;0;0;<FLG>
V6155621;V615562101;QINnJ;1;"2020-10-25 00:00:00";"2020-10-25 08:35:00";4;7001;16;0;0;<FLG>
V6155621;V615562101;QINnJ;1;"2020-10-26 00:00:00";"2020-10-26 22:30:00";4;7535;16;0;0;<FLG>
V6155621;V615562101;QINnJ;1;"2020-10-27 00:00:00";"2020-10-27 11:10:00";4;6076;16;0;0;<FLG>
V6155621;V615562101;QINnJ;1;"2020-10-28 00:00:00";"2020-10-28 10:50:00";4;6820;16;0;0;<FLG>
V6155621;V615562101;QINnJ;1;"2020-10-29 00:00:00";"2020-10-29 14:15:00";4;6822;16;0;0;<FLG>
V6155621;V615562101;QINnJ;1;"2020-10-30 00:00:00";"2020-10-30 13:45:00";4;6316;16;0;0;<FLG>
V6155621;V615562101;QINnJ;1;"2020-10-31 00:00:00";"2020-10-31 15:50:00";4;5436;16;0;0;<FLG>
V6155621;V615562101;QINnJ;1;"2020-11-01 00:00:00";"2020-11-01 11:10:00";4;6144;16;0;0;<FLG>
V6155621;V615562101;QINnJ;1;"2020-11-02 00:00:00";"2020-11-02 19:50:00";4;6349;16;0;0;<FLG>
V6155621;V615562101;QINnJ;1;"2020-11-03 00:00:00";"2020-11-03 21:20:00";4;5781;16;0;0;<FLG>
V6155621;V615562101;QINnJ;1;"2020-11-04 00:00:00";"2020-11-04 18:50:00";4;5103;16;0;0;<FLG>
V6155621;V615562101;QINnJ;1;"2020-11-05 00:00:00";"2020-11-05 13:10:00";4;4506;16;0;0;<FLG>
V6155621;V615562101;QINnJ;1;"2020-11-06 00:00:00";"2020-11-06 12:45:00";4;5196;16;0;0;<FLG>
V6155621;V615562101;QINnJ;1;"2020-11-07 00:00:00";"2020-11-07 04:25:00";4;5355;16;0;0;<FLG>
V6155621;V615562101;QINnJ;1;"2020-11-08 00:00:00";"2020-11-08 22:30:00";4;6399;16;0;0;<FLG>
V6155621;V615562101;QINnJ;1;"2020-11-09 00:00:00";"2020-11-09 12:55:00";4;5993;16;0;0;<FLG>
V6155621;V615562101;QINnJ;1;"2020-11-10 00:00:00";"2020-11-10 15:00:00";4;6276;16;0;0;<FLG>
V6155621;V615562101;QINnJ;1;"2020-11-11 00:00:00";"2020-11-11 15:45:00";4;5785;16;0;0;<FLG>
V6155621;V615562101;QINnJ;1;"2020-11-12 00:00:00";"2020-11-12 00:00:00";4;5809;16;0;0;<FLG>
V6155621;V615562101;QINnJ;1;"2020-11-13 00:00:00";"2020-11-13 21:05:00";4;6524;16;0;0;<FLG>
V6155621;V615562101;QINnJ;1;"2020-11-14 00:00:00";"2020-11-14 20:35:00";4;6188;16;0;0;<FLG>
V6155621;V615562101;QINnJ;1;"2020-11-15 00:00:00";"2020-11-15 04:20:00";4;6064;16;0;0;<FLG>
V6155621;V615562101;QINnJ;1;"2020-11-16 00:00:00";"2020-11-16 20:55:00";4;6164;16;0;0;<FLG>
V6155621;V615562101;QINnJ;1;"2020-11-17 00:00:00";"2020-11-17 09:05:00";4;5541;16;0;0;<FLG>
V6155621;V615562101;QINnJ;1;"2020-11-18 00:00:00";"2020-11-18 14:55:00";4;5153;16;0;0;<FLG>
V6155621;V615562101;QINnJ;1;"2020-11-19 00:00:00";"2020-11-19 12:45:00";4;5726;16;0;0;<FLG>
V6155621;V615562101;QINnJ;1;"2020-11-20 00:00:00";"2020-11-20 05:05:00";4;5513;16;0;0;<FLG>
V6155621;V615562101;QINnJ;1;"2020-11-21 00:00:00";"2020-11-21 05:40:00";4;5568;16;0;0;<FLG>
V6155621;V615562101;QINnJ;1;"2020-11-22 00:00:00";"2020-11-22 09:45:00";4;5202;16;0;0;<FLG>
V6155621;V615562101;QINnJ;1;"2020-11-23 00:00:00";"2020-11-23 13:00:00";4;5140;16;0;0;<FLG>
V6155621;V615562101;QINnJ;1;"2020-11-24 00:00:00";"2020-11-24 18:20:00";4;4751;16;0;0;<FLG>
V6155621;V615562101;QINnJ;1;"2020-11-25 00:00:00";"2020-11-25 11:20:00";4;5341;16;0;0;<FLG>
V6155621;V615562101;QINnJ;1;"2020-11-26 00:00:00";"2020-11-26 11:30:00";4;5518;16;0;0;<FLG>
V6155621;V615562101;QINnJ;1;"2020-11-27 00:00:00";"2020-11-27 22:50:00";4;5117;16;0;0;<FLG>
V6155621;V615562101;QINnJ;1;"2020-11-28 00:00:00";"2020-11-28 21:25:00";4;4457;16;0;0;<FLG>
V6155621;V615562101;QINnJ;1;"2020-11-29 00:00:00";"2020-11-29 11:50:00";4;4067;16;0;0;<FLG>
V6155621;V615562101;QINnJ;1;"2020-11-30 00:00:00";"2020-11-30 21:45:00";4;3655;16;0;0;<FLG>
V6155621;V615562101;QINnJ;1;"2020-12-01 00:00:00";"2020-12-01 12:55:00";4;3240;16;0;0;<FLG>
V6155621;V615562101;QINnJ;1;"2020-12-02 00:00:00";"2020-12-02 11:50:00";4;3188;16;0;0;<FLG>
V6155621;V615562101;QINnJ;1;"2020-12-03 00:00:00";"2020-12-03 00:50:00";4;3160;16;0;0;<FLG>
V6155621;V615562101;QINnJ;1;"2020-12-04 00:00:00";"2020-12-04 00:50:00";4;3965;16;0;0;<FLG>
V6155621;V615562101;QINnJ;1;"2020-12-05 00:00:00";"2020-12-05 20:25:00";4;4613;16;0;0;<FLG>
V6155621;V615562101;QINnJ;1;"2020-12-06 00:00:00";"2020-12-06 17:40:00";4;3866;16;0;0;<FLG>
V6155621;V615562101;QINnJ;1;"2020-12-07 00:00:00";"2020-12-07 06:15:00";4;3313;16;0;0;<FLG>
V6155621;V615562101;QINnJ;1;"2020-12-08 00:00:00";"2020-12-08 23:50:00";4;4040;16;0;0;<FLG>
V6155621;V615562101;QINnJ;1;"2020-12-09 00:00:00";"2020-12-09 21:10:00";4;3612;16;0;0;<FLG>
V6155621;V615562101;QINnJ;1;"2020-12-10 00:00:00";"2020-12-10 10:50:00";4;3461;16;0;0;<FLG>
V6155621;V615562101;QINnJ;1;"2020-12-11 00:00:00";"2020-12-11 06:20:00";4;3452;16;0;0;<FLG>
V6155621;V615562101;QINnJ;1;"2020-12-12 00:00:00";"2020-12-12 22:40:00";4;4554;16;0;0;<FLG>
V6155621;V615562101;QINnJ;1;"2020-12-13 00:00:00";"2020-12-13 08:00:00";4;4408;16;0;0;<FLG>
V6155621;V615562101;QINnJ;1;"2020-12-14 00:00:00";"2020-12-14 03:10:00";4;4786;16;0;0;<FLG>
V6155621;V615562101;QINnJ;1;"2020-12-15 00:00:00";"2020-12-15 00:00:00";4;5957;16;0;0;<FLG>
V6155621;V615562101;QINnJ;1;"2020-12-16 00:00:00";"2020-12-16 08:20:00";4;6074;16;0;0;<FLG>
V6155621;V615562101;QINnJ;1;"2020-12-17 00:00:00";"2020-12-17 00:35:00";4;6541;16;0;0;<FLG>
V6155621;V615562101;QINnJ;1;"2020-12-18 00:00:00";"2020-12-18 13:25:00";4;7975;16;0;0;<FLG>
V6155621;V615562101;QINnJ;1;"2020-12-19 00:00:00";"2020-12-19 19:30:00";4;8537;16;0;0;<FLG>
V6155621;V615562101;QINnJ;1;"2020-12-20 00:00:00";"2020-12-20 11:00:00";4;8320;16;0;0;<FLG>
V6155621;V615562101;QINnJ;1;"2020-12-21 00:00:00";"2020-12-21 14:20:00";4;8701;16;0;0;<FLG>
V6155621;V615562101;QINnJ;1;"2020-12-22 00:00:00";"2020-12-22 00:00:00";4;9290;16;0;0;<FLG>
V6155621;V615562101;QINnJ;1;"2020-12-23 00:00:00";"2020-12-23 22:30:00";4;10356;16;0;0;<FLG>
V6155621;V615562101;QINnJ;1;"2020-12-24 00:00:00";"2020-12-24 19:40:00";4;10063;16;0;0;<FLG>
V6155621;V615562101;QINnJ;1;"2020-12-25 00:00:00";"2020-12-25 20:20:00";4;8625;16;0;0;<FLG>
V6155621;V615562101;QINnJ;1;"2020-12-26 00:00:00";"2020-12-26 16:45:00";4;9329;16;0;0;<FLG>
V6155621;V615562101;QINnJ;1;"2020-12-27 00:00:00";"2020-12-27 17:25:00";4;8821;16;0;0;<FLG>
V6155621;V615562101;QINnJ;1;"2020-12-28 00:00:00";"2020-12-28 05:10:00";4;9338;16;0;0;<FLG>
V6155621;V615562101;QINnJ;1;"2020-12-29 00:00:00";"2020-12-29 23:05:00";4;8393;16;0;0;<FLG>
V6155621;V615562101;QINnJ;1;"2020-12-30 00:00:00";"2020-12-30 13:40:00";4;7425;16;0;0;<FLG>
V6155621;V615562101;QINnJ;1;"2020-12-31 00:00:00";"2020-12-31 14:55:00";4;7912;16;0;0;<FLG>
V6155621;V615562101;QINnJ;1;"2021-01-01 00:00:00";"2021-01-01 17:20:00";4;8218;16;0;0;<FLG>
V6155621;V615562101;QINnJ;1;"2021-01-02 00:00:00";"2021-01-02 07:55:00";4;8223;16;0;0;<FLG>
V6155621;V615562101;QINnJ;1;"2021-01-03 00:00:00";"2021-01-03 15:30:00";4;7190;16;0;0;<FLG>
V6155621;V615562101;QINnJ;1;"2021-01-04 00:00:00";"2021-01-04 09:30:00";4;7316;16;0;0;<FLG>
V6155621;V615562101;QINnJ;1;"2021-01-05 00:00:00";"2021-01-05 14:10:00";4;7232;16;0;0;<FLG>
V6155621;V615562101;QINnJ;1;"2021-01-06 00:00:00";"2021-01-06 19:15:00";4;6434;16;0;0;<FLG>
V6155621;V615562101;QINnJ;1;"2021-01-07 00:00:00";"2021-01-07 13:00:00";4;6274;16;0;0;<FLG>
V6155621;V615562101;QINnJ;1;"2021-01-08 00:00:00";"2021-01-08 18:30:00";4;6203;16;0;0;<FLG>
V6155621;V615562101;QINnJ;1;"2021-01-09 00:00:00";"2021-01-09 16:10:00";4;6013;16;0;0;<FLG>
V6155621;V615562101;QINnJ;1;"2021-01-10 00:00:00";"2021-01-10 16:25:00";4;5889;16;0;0;<FLG>
V6155621;V615562101;QINnJ;1;"2021-01-11 00:00:00";"2021-01-11 10:35:00";4;5523;16;0;0;<FLG>
V6155621;V615562101;QINnJ;1;"2021-01-12 00:00:00";"2021-01-12 06:30:00";4;5353;16;0;0;<FLG>
V6155621;V615562101;QINnJ;1;"2021-01-13 00:00:00";"2021-01-13 01:40:00";4;5850;16;0;0;<FLG>
V6155621;V615562101;QINnJ;1;"2021-01-14 00:00:00";"2021-01-14 16:40:00";4;5896;16;0;0;<FLG>
V6155621;V615562101;QINnJ;1;"2021-01-15 00:00:00";"2021-01-15 06:00:00";4;176;16;0;0;<FLG>
V6155621;V615562101;QINnJ;1;"2021-01-16 00:00:00";"2021-01-16 22:45:00";4;177;16;0;0;<FLG>
V6155621;V615562101;QINnJ;1;"2021-01-17 00:00:00";"2021-01-17 09:35:00";4;5114;16;0;0;<FLG>
V6155621;V615562101;QINnJ;1;"2021-01-18 00:00:00";"2021-01-18 09:35:00";4;5368;16;0;0;<FLG>
V6155621;V615562101;QINnJ;1;"2021-01-19 00:00:00";"2021-01-19 12:55:00";4;177;16;0;0;<FLG>
V6155621;V615562101;QINnJ;1;"2021-01-20 00:00:00";"2021-01-20 17:15:00";4;181;16;0;0;<FLG>
V6155621;V615562101;QINnJ;1;"2021-01-21 00:00:00";"2021-01-21 12:45:00";4;6331;16;0;0;<FLG>
V6155621;V615562101;QINnJ;1;"2021-01-22 00:00:00";"2021-01-22 15:25:00";4;197;16;0;0;<FLG>
V6155621;V615562101;QINnJ;1;"2021-01-23 00:00:00";"2021-01-23 13:10:00";4;10526;16;0;0;<FLG>
V6155621;V615562101;QINnJ;1;"2021-01-24 00:00:00";"2021-01-24 02:30:00";4;13074;16;0;0;<FLG>
V6155621;V615562101;QINnJ;1;"2021-01-25 00:00:00";"2021-01-25 02:30:00";4;16330;16;0;0;<FLG>
V6155621;V615562101;QINnJ;1;"2021-01-26 00:00:00";"2021-01-26 11:30:00";4;16351;16;0;0;<FLG>
V6155621;V615562101;QINnJ;1;"2021-01-27 00:00:00";"2021-01-27 21:25:00";4;15672;16;0;0;<FLG>
V6155621;V615562101;QINnJ;1;"2021-01-28 00:00:00";"2021-01-28 18:45:00";4;15036;16;0;0;<FLG>
V6155621;V615562101;QINnJ;1;"2021-01-29 00:00:00";"2021-01-29 11:25:00";4;14771;16;0;0;<FLG>
V6155621;V615562101;QINnJ;1;"2021-01-30 00:00:00";"2021-01-30 02:55:00";4;14754;16;0;0;<FLG>
V6155621;V615562101;QINnJ;1;"2021-01-31 00:00:00";"2021-01-31 20:40:00";4;16479;16;0;0;<FLG>
V6155621;V615562101;QINnJ;1;"2021-02-01 00:00:00";"2021-02-01 18:40:00";4;16463;16;0;0;<FLG>
V6155621;V615562101;QINnJ;1;"2021-02-02 00:00:00";"2021-02-02 06:45:00";4;16546;16;0;0;<FLG>
V6155621;V615562101;QINnJ;1;"2021-02-03 00:00:00";"2021-02-03 00:55:00";4;17228;16;0;0;<FLG>
V6155621;V615562101;QINnJ;1;"2021-02-04 00:00:00";"2021-02-04 06:55:00";4;293;16;0;0;<FLG>
V6155621;V615562101;QINnJ;1;"2021-02-05 00:00:00";"2021-02-05 11:25:00";4;18328;16;0;0;<FLG>
V6155621;V615562101;QINnJ;1;"2021-02-06 00:00:00";"2021-02-06 09:10:00";4;18304;16;0;0;<FLG>
V6155621;V615562101;QINnJ;1;"2021-02-07 00:00:00";"2021-02-07 22:05:00";4;303;16;0;0;<FLG>
V6155621;V615562101;QINnJ;1;"2021-02-08 00:00:00";"2021-02-08 17:15:00";4;291;16;0;0;<FLG>
V6155621;V615562101;QINnJ;1;"2021-02-09 00:00:00";"2021-02-09 12:25:00";4;19872;16;0;0;<FLG>
V6155621;V615562101;QINnJ;1;"2021-02-10 00:00:00";"2021-02-10 21:35:00";4;20441;16;0;0;<FLG>
V6155621;V615562101;QINnJ;1;"2021-02-11 00:00:00";"2021-02-11 15:15:00";4;312;16;0;0;<FLG>
V6155621;V615562101;QINnJ;1;"2021-02-12 00:00:00";"2021-02-12 02:50:00";4;20773;16;0;0;<FLG>
V6155621;V615562101;QINnJ;1;"2021-02-13 00:00:00";"2021-02-13 23:55:00";4;21041;16;0;0;<FLG>
V6155621;V615562101;QINnJ;1;"2021-02-14 00:00:00";"2021-02-14 09:35:00";4;20695;16;0;0;<FLG>
V6155621;V615562101;QINnJ;1;"2021-02-15 00:00:00";"2021-02-15 17:30:00";4;18854;16;0;0;<FLG>
V6155621;V615562101;QINnJ;1;"2021-02-16 00:00:00";"2021-02-16 14:40:00";4;18693;16;0;0;<FLG>
V6155621;V615562101;QINnJ;1;"2021-02-17 00:00:00";"2021-02-17 18:35:00";4;17433;16;0;0;<FLG>
V6155621;V615562101;QINnJ;1;"2021-02-18 00:00:00";"2021-02-18 12:10:00";4;17347;16;0;0;<FLG>
V6155621;V615562101;QINnJ;1;"2021-02-19 00:00:00";"2021-02-19 23:20:00";4;17425;16;0;0;<FLG>
V6155621;V615562101;QINnJ;1;"2021-02-20 00:00:00";"2021-02-20 22:05:00";4;16541;16;0;0;<FLG>
V6155621;V615562101;QINnJ;1;"2021-02-21 00:00:00";"2021-02-21 07:35:00";4;16767;16;0;0;<FLG>
V6155621;V615562101;QINnJ;1;"2021-02-22 00:00:00";"2021-02-22 12:50:00";4;15914;16;0;0;<FLG>
V6155621;V615562101;QINnJ;1;"2021-02-23 00:00:00";"2021-02-23 07:00:00";4;277;16;0;0;<FLG>
V6155621;V615562101;QINnJ;1;"2021-02-24 00:00:00";"2021-02-24 14:10:00";4;14612;16;0;0;<FLG>
V6155621;V615562101;QINnJ;1;"2021-02-25 00:00:00";"2021-02-25 23:59:59";4;14733;16;8;0;<FLG>
V6155621;V615562101;QINnJ;1;"2021-02-26 00:00:00";"2021-02-26 23:59:59";4;14381;16;8;0;<FLG>
V6155621;V615562101;QINnJ;1;"2021-02-27 00:00:00";"2021-02-27 23:59:59";4;14030;16;8;0;<FLG>
V6155621;V615562101;QINnJ;1;"2021-02-28 00:00:00";"2021-02-28 23:59:59";4;13678;16;8;0;<FLG>
V6155621;V615562101;QINnJ;1;"2021-03-01 00:00:00";"2021-03-01 23:59:59";4;13327;16;8;0;<FLG>
V6155621;V615562101;QINnJ;1;"2021-03-02 00:00:00";"2021-03-02 23:59:59";4;12975;16;8;0;<FLG>
V6155621;V615562101;QINnJ;1;"2021-03-03 00:00:00";"2021-03-03 23:59:59";4;12624;16;8;0;<FLG>
V6155621;V615562101;QINnJ;1;"2021-03-04 00:00:00";"2021-03-04 13:30:00";4;10435;16;0;0;<FLG>
V6155621;V615562101;QINnJ;1;"2021-03-05 00:00:00";"2021-03-05 18:55:00";4;10733;16;0;0;<FLG>
V6155621;V615562101;QINnJ;1;"2021-03-06 00:00:00";"2021-03-06 14:35:00";4;8721;16;0;0;<FLG>
V6155621;V615562101;QINnJ;1;"2021-03-07 00:00:00";"2021-03-07 17:10:00";4;9300;16;0;0;<FLG>
V6155621;V615562101;QINnJ;1;"2021-03-08 00:00:00";"2021-03-08 22:40:00";4;10200;16;0;0;<FLG>
V6155621;V615562101;QINnJ;1;"2021-03-09 00:00:00";"2021-03-09 19:50:00";4;9981;16;0;0;<FLG>
V6155621;V615562101;QINnJ;1;"2021-03-10 00:00:00";"2021-03-10 16:50:00";4;7080;16;0;0;<FLG>
V6155621;V615562101;QINnJ;1;"2021-03-11 00:00:00";"2021-03-11 13:25:00";4;7370;16;0;0;<FLG>
V6155621;V615562101;QINnJ;1;"2021-03-12 00:00:00";"2021-03-12 15:20:00";4;8160;16;0;0;<FLG>
V6155621;V615562101;QINnJ;1;"2021-03-13 00:00:00";"2021-03-13 13:55:00";4;7118;16;0;0;<FLG>
V6155621;V615562101;QINnJ;1;"2021-03-14 00:00:00";"2021-03-14 17:55:00";4;8652;16;0;0;<FLG>
V6155621;V615562101;QINnJ;1;"2021-03-15 00:00:00";"2021-03-15 22:00:00";4;204;16;0;0;<FLG>
V6155621;V615562101;QINnJ;1;"2021-03-16 00:00:00";"2021-03-16 23:30:00";4;8457;16;0;0;<FLG>
V6155621;V615562101;QINnJ;1;"2021-03-17 00:00:00";"2021-03-17 07:20:00";4;8116;16;0;0;<FLG>
V6155621;V615562101;QINnJ;1;"2021-03-18 00:00:00";"2021-03-18 12:10:00";4;7948;16;0;0;<FLG>
V6155621;V615562101;QINnJ;1;"2021-03-19 00:00:00";"2021-03-19 11:35:00";4;7748;16;0;0;<FLG>
V6155621;V615562101;QINnJ;1;"2021-03-20 00:00:00";"2021-03-20 19:20:00";4;7848;16;0;0;<FLG>
V6155621;V615562101;QINnJ;1;"2021-03-21 00:00:00";"2021-03-21 12:45:00";4;7282;16;0;0;<FLG>
V6155621;V615562101;QINnJ;1;"2021-03-22 00:00:00";"2021-03-22 10:40:00";4;8632;16;0;0;<FLG>
V6155621;V615562101;QINnJ;1;"2021-03-23 00:00:00";"2021-03-23 23:59:59";4;8609;16;8;0;<FLG>
V6155621;V615562101;QINnJ;1;"2021-03-24 00:00:00";"2021-03-24 23:59:59";4;8479;16;8;0;<FLG>
V6155621;V615562101;QINnJ;1;"2021-03-25 00:00:00";"2021-03-25 23:59:59";4;8350;16;8;0;<FLG>
V6155621;V615562101;QINnJ;1;"2021-03-26 00:00:00";"2021-03-26 17:40:00";4;7835;16;0;0;<FLG>
V6155621;V615562101;QINnJ;1;"2021-03-27 00:00:00";"2021-03-27 17:15:00";4;7352;16;0;0;<FLG>
V6155621;V615562101;QINnJ;1;"2021-03-28 00:00:00";"2021-03-28 16:05:00";4;6156;16;0;0;<FLG>
V6155621;V615562101;QINnJ;1;"2021-03-29 00:00:00";"2021-03-29 21:55:00";4;6020;16;0;0;<FLG>
V6155621;V615562101;QINnJ;1;"2021-03-30 00:00:00";"2021-03-30 08:20:00";4;5658;16;0;0;<FLG>
V6155621;V615562101;QINnJ;1;"2021-03-31 00:00:00";"2021-03-31 03:55:00";4;5539;16;0;0;<FLG>
V6155621;V615562101;QINnJ;1;"2021-04-01 00:00:00";"2021-04-01 23:59:59";4;5849;16;0;0;<FLG>
V6155621;V615562101;QINnJ;1;"2021-04-02 00:00:00";"2021-04-02 23:40:00";4;5386;16;0;0;<FLG>
V6155621;V615562101;QINnJ;1;"2021-04-03 00:00:00";"2021-04-03 15:35:00";4;4963;16;0;0;<FLG>
V6155621;V615562101;QINnJ;1;"2021-04-04 00:00:00";"2021-04-04 01:05:00";4;4991;16;0;0;<FLG>
V6155621;V615562101;QINnJ;1;"2021-04-05 00:00:00";"2021-04-05 23:00:00";4;4990;16;0;0;<FLG>
V6155621;V615562101;QINnJ;1;"2021-04-06 00:00:00";"2021-04-06 03:55:00";4;4969;16;0;0;<FLG>
V6155621;V615562101;QINnJ;1;"2021-04-07 00:00:00";"2021-04-07 23:35:00";4;5185;16;0;0;<FLG>
V6155621;V615562101;QINnJ;1;"2021-04-08 00:00:00";"2021-04-08 08:40:00";4;4683;16;0;0;<FLG>
V6155621;V615562101;QINnJ;1;"2021-04-09 00:00:00";"2021-04-09 10:50:00";4;5643;16;0;0;<FLG>
V6155621;V615562101;QINnJ;1;"2021-04-10 00:00:00";"2021-04-10 18:35:00";4;6093;16;0;0;<FLG>
V6155621;V615562101;QINnJ;1;"2021-04-11 00:00:00";"2021-04-11 15:35:00";4;6088;16;0;0;<FLG>
V6155621;V615562101;QINnJ;1;"2021-04-12 00:00:00";"2021-04-12 23:59:59";4;6588;16;8;0;<FLG>
V6155621;V615562101;QINnJ;1;"2021-04-13 00:00:00";"2021-04-13 16:00:00";4;5906;16;0;0;<FLG>
V6155621;V615562101;QINnJ;1;"2021-04-14 00:00:00";"2021-04-14 15:40:00";4;5394;16;0;0;<FLG>
V6155621;V615562101;QINnJ;1;"2021-04-15 00:00:00";"2021-04-15 00:00:00";4;6488;16;8;0;<FLG>
V6155621;V615562101;QINnJ;1;"2021-04-16 00:00:00";"2021-04-16 16:35:00";4;6604;16;0;0;<FLG>
V6155621;V615562101;QINnJ;1;"2021-04-17 00:00:00";"2021-04-17 10:40:00";4;6380;16;0;0;<FLG>
V6155621;V615562101;QINnJ;1;"2021-04-18 00:00:00";"2021-04-18 21:25:00";4;6585;16;0;0;<FLG>
V6155621;V615562101;QINnJ;1;"2021-04-19 00:00:00";"2021-04-19 15:00:00";4;6535;16;0;0;<FLG>
V6155621;V615562101;QINnJ;1;"2021-04-20 00:00:00";"2021-04-20 05:05:00";4;6962;16;0;0;<FLG>
V6155621;V615562101;QINnJ;1;"2021-04-21 00:00:00";"2021-04-21 23:59:59";4;6913;16;8;0;<FLG>
V6155621;V615562101;QINnJ;1;"2021-04-22 00:00:00";"2021-04-22 23:59:59";4;6690;16;8;0;<FLG>
V6155621;V615562101;QINnJ;1;"2021-04-23 00:00:00";"2021-04-23 18:50:00";4;6238;16;0;0;<FLG>
V6155621;V615562101;QINnJ;1;"2021-04-24 00:00:00";"2021-04-24 15:05:00";4;6216;16;0;0;<FLG>
V6155621;V615562101;QINnJ;1;"2021-04-25 00:00:00";"2021-04-25 17:20:00";4;6167;16;0;0;<FLG>
V6155621;V615562101;QINnJ;1;"2021-04-26 00:00:00";"2021-04-26 15:55:00";4;6423;16;0;0;<FLG>
V6155621;V615562101;QINnJ;1;"2021-04-27 00:00:00";"2021-04-27 15:05:00";4;6436;16;0;0;<FLG>
V6155621;V615562101;QINnJ;1;"2021-04-28 00:00:00";"2021-04-28 06:45:00";4;6463;16;0;0;<FLG>
V6155621;V615562101;QINnJ;1;"2021-04-29 00:00:00";"2021-04-29 03:10:00";4;7119;16;0;0;<FLG>
V6155621;V615562101;QINnJ;1;"2021-04-30 00:00:00";"2021-04-30 04:20:00";4;10469;16;0;0;<FLG>
V6155621;V615562101;QINnJ;1;"2021-05-01 00:00:00";"2021-05-01 19:50:00";4;-32653;16;0;0;<FLG>
V6155621;V615562101;QINnJ;1;"2021-05-02 00:00:00";"2021-05-02 20:30:00";4;-32766;16;0;0;<FLG>
V6155621;V615562101;QINnJ;1;"2021-05-03 00:00:00";"2021-05-03 13:25:00";4;-267800;16;0;0;<FLG>
V6155621;V615562101;QINnJ;1;"2021-05-04 00:00:00";"2021-05-04 13:05:00";4;435;16;0;0;<FLG>
V6155621;V615562101;QINnJ;1;"2021-05-05 00:00:00";"2021-05-05 16:20:00";4;418;16;0;0;<FLG>
V6155621;V615562101;QINnJ;1;"2021-05-06 00:00:00";"2021-05-06 07:00:00";4;373;16;0;0;<FLG>
V6155621;V615562101;QINnJ;1;"2021-05-07 00:00:00";"2021-05-07 22:15:00";4;28062;16;0;0;<FLG>
V6155621;V615562101;QINnJ;1;"2021-05-08 00:00:00";"2021-05-08 23:59:59";4;24409;16;8;0;<FLG>
V6155621;V615562101;QINnJ;1;"2021-05-09 00:00:00";"2021-05-09 23:40:00";4;21340;16;0;0;<FLG>
V6155621;V615562101;QINnJ;1;"2021-05-10 00:00:00";"2021-05-10 15:35:00";4;20643;16;0;0;<FLG>
V6155621;V615562101;QINnJ;1;"2021-05-11 00:00:00";"2021-05-11 00:40:00";4;21220;16;0;0;<FLG>
V6155621;V615562101;QINnJ;1;"2021-05-12 00:00:00";"2021-05-12 06:55:00";4;457;16;0;0;<FLG>
V6155621;V615562101;QINnJ;1;"2021-05-13 00:00:00";"2021-05-13 17:25:00";4;457;16;0;0;<FLG>
V6155621;V615562101;QINnJ;1;"2021-05-14 00:00:00";"2021-05-14 18:05:00";4;46115;16;0;0;<FLG>
V6155621;V615562101;QINnJ;1;"2021-05-15 00:00:00";"2021-05-15 20:30:00";4;43551;16;0;0;<FLG>
V6155621;V615562101;QINnJ;1;"2021-05-16 00:00:00";"2021-05-16 08:40:00";4;42756;16;0;0;<FLG>
V6155621;V615562101;QINnJ;1;"2021-05-17 00:00:00";"2021-05-17 23:59:59";4;37282;16;8;0;<FLG>
V6155621;V615562101;QINnJ;1;"2021-05-18 00:00:00";"2021-05-18 13:50:00";4;0;16;0;0;<FLG>
V6155621;V615562101;QINnJ;1;"2021-05-19 00:00:00";"2021-05-19 23:59:59";4;33860;16;8;0;<FLG>
V6155621;V615562101;QINnJ;1;"2021-05-20 00:00:00";"2021-05-20 12:20:00";4;0;16;0;0;<FLG>
V6155621;V615562101;QINnJ;1;"2021-05-21 00:00:00";"2021-05-21 21:35:00";4;28581;16;0;0;<FLG>
V6155621;V615562101;QINnJ;1;"2021-05-22 00:00:00";"2021-05-22 23:59:59";4;27746;16;8;0;<FLG>
V6155621;V615562101;QINnJ;1;"2021-05-23 00:00:00";"2021-05-23 21:40:00";4;25835;16;0;0;<FLG>
V6155621;V615562101;QINnJ;1;"2021-05-24 00:00:00";"2021-05-24 18:30:00";4;24168;16;0;0;<FLG>
V6155621;V615562101;QINnJ;1;"2021-05-25 00:00:00";"2021-05-25 23:59:59";4;22220;16;8;0;<FLG>
V6155621;V615562101;QINnJ;1;"2021-05-26 00:00:00";"2021-05-26 23:30:00";4;20148;16;0;0;<FLG>
V6155621;V615562101;QINnJ;1;"2021-05-27 00:00:00";"2021-05-27 18:45:00";4;19084;16;0;0;<FLG>
V6155621;V615562101;QINnJ;1;"2021-05-28 00:00:00";"2021-05-28 21:20:00";4;18568;16;0;0;<FLG>
V6155621;V615562101;QINnJ;1;"2021-05-29 00:00:00";"2021-05-29 17:35:00";4;18813;16;0;0;<FLG>
V6155621;V615562101;QINnJ;1;"2021-05-30 00:00:00";"2021-05-30 23:59:59";4;17464;16;8;0;<FLG>
V6155621;V615562101;QINnJ;1;"2021-05-31 00:00:00";"2021-05-31 23:59:59";4;10517;16;8;0;<FLG>
V6155621;V615562101;QINnJ;1;"2021-06-01 00:00:00";"2021-06-01 23:59:59";4;3570;16;8;0;<FLG>
V6155621;V615562101;QINnJ;1;"2021-06-02 00:00:00";"2021-06-02 12:20:00";4;0;16;0;0;<FLG>
V6155621;V615562101;QINnJ;1;"2021-06-03 00:00:00";"2021-06-03 00:00:00";4;0;16;8;0;<FLG>
V6155621;V615562101;QINnJ;1;"2021-06-04 00:00:00";"2021-06-04 00:00:00";4;0;16;8;0;<FLG>
V6155621;V615562101;QINnJ;1;"2021-06-05 00:00:00";"2021-06-05 00:00:00";4;0;16;8;0;<FLG>
V6155621;V615562101;QINnJ;1;"2021-06-06 00:00:00";"2021-06-06 00:00:00";4;0;16;8;0;<FLG>
V6155621;V615562101;QINnJ;1;"2021-06-07 00:00:00";"2021-06-07 00:00:00";4;0;16;8;0;<FLG>
V6155621;V615562101;QINnJ;1;"2021-06-08 00:00:00";"2021-06-08 00:00:00";4;0;16;8;0;<FLG>
V6155621;V615562101;QINnJ;1;"2021-06-09 00:00:00";"2021-06-09 00:00:00";4;0;16;8;0;<FLG>
V6155621;V615562101;QINnJ;1;"2021-06-10 00:00:00";"2021-06-10 00:00:00";4;0;16;8;0;<FLG>
V6155621;V615562101;QINnJ;1;"2021-06-11 00:00:00";"2021-06-11 00:00:00";4;0;16;8;0;<FLG>
V6155621;V615562101;QINnJ;1;"2021-06-12 00:00:00";"2021-06-12 00:00:00";4;0;16;8;0;<FLG>
V6155621;V615562101;QINnJ;1;"2021-06-13 00:00:00";"2021-06-13 00:00:00";4;0;16;8;0;<FLG>
V6155621;V615562101;QINnJ;1;"2021-06-14 00:00:00";"2021-06-14 00:00:00";4;0;16;8;0;<FLG>
V6155621;V615562101;QINnJ;1;"2021-06-15 00:00:00";"2021-06-15 00:00:00";4;0;16;8;0;<FLG>
V6155621;V615562101;QINnJ;1;"2022-05-12 00:00:00";"2022-05-12 22:35:00";4;1010;16;0;1;<FLG>
V6155621;V615562101;QINnJ;1;"2022-05-13 00:00:00";"2022-05-13 17:55:00";4;176;16;0;0;<FLG>
V6155621;V615562101;QINnJ;1;"2022-05-14 00:00:00";"2022-05-14 14:20:00";4;193;16;0;0;<FLG>
V6155621;V615562101;QINnJ;1;"2022-05-15 00:00:00";"2022-05-15 23:15:00";4;144;16;0;0;<FLG>
V6155621;V615562101;QINnJ;1;"2022-05-16 00:00:00";"2022-05-16 23:59:59";4;2847;16;8;0;<FLG>
V6155621;V615562101;QINnJ;1;"2022-05-17 00:00:00";"2022-05-17 15:55:00";4;96;16;0;0;<FLG>
V6155621;V615562101;QINnJ;1;"2022-05-18 00:00:00";"2022-05-18 01:00:00";4;47;16;0;0;<FLG>
V6155621;V615562101;QINnJ;1;"2022-05-19 00:00:00";"2022-05-19 22:00:00";4;297;16;0;0;<FLG>
V6155621;V615562101;QINnJ;1;"2022-05-20 00:00:00";"2022-05-20 23:59:59";4;1517;16;8;0;<FLG>
V6155621;V615562101;QINnJ;1;"2022-05-21 00:00:00";"2022-05-21 17:05:00";4;46;16;0;0;<FLG>
V6155621;V615562101;QINnJ;1;"2022-05-22 00:00:00";"2022-05-22 11:35:00";4;309;16;0;0;<FLG>
V6155621;V615562101;QINnJ;1;"2022-05-23 00:00:00";"2022-05-23 17:30:00";4;0;16;0;0;<FLG>
V6155621;V615562101;QINnJ;1;"2022-05-24 00:00:00";"2022-05-24 22:05:00";4;0;16;0;0;<FLG>
V6155621;V615562101;QINnJ;1;"2022-05-25 00:00:00";"2022-05-25 21:15:00";4;0;16;0;0;<FLG>
V6155621;V615562101;QINnJ;1;"2022-05-26 00:00:00";"2022-05-26 07:30:00";4;0;16;0;0;<FLG>
V6155621;V615562101;QINnJ;1;"2022-05-27 00:00:00";"2022-05-27 21:30:00";4;0;16;0;0;<FLG>
V6155621;V615562101;QINnJ;1;"2022-05-28 00:00:00";"2022-05-28 11:25:00";4;44;16;0;0;<FLG>
V6155621;V615562101;QINnJ;1;"2022-05-29 00:00:00";"2022-05-29 18:00:00";4;109;16;0;0;<FLG>
V6155621;V615562101;QINnJ;1;"2022-05-30 00:00:00";"2022-05-30 10:35:00";4;46;16;0;0;<FLG>
V6155621;V615562101;QINnJ;1;"2022-05-31 00:00:00";"2022-05-31 18:05:00";4;31;16;0;0;<FLG>
V6155621;V615562101;QINnJ;1;"2022-06-01 00:00:00";"2022-06-01 14:55:00";4;75;16;0;0;<FLG>
V6155621;V615562101;QINnJ;1;"2022-06-02 00:00:00";"2022-06-02 13:05:00";4;16;16;0;0;<FLG>
V6155621;V615562101;QINnJ;1;"2022-06-03 00:00:00";"2022-06-03 00:00:00";4;2374;16;0;0;<FLG>
V6155621;V615562101;QINnJ;1;"2022-06-04 00:00:00";"2022-06-04 20:40:00";4;30;16;0;0;<FLG>
V6155621;V615562101;QINnJ;1;"2022-06-05 00:00:00";"2022-06-05 21:30:00";4;0;16;0;0;<FLG>
V6155621;V615562101;QINnJ;1;"2022-06-06 00:00:00";"2022-06-06 18:15:00";4;122;16;0;0;<FLG>
V6155621;V615562101;QINnJ;1;"2022-06-07 00:00:00";"2022-06-07 10:45:00";4;0;16;0;0;<FLG>
V6155621;V615562101;QINnJ;1;"2022-06-08 00:00:00";"2022-06-08 02:35:00";4;0;16;0;0;<FLG>
V6155621;V615562101;QINnJ;1;"2022-06-09 00:00:00";"2022-06-09 23:59:59";4;4310;16;8;0;<FLG>
V6155621;V615562101;QINnJ;1;"2022-06-10 00:00:00";"2022-06-10 19:30:00";4;3022;16;0;0;<FLG>
V6155621;V615562101;QINnJ;1;"2022-06-11 00:00:00";"2022-06-11 19:35:00";4;1051;16;0;0;<FLG>
V6155621;V615562101;QINnJ;1;"2022-06-12 00:00:00";"2022-06-12 18:55:00";4;2229;16;0;0;<FLG>
V6155621;V615562101;QINnJ;1;"2022-06-13 00:00:00";"2022-06-13 04:20:00";4;2073;16;0;0;<FLG>
V6155621;V615562101;QINnJ;1;"2022-06-14 00:00:00";"2022-06-14 19:40:00";4;1835;16;0;0;<FLG>
V6155621;V615562101;QINnJ;1;"2022-06-15 00:00:00";"2022-06-15 19:35:00";4;1604;16;0;0;<FLG>
V6155621;V615562101;QINnJ;1;"2022-06-16 00:00:00";"2022-06-16 06:50:00";4;2032;16;0;0;<FLG>
V6155621;V615562101;QINnJ;1;"2022-06-17 00:00:00";"2022-06-17 15:00:00";4;1767;16;0;0;<FLG>
V6155621;V615562101;QINnJ;1;"2022-06-18 00:00:00";"2022-06-18 19:55:00";4;859;16;0;0;<FLG>
V6155621;V615562101;QINnJ;1;"2022-06-19 00:00:00";"2022-06-19 05:00:00";4;1337;16;0;0;<FLG>
V6155621;V615562101;QINnJ;1;"2022-06-20 00:00:00";"2022-06-20 00:00:00";4;3059;16;0;0;<FLG>
V6155621;V615562101;QINnJ;1;"2022-06-21 00:00:00";"2022-06-21 19:20:00";4;2206;16;0;0;<FLG>
V6155621;V615562101;QINnJ;1;"2022-06-22 00:00:00";"2022-06-22 19:25:00";4;1939;16;0;0;<FLG>
V6155621;V615562101;QINnJ;1;"2022-06-23 00:00:00";"2022-06-23 11:15:00";4;1765;16;0;0;<FLG>
V6155621;V615562101;QINnJ;1;"2022-06-24 00:00:00";"2022-06-24 23:59:59";4;2860;16;8;0;<FLG>
V6155621;V615562101;QINnJ;1;"2022-06-25 00:00:00";"2022-06-25 19:50:00";4;1961;16;0;0;<FLG>
V6155621;V615562101;QINnJ;1;"2022-06-26 00:00:00";"2022-06-26 00:05:00";4;3470;16;0;0;<FLG>
V6155621;V615562101;QINnJ;1;"2022-06-27 00:00:00";"2022-06-27 18:55:00";4;1676;16;0;0;<FLG>
V6155621;V615562101;QINnJ;1;"2022-06-28 00:00:00";"2022-06-28 19:50:00";4;912;16;0;0;<FLG>
V6155621;V615562101;QINnJ;1;"2022-06-29 00:00:00";"2022-06-29 23:59:59";4;3556;16;8;0;<FLG>
V6155621;V615562101;QINnJ;1;"2022-06-30 00:00:00";"2022-06-30 23:59:59";4;3322;16;8;0;<FLG>
V6155621;V615562101;QINnJ;1;"2022-07-01 00:00:00";"2022-07-01 14:55:00";4;2090;16;0;0;<FLG>
V6155621;V615562101;QINnJ;1;"2022-07-02 00:00:00";"2022-07-02 19:20:00";4;1290;16;0;0;<FLG>
V6155621;V615562101;QINnJ;1;"2022-07-03 00:00:00";"2022-07-03 20:15:00";4;790;16;0;0;<FLG>
V6155621;V615562101;QINnJ;1;"2022-07-04 00:00:00";"2022-07-04 20:45:00";4;2362;16;0;0;<FLG>
V6155621;V615562101;QINnJ;1;"2022-07-05 00:00:00";"2022-07-05 00:00:00";4;2935;16;0;0;<FLG>
V6155621;V615562101;QINnJ;1;"2022-07-06 00:00:00";"2022-07-06 19:35:00";4;823;16;0;0;<FLG>
V6155621;V615562101;QINnJ;1;"2022-07-07 00:00:00";"2022-07-07 04:40:00";4;0;16;0;0;<FLG>
V6155621;V615562101;QINnJ;1;"2022-07-08 00:00:00";"2022-07-08 19:55:00";4;562;16;0;0;<FLG>
V6155621;V615562101;QINnJ;1;"2022-07-09 00:00:00";"2022-07-09 19:50:00";4;80;16;0;0;<FLG>
V6155621;V615562101;QINnJ;1;"2022-07-10 00:00:00";"2022-07-10 00:00:00";4;2004;16;0;0;<FLG>
V6155621;V615562101;QINnJ;1;"2022-07-11 00:00:00";"2022-07-11 00:00:00";4;2295;16;8;0;<FLG>
V6155621;V615562101;QINnJ;1;"2022-07-12 00:00:00";"2022-07-12 00:00:00";4;2588;16;8;0;<FLG>
V6155621;V615562101;QINnJ;1;"2022-07-13 00:00:00";"2022-07-13 00:00:00";4;2880;16;8;0;<FLG>
V6155621;V615562101;QINnJ;1;"2022-07-14 00:00:00";"2022-07-14 00:00:00";4;3172;16;8;0;<FLG>
V6155621;V615562101;QINnJ;1;"2022-07-15 00:00:00";"2022-07-15 20:00:00";4;942;16;0;0;<FLG>
V6155621;V615562101;QINnJ;1;"2022-07-16 00:00:00";"2022-07-16 19:30:00";4;628;16;0;0;<FLG>
V6155621;V615562101;QINnJ;1;"2022-07-17 00:00:00";"2022-07-17 18:35:00";4;628;16;0;0;<FLG>
V6155621;V615562101;QINnJ;1;"2022-07-18 00:00:00";"2022-07-18 19:10:00";4;504;16;0;0;<FLG>
V6155621;V615562101;QINnJ;1;"2022-07-19 00:00:00";"2022-07-19 19:55:00";4;396;16;0;0;<FLG>
V6155621;V615562101;QINnJ;1;"2022-07-20 00:00:00";"2022-07-20 19:40:00";4;243;16;0;0;<FLG>
V6155621;V615562101;QINnJ;1;"2022-07-21 00:00:00";"2022-07-21 20:15:00";4;348;16;0;0;<FLG>
V6155621;V615562101;QINnJ;1;"2022-07-22 00:00:00";"2022-07-22 19:30:00";4;322;16;0;0;<FLG>
V6155621;V615562101;QINnJ;1;"2022-07-23 00:00:00";"2022-07-23 18:05:00";4;501;16;0;0;<FLG>
V6155621;V615562101;QINnJ;1;"2022-07-24 00:00:00";"2022-07-24 04:30:00";4;704;16;0;0;<FLG>
V6155621;V615562101;QINnJ;1;"2022-07-25 00:00:00";"2022-07-25 19:20:00";4;524;16;0;0;<FLG>
V6155621;V615562101;QINnJ;1;"2022-07-26 00:00:00";"2022-07-26 19:40:00";4;62;16;0;0;<FLG>
V6155621;V615562101;QINnJ;1;"2022-07-27 00:00:00";"2022-07-27 19:35:00";4;199;16;0;0;<FLG>
V6155621;V615562101;QINnJ;1;"2022-07-28 00:00:00";"2022-07-28 18:40:00";4;511;16;0;0;<FLG>
V6155621;V615562101;QINnJ;1;"2022-07-29 00:00:00";"2022-07-29 19:35:00";4;293;16;0;0;<FLG>
V6155621;V615562101;QINnJ;1;"2022-07-30 00:00:00";"2022-07-30 21:55:00";4;1349;16;0;0;<FLG>
V6155621;V615562101;QINnJ;1;"2022-07-31 00:00:00";"2022-07-31 23:59:59";4;2024;16;8;0;<FLG>
V6155621;V615562101;QINnJ;1;"2022-08-01 00:00:00";"2022-08-01 23:59:59";4;1996;16;8;0;<FLG>
V6155621;V615562101;QINnJ;1;"2022-08-02 00:00:00";"2022-08-02 19:15:00";4;294;16;0;0;<FLG>
V6155621;V615562101;QINnJ;1;"2022-08-03 00:00:00";"2022-08-03 05:05:00";4;158;16;0;0;<FLG>
V6155621;V615562101;QINnJ;1;"2022-08-04 00:00:00";"2022-08-04 19:05:00";4;385;16;0;0;<FLG>
V6155621;V615562101;QINnJ;1;"2022-09-10 00:00:00";"2022-09-10 00:00:00";4;0;16;0;1;<FLG>
V6155621;V615562101;QINnJ;1;"2022-09-11 00:00:00";"2022-09-11 00:00:00";4;0;16;0;0;<FLG>
V6155621;V615562101;QINnJ;1;"2022-09-12 00:00:00";"2022-09-12 00:00:00";4;0;16;0;0;<FLG>
V6155621;V615562101;QINnJ;1;"2022-09-13 00:00:00";"2022-09-13 00:00:00";4;0;16;0;0;<FLG>
V6155621;V615562101;QINnJ;1;"2022-09-14 00:00:00";"2022-09-14 00:00:00";4;0;16;0;0;<FLG>
V6155621;V615562101;QINnJ;1;"2022-09-15 00:00:00";"2022-09-15 00:00:00";4;0;16;0;0;<FLG>
V6155621;V615562101;QINnJ;1;"2022-09-16 00:00:00";"2022-09-16 00:00:00";4;0;16;0;0;<FLG>
V6155621;V615562101;QINnJ;1;"2022-09-17 00:00:00";"2022-09-17 00:00:00";4;0;16;0;0;<FLG>
V6155621;V615562101;QINnJ;1;"2022-09-18 00:00:00";"2022-09-18 00:00:00";4;0;16;0;0;<FLG>
V6155621;V615562101;QINnJ;1;"2022-09-19 00:00:00";"2022-09-19 00:00:00";4;0;16;0;0;<FLG>
V6155621;V615562101;QINnJ;1;"2022-09-20 00:00:00";"2022-09-20 00:00:00";4;0;16;0;0;<FLG>
V6155621;V615562101;QINnJ;1;"2022-09-21 00:00:00";"2022-09-21 00:00:00";4;0;16;0;0;<FLG>
V6155621;V615562101;QINnJ;1;"2022-09-22 00:00:00";"2022-09-22 00:00:00";4;0;16;0;0;<FLG>
V6155621;V615562101;QINnJ;1;"2022-09-23 00:00:00";"2022-09-23 00:00:00";4;0;16;0;0;<FLG>
V6155621;V615562101;QINnJ;1;"2022-09-24 00:00:00";"2022-09-24 00:00:00";4;0;16;0;0;<FLG>
V6155621;V615562101;QINnJ;1;"2022-09-25 00:00:00";"2022-09-25 00:00:00";4;0;16;0;0;<FLG>
V6155621;V615562101;QINnJ;1;"2022-09-26 00:00:00";"2022-09-26 00:00:00";4;0;16;0;0;<FLG>
V6155621;V615562101;QINnJ;1;"2022-09-27 00:00:00";"2022-09-27 00:00:00";4;0;16;0;0;<FLG>
V6155621;V615562101;QINnJ;1;"2022-09-28 00:00:00";"2022-09-28 00:00:00";4;0;16;0;0;<FLG>
V6155621;V615562101;QINnJ;1;"2022-09-29 00:00:00";"2022-09-29 00:00:00";4;0;16;0;0;<FLG>
V6155621;V615562101;QINnJ;1;"2022-09-30 00:00:00";"2022-09-30 00:00:00";4;0;16;0;0;<FLG>
V6155621;V615562101;QINnJ;1;"2022-10-01 00:00:00";"2022-10-01 00:00:00";4;0;16;0;0;<FLG>
V6155621;V615562101;QINnJ;1;"2022-10-02 00:00:00";"2022-10-02 00:00:00";4;0;16;0;0;<FLG>
V6155621;V615562101;QINnJ;1;"2022-10-03 00:00:00";"2022-10-03 00:00:00";4;0;16;0;0;<FLG>
V6155621;V615562101;QINnJ;1;"2022-10-04 00:00:00";"2022-10-04 00:00:00";4;0;16;0;0;<FLG>
V6155621;V615562101;QINnJ;1;"2022-10-05 00:00:00";"2022-10-05 00:00:00";4;0;16;0;0;<FLG>
V6155621;V615562101;QINnJ;1;"2022-10-06 00:00:00";"2022-10-06 00:00:00";4;0;16;0;0;<FLG>
V6155621;V615562101;QINnJ;1;"2022-10-07 00:00:00";"2022-10-07 00:00:00";4;0;16;0;0;<FLG>
V6155621;V615562101;QINnJ;1;"2022-10-08 00:00:00";"2022-10-08 00:00:00";4;0;16;0;0;<FLG>
V6155621;V615562101;QINnJ;1;"2022-10-09 00:00:00";"2022-10-09 00:00:00";4;0;16;0;0;<FLG>
V6155621;V615562101;QINnJ;1;"2022-10-10 00:00:00";"2022-10-10 00:00:00";4;0;16;0;0;<FLG>
V6155621;V615562101;QINnJ;1;"2022-10-11 00:00:00";"2022-10-11 00:00:00";4;0;16;8;0;<FLG>
V6155621;V615562101;QINnJ;1;"2022-10-12 00:00:00";"2022-10-12 00:00:00";4;0;16;0;0;<FLG>
V6155621;V615562101;QINnJ;1;"2022-10-13 00:00:00";"2022-10-13 00:00:00";4;0;16;0;0;<FLG>
V6155621;V615562101;QINnJ;1;"2022-10-14 00:00:00";"2022-10-14 00:00:00";4;0;16;0;0;<FLG>
V6155621;V615562101;QINnJ;1;"2022-10-15 00:00:00";"2022-10-15 00:00:00";4;0;16;0;0;<FLG>
V6155621;V615562101;QINnJ;1;"2022-10-16 00:00:00";"2022-10-16 00:00:00";4;0;16;0;0;<FLG>
V6155621;V615562101;QINnJ;1;"2022-10-17 00:00:00";"2022-10-17 00:00:00";4;0;16;0;0;<FLG>
V6155621;V615562101;QINnJ;1;"2022-10-18 00:00:00";"2022-10-18 00:00:00";4;0;16;0;0;<FLG>
V6155621;V615562101;QINnJ;1;"2022-10-19 00:00:00";"2022-10-19 00:00:00";4;0;16;0;0;<FLG>
V6155621;V615562101;QINnJ;1;"2022-10-20 00:00:00";"2022-10-20 00:00:00";4;0;16;0;0;<FLG>
V6155621;V615562101;QINnJ;1;"2022-10-21 00:00:00";"2022-10-21 00:00:00";4;0;16;0;0;<FLG>
V6155621;V615562101;QINnJ;1;"2022-10-22 00:00:00";"2022-10-22 00:00:00";4;0;16;0;0;<FLG>
V6155621;V615562101;QINnJ;1;"2022-10-23 00:00:00";"2022-10-23 00:00:00";4;0;16;0;0;<FLG>
V6155621;V615562101;QINnJ;1;"2022-10-24 00:00:00";"2022-10-24 00:00:00";4;0;16;0;0;<FLG>
V6155621;V615562101;QINnJ;1;"2022-10-25 00:00:00";"2022-10-25 00:00:00";4;0;16;0;0;<FLG>
V6155621;V615562101;QINnJ;1;"2022-10-26 00:00:00";"2022-10-26 00:00:00";4;0;16;0;0;<FLG>
V6155621;V615562101;QINnJ;1;"2022-10-27 00:00:00";"2022-10-27 00:00:00";4;0;16;0;0;<FLG>
V6155621;V615562101;QINnJ;1;"2022-10-28 00:00:00";"2022-10-28 00:00:00";4;0;16;0;0;<FLG>
V6155621;V615562101;QINnJ;1;"2022-10-29 00:00:00";"2022-10-29 00:00:00";4;0;16;0;0;<FLG>
V6155621;V615562101;QINnJ;1;"2022-10-30 00:00:00";"2022-10-30 00:00:00";4;0;16;0;0;<FLG>
V6155621;V615562101;QINnJ;1;"2022-10-31 00:00:00";"2022-10-31 00:00:00";4;0;16;0;0;<FLG>
V6155621;V615562101;QINnJ;1;"2022-11-01 00:00:00";"2022-11-01 00:00:00";4;0;16;0;0;<FLG>
V6155621;V615562101;QINnJ;1;"2022-11-02 00:00:00";"2022-11-02 00:00:00";4;0;16;0;0;<FLG>
V6155621;V615562101;QINnJ;1;"2022-11-03 00:00:00";"2022-11-03 00:05:00";4;0;16;0;0;<FLG>
V6155621;V615562101;QINnJ;1;"2022-11-04 00:00:00";"2022-11-04 00:00:00";4;0;16;0;0;<FLG>
V6155621;V615562101;QINnJ;1;"2022-11-05 00:00:00";"2022-11-05 00:00:00";4;0;16;0;0;<FLG>
V6155621;V615562101;QINnJ;1;"2022-11-06 00:00:00";"2022-11-06 00:00:00";4;0;16;0;0;<FLG>
V6155621;V615562101;QINnJ;1;"2022-11-07 00:00:00";"2022-11-07 00:00:00";4;0;16;0;0;<FLG>
V6155621;V615562101;QINnJ;1;"2022-11-08 00:00:00";"2022-11-08 00:00:00";4;0;16;0;0;<FLG>
V6155621;V615562101;QINnJ;1;"2022-11-09 00:00:00";"2022-11-09 00:00:00";4;0;16;0;0;<FLG>
V6155621;V615562101;QINnJ;1;"2022-11-10 00:00:00";"2022-11-10 00:00:00";4;0;16;0;0;<FLG>
V6155621;V615562101;QINnJ;1;"2022-11-11 00:00:00";"2022-11-11 00:00:00";4;0;16;0;0;<FLG>
V6155621;V615562101;QINnJ;1;"2022-11-12 00:00:00";"2022-11-12 00:00:00";4;0;16;0;0;<FLG>
V6155621;V615562101;QINnJ;1;"2022-11-13 00:00:00";"2022-11-13 00:00:00";4;0;16;0;0;<FLG>
V6155621;V615562101;QINnJ;1;"2022-11-14 00:00:00";"2022-11-14 00:00:00";4;0;16;0;0;<FLG>
V6155621;V615562101;QINnJ;1;"2022-11-15 00:00:00";"2022-11-15 00:00:00";4;0;16;0;0;<FLG>
V6155621;V615562101;QINnJ;1;"2022-11-16 00:00:00";"2022-11-16 00:00:00";4;0;16;0;0;<FLG>
V6155621;V615562101;QINnJ;1;"2022-11-17 00:00:00";"2022-11-17 00:00:00";4;0;16;0;0;<FLG>
V6155621;V615562101;QINnJ;1;"2022-11-18 00:00:00";"2022-11-18 00:00:00";4;0;16;0;0;<FLG>
V6155621;V615562101;QINnJ;1;"2022-11-19 00:00:00";"2022-11-19 00:00:00";4;0;16;0;0;<FLG>
V6155621;V615562101;QINnJ;1;"2022-11-20 00:00:00";"2022-11-20 00:00:00";4;0;16;0;0;<FLG>
V6155621;V615562101;QINnJ;1;"2022-11-21 00:00:00";"2022-11-21 00:00:00";4;0;16;0;0;<FLG>
V6155621;V615562101;QINnJ;1;"2022-11-22 00:00:00";"2022-11-22 00:00:00";4;0;16;0;0;<FLG>
V6155621;V615562101;QINnJ;1;"2022-11-23 00:00:00";"2022-11-23 00:00:00";4;0;16;0;0;<FLG>
V6155621;V615562101;QINnJ;1;"2022-11-24 00:00:00";"2022-11-24 00:00:00";4;0;16;0;0;<FLG>
V6155621;V615562101;QINnJ;1;"2022-11-25 00:00:00";"2022-11-25 00:00:00";4;0;16;0;0;<FLG>
V6155621;V615562101;QINnJ;1;"2022-11-26 00:00:00";"2022-11-26 00:00:00";4;0;16;0;0;<FLG>
V6155621;V615562101;QINnJ;1;"2022-11-27 00:00:00";"2022-11-27 00:00:00";4;0;16;0;0;<FLG>
V6155621;V615562101;QINnJ;1;"2022-11-28 00:00:00";"2022-11-28 00:00:00";4;0;16;0;0;<FLG>
V6155621;V615562101;QINnJ;1;"2022-11-29 00:00:00";"2022-11-29 00:00:00";4;0;16;0;0;<FLG>
V6155621;V615562101;QINnJ;1;"2022-11-30 00:00:00";"2022-11-30 00:00:00";4;0;16;0;0;<FLG>
V6155621;V615562101;QINnJ;1;"2022-12-01 00:00:00";"2022-12-01 00:00:00";4;0;16;0;0;<FLG>
V6155621;V615562101;QINnJ;1;"2022-12-02 00:00:00";"2022-12-02 00:00:00";4;0;16;0;0;<FLG>
V6155020;V615502002;QINnJ;1;"2016-03-03 00:00:00";"2016-03-03 00:00:00";16;17395;20;10;0;<FLG>
V6155020;V615502002;QINnJ;1;"2016-03-04 00:00:00";"2016-03-04 00:00:00";16;17415;20;10;0;<FLG>
V6155020;V615502002;QINnJ;1;"2016-03-05 00:00:00";"2016-03-05 00:00:00";16;17436;20;10;0;<FLG>
V6155020;V615502002;QINnJ;1;"2016-03-06 00:00:00";"2016-03-06 00:00:00";16;17456;20;10;0;<FLG>
V6155020;V615502002;QINnJ;1;"2016-03-07 00:00:00";"2016-03-07 00:00:00";16;17543;20;10;0;<FLG>
V6155020;V615502002;QINnJ;1;"2016-03-08 00:00:00";"2016-03-08 00:00:00";16;17699;20;10;0;<FLG>
V6155020;V615502002;QINnJ;1;"2016-03-09 00:00:00";"2016-03-09 23:59:59";16;17782;20;10;0;<FLG>
V6155020;V615502002;QINnJ;1;"2016-03-10 00:00:00";"2016-03-10 23:59:59";16;17480;20;10;0;<FLG>
V6155020;V615502002;QINnJ;1;"2016-03-11 00:00:00";"2016-03-11 23:59:59";16;17162;20;10;0;<FLG>
V6155020;V615502002;QINnJ;1;"2016-03-12 00:00:00";"2016-03-12 23:59:59";16;16847;20;10;0;<FLG>
V6155020;V615502002;QINnJ;1;"2016-03-13 00:00:00";"2016-03-13 23:59:59";16;16555;20;10;0;<FLG>
V6155020;V615502002;QINnJ;1;"2016-03-14 00:00:00";"2016-03-14 23:59:59";16;16264;20;10;0;<FLG>
V6155020;V615502002;QINnJ;1;"2016-03-15 00:00:00";"2016-03-15 23:59:59";16;15973;20;10;0;<FLG>
V6155020;V615502002;QINnJ;1;"2016-03-16 00:00:00";"2016-03-16 23:59:59";16;15682;20;10;0;<FLG>
V6155020;V615502002;QINnJ;1;"2016-03-17 00:00:00";"2016-03-17 23:59:59";16;15502;20;10;0;<FLG>
V6155020;V615502002;QINnJ;1;"2016-03-18 00:00:00";"2016-03-18 12:00:00";16;15467;20;10;0;<FLG>
V6155020;V615502002;QINnJ;1;"2016-03-19 00:00:00";"2016-03-19 00:00:00";16;15480;20;10;0;<FLG>
V6155020;V615502002;QINnJ;1;"2016-03-20 00:00:00";"2016-03-20 00:00:00";16;15505;20;10;0;<FLG>
V6155020;V615502002;QINnJ;1;"2016-03-21 00:00:00";"2016-03-21 00:00:00";16;15531;20;10;0;<FLG>
V6155020;V615502002;QINnJ;1;"2016-03-22 00:00:00";"2016-03-22 00:00:00";16;15556;20;10;0;<FLG>
V6155020;V615502002;QINnJ;1;"2016-03-23 00:00:00";"2016-03-23 23:59:59";16;15498;20;10;0;<FLG>
V6155020;V615502002;QINnJ;1;"2016-03-24 00:00:00";"2016-03-24 23:59:59";16;15304;20;10;0;<FLG>
V6155020;V615502002;QINnJ;1;"2016-03-25 00:00:00";"2016-03-25 23:59:59";16;15110;20;10;0;<FLG>
V6155020;V615502002;QINnJ;1;"2016-03-26 00:00:00";"2016-03-26 23:59:59";16;14894;20;10;0;<FLG>
V6155020;V615502002;QINnJ;1;"2016-03-27 00:00:00";"2016-03-27 23:59:59";16;14651;20;10;0;<FLG>
V6155020;V615502002;QINnJ;1;"2016-03-28 00:00:00";"2016-03-28 23:59:59";16;14408;20;10;0;<FLG>
V6155020;V615502002;QINnJ;1;"2016-03-29 00:00:00";"2016-03-29 23:59:59";16;14209;20;10;0;<FLG>
V6155020;V615502002;QINnJ;1;"2016-03-30 00:00:00";"2016-03-30 23:59:59";16;14054;20;10;0;<FLG>
V6155020;V615502002;QINnJ;1;"2016-03-31 00:00:00";"2016-03-31 23:59:59";16;13900;20;10;0;<FLG>
V6155020;V615502002;QINnJ;1;"2016-04-01 00:00:00";"2016-04-01 23:59:59";16;13745;20;10;0;<FLG>
V6155020;V615502002;QINnJ;1;"2016-04-02 00:00:00";"2016-04-02 23:59:59";16;13590;20;10;0;<FLG>
V6155020;V615502002;QINnJ;1;"2016-04-03 00:00:00";"2016-04-03 23:59:59";16;13439;20;10;0;<FLG>
V6155020;V615502002;QINnJ;1;"2016-04-04 00:00:00";"2016-04-04 23:59:59";16;13290;20;10;0;<FLG>
V6155020;V615502002;QINnJ;1;"2016-04-05 00:00:00";"2016-04-05 23:59:59";16;13141;20;10;0;<FLG>
V6155020;V615502002;QINnJ;1;"2016-04-06 00:00:00";"2016-04-06 23:59:59";16;13000;20;10;0;<FLG>
V6155020;V615502002;QINnJ;1;"2016-04-07 00:00:00";"2016-04-07 23:59:59";16;12867;20;10;0;<FLG>
V6155020;V615502002;QINnJ;1;"2016-04-08 00:00:00";"2016-04-08 23:59:59";16;12733;20;10;0;<FLG>
V6155020;V615502002;QINnJ;1;"2016-04-09 00:00:00";"2016-04-09 23:59:59";16;12579;20;10;0;<FLG>
V6155020;V615502002;QINnJ;1;"2016-04-10 00:00:00";"2016-04-10 23:59:59";16;12417;20;10;0;<FLG>
V6155020;V615502002;QINnJ;1;"2016-04-11 00:00:00";"2016-04-11 23:59:59";16;12254;20;10;0;<FLG>
V6155020;V615502002;QINnJ;1;"2016-04-12 00:00:00";"2016-04-12 23:59:59";16;12090;20;10;0;<FLG>
V6155020;V615502002;QINnJ;1;"2016-04-13 00:00:00";"2016-04-13 23:59:59";16;11927;20;10;0;<FLG>
V6155020;V615502002;QINnJ;1;"2016-04-14 00:00:00";"2016-04-14 23:59:59";16;11763;20;10;0;<FLG>
V6155020;V615502002;QINnJ;1;"2016-04-15 00:00:00";"2016-04-15 23:59:59";16;11600;20;10;0;<FLG>
V6155020;V615502002;QINnJ;1;"2016-04-16 00:00:00";"2016-04-16 23:59:59";16;11437;20;10;0;<FLG>
V6155020;V615502002;QINnJ;1;"2016-04-17 00:00:00";"2016-04-17 23:59:59";16;11273;20;10;0;<FLG>
V6155020;V615502002;QINnJ;1;"2016-04-18 00:00:00";"2016-04-18 23:59:59";16;11110;20;10;0;<FLG>
V6155020;V615502002;QINnJ;1;"2016-04-19 00:00:00";"2016-04-19 23:59:59";16;10946;20;10;0;<FLG>
V6155020;V615502002;QINnJ;1;"2016-04-20 00:00:00";"2016-04-20 23:59:59";16;10783;20;10;0;<FLG>
V6155020;V615502002;QINnJ;1;"2016-04-21 00:00:00";"2016-04-21 23:59:59";16;10619;20;10;0;<FLG>
V6155020;V615502002;QINnJ;1;"2016-04-22 00:00:00";"2016-04-22 23:59:59";16;10456;20;10;0;<FLG>
V6155020;V615502002;QINnJ;1;"2016-04-23 00:00:00";"2016-04-23 23:59:59";16;10293;20;10;0;<FLG>
V6155020;V615502002;QINnJ;1;"2016-04-24 00:00:00";"2016-04-24 23:59:59";16;10129;20;10;0;<FLG>
V6155020;V615502002;QINnJ;1;"2016-04-25 00:00:00";"2016-04-25 23:59:59";16;9945;20;10;0;<FLG>
V6155020;V615502002;QINnJ;1;"2016-04-26 00:00:00";"2016-04-26 23:59:59";16;9756;20;10;0;<FLG>
V6155020;V615502002;QINnJ;1;"2016-04-27 00:00:00";"2016-04-27 23:59:59";16;9596;20;10;0;<FLG>
V6155020;V615502002;QINnJ;1;"2016-04-28 00:00:00";"2016-04-28 23:59:59";16;9464;20;10;0;<FLG>
V6155020;V615502002;QINnJ;1;"2016-04-29 00:00:00";"2016-04-29 23:59:59";16;9332;20;10;0;<FLG>
V6155020;V615502002;QINnJ;1;"2016-04-30 00:00:00";"2016-04-30 23:59:59";16;9200;20;10;0;<FLG>
V6155020;V615502002;QINnJ;1;"2016-05-01 00:00:00";"2016-05-01 23:59:59";16;9068;20;10;0;<FLG>
V6155020;V615502002;QINnJ;1;"2016-05-02 00:00:00";"2016-05-02 23:59:59";16;8936;20;10;0;<FLG>
V6155020;V615502002;QINnJ;1;"2016-05-03 00:00:00";"2016-05-03 23:59:59";16;8827;20;10;0;<FLG>
V6155020;V615502002;QINnJ;1;"2016-05-04 00:00:00";"2016-05-04 23:59:59";16;8740;20;10;0;<FLG>
V6155020;V615502002;QINnJ;1;"2016-05-05 00:00:00";"2016-05-05 23:59:59";16;8654;20;10;0;<FLG>
V6155020;V615502002;QINnJ;1;"2016-05-06 00:00:00";"2016-05-06 23:59:59";16;8568;20;10;0;<FLG>
V6155020;V615502002;QINnJ;1;"2016-05-07 00:00:00";"2016-05-07 23:59:59";16;8481;20;10;0;<FLG>
V6155020;V615502002;QINnJ;1;"2016-05-08 00:00:00";"2016-05-08 23:59:59";16;8395;20;10;0;<FLG>
V6155020;V615502002;QINnJ;1;"2016-05-09 00:00:00";"2016-05-09 23:59:59";16;8308;20;10;0;<FLG>
V6155020;V615502002;QINnJ;1;"2016-05-10 00:00:00";"2016-05-10 12:00:00";16;8265;20;10;0;<FLG>
V6155020;V615502002;QINnJ;1;"2016-05-11 00:00:00";"2016-05-11 00:00:00";16;9173;20;10;0;<FLG>
V6155020;V615502002;QINnJ;1;"2016-05-12 00:00:00";"2016-05-12 00:00:00";16;10868;20;10;0;<FLG>
V6155020;V615502002;QINnJ;1;"2016-05-13 00:00:00";"2016-05-13 00:00:00";16;12263;20;10;0;<FLG>
V6155020;V615502002;QINnJ;1;"2016-05-14 00:00:00";"2016-05-14 00:00:00";16;13348;20;10;0;<FLG>
V6155020;V615502002;QINnJ;1;"2016-05-15 00:00:00";"2016-05-15 23:59:59";16;13273;20;10;0;<FLG>
V6155020;V615502002;QINnJ;1;"2016-05-16 00:00:00";"2016-05-16 23:59:59";16;12887;20;10;0;<FLG>
V6155020;V615502002;QINnJ;1;"2016-05-17 00:00:00";"2016-05-17 23:59:59";16;12458;20;10;0;<FLG>
V6155020;V615502002;QINnJ;1;"2016-05-18 00:00:00";"2016-05-18 23:59:59";16;11991;20;10;0;<FLG>
V6155020;V615502002;QINnJ;1;"2016-05-19 00:00:00";"2016-05-19 23:59:59";16;11634;20;10;0;<FLG>
V6155020;V615502002;QINnJ;1;"2016-05-20 00:00:00";"2016-05-20 23:59:59";16;11385;20;10;0;<FLG>
V6155020;V615502002;QINnJ;1;"2016-05-21 00:00:00";"2016-05-21 23:59:59";16;11136;20;10;0;<FLG>
V6155020;V615502002;QINnJ;1;"2016-05-22 00:00:00";"2016-05-22 23:59:59";16;10887;20;10;0;<FLG>
V6155020;V615502002;QINnJ;1;"2016-05-23 00:00:00";"2016-05-23 23:59:59";16;10639;20;10;0;<FLG>
V6155020;V615502002;QINnJ;1;"2016-05-24 00:00:00";"2016-05-24 23:59:59";16;10390;20;10;0;<FLG>
V6155020;V615502002;QINnJ;1;"2016-05-25 00:00:00";"2016-05-25 23:59:59";16;10141;20;10;0;<FLG>
V6155020;V615502002;QINnJ;1;"2016-05-26 00:00:00";"2016-05-26 23:59:59";16;9860;20;10;0;<FLG>
V6155020;V615502002;QINnJ;1;"2016-05-27 00:00:00";"2016-05-27 23:59:59";16;9573;20;10;0;<FLG>
V6155020;V615502002;QINnJ;1;"2016-05-28 00:00:00";"2016-05-28 23:59:59";16;9371;20;10;0;<FLG>
V6155020;V615502002;QINnJ;1;"2016-05-29 00:00:00";"2016-05-29 23:59:59";16;9254;20;10;0;<FLG>
V6155020;V615502002;QINnJ;1;"2016-05-30 00:00:00";"2016-05-30 23:59:59";16;9146;20;10;0;<FLG>
V6155020;V615502002;QINnJ;1;"2016-05-31 00:00:00";"2016-05-31 23:59:59";16;9045;20;10;0;<FLG>
V6155020;V615502002;QINnJ;1;"2016-06-01 00:00:00";"2016-06-01 23:59:59";16;8944;20;10;0;<FLG>
V6155020;V615502002;QINnJ;1;"2016-06-02 00:00:00";"2016-06-02 23:59:59";16;8843;20;10;0;<FLG>
V6155020;V615502002;QINnJ;1;"2016-06-03 00:00:00";"2016-06-03 23:59:59";16;8742;20;10;0;<FLG>
V6155020;V615502002;QINnJ;1;"2016-06-04 00:00:00";"2016-06-04 23:59:59";16;8641;20;10;0;<FLG>
V6155020;V615502002;QINnJ;1;"2016-06-05 00:00:00";"2016-06-05 12:00:00";16;8591;20;10;0;<FLG>
V6155020;V615502002;QINnJ;1;"2016-06-06 00:00:00";"2016-06-06 00:00:00";16;8591;20;10;0;<FLG>
V6155020;V615502002;QINnJ;1;"2016-06-07 00:00:00";"2016-06-07 00:00:00";16;8591;20;10;0;<FLG>
V6155020;V615502002;QINnJ;1;"2016-06-08 00:00:00";"2016-06-08 00:00:00";16;8591;20;10;0;<FLG>
V6155020;V615502002;QINnJ;1;"2016-06-09 00:00:00";"2016-06-09 23:59:59";16;8529;20;10;0;<FLG>
V6155020;V615502002;QINnJ;1;"2016-06-10 00:00:00";"2016-06-10 23:59:59";16;8405;20;10;0;<FLG>
V6155020;V615502002;QINnJ;1;"2016-06-11 00:00:00";"2016-06-11 23:59:59";16;8280;20;10;0;<FLG>
V6155020;V615502002;QINnJ;1;"2016-06-12 00:00:00";"2016-06-12 23:59:59";16;8178;20;10;0;<FLG>
V6155020;V615502002;QINnJ;1;"2016-06-13 00:00:00";"2016-06-13 23:59:59";16;8099;20;10;0;<FLG>
V6155020;V615502002;QINnJ;1;"2016-06-14 00:00:00";"2016-06-14 23:59:59";16;8019;20;10;0;<FLG>
V6155020;V615502002;QINnJ;1;"2016-06-15 00:00:00";"2016-06-15 23:59:59";16;7939;20;10;0;<FLG>
V6155020;V615502002;QINnJ;1;"2016-06-16 00:00:00";"2016-06-16 23:59:59";16;7859;20;10;0;<FLG>
V6155020;V615502002;QINnJ;1;"2016-06-17 00:00:00";"2016-06-17 23:59:59";16;7779;20;10;0;<FLG>
V6155020;V615502002;QINnJ;1;"2016-06-18 00:00:00";"2016-06-18 23:59:59";16;7700;20;10;0;<FLG>
V6155020;V615502002;QINnJ;1;"2016-06-19 00:00:00";"2016-06-19 23:59:59";16;7612;20;10;0;<FLG>
V6155020;V615502002;QINnJ;1;"2016-06-20 00:00:00";"2016-06-20 23:59:59";16;7519;20;10;0;<FLG>
V6155020;V615502002;QINnJ;1;"2016-06-21 00:00:00";"2016-06-21 23:59:59";16;7426;20;10;0;<FLG>
V6155020;V615502002;QINnJ;1;"2016-06-22 00:00:00";"2016-06-22 23:59:59";16;7334;20;10;0;<FLG>
V6155020;V615502002;QINnJ;1;"2016-06-23 00:00:00";"2016-06-23 23:59:59";16;7241;20;10;0;<FLG>
V6155020;V615502002;QINnJ;1;"2016-06-24 00:00:00";"2016-06-24 23:59:59";16;7148;20;10;0;<FLG>
V6155020;V615502002;QINnJ;1;"2016-06-25 00:00:00";"2016-06-25 23:59:59";16;7056;20;10;0;<FLG>
V6155020;V615502002;QINnJ;1;"2016-06-26 00:00:00";"2016-06-26 23:59:59";16;6967;20;10;0;<FLG>
V6155020;V615502002;QINnJ;1;"2016-06-27 00:00:00";"2016-06-27 23:59:59";16;6882;20;10;0;<FLG>
V6155020;V615502002;QINnJ;1;"2016-06-28 00:00:00";"2016-06-28 23:59:59";16;6797;20;10;0;<FLG>
V6155020;V615502002;QINnJ;1;"2016-06-29 00:00:00";"2016-06-29 23:59:59";16;6712;20;10;0;<FLG>
V6155020;V615502002;QINnJ;1;"2016-06-30 00:00:00";"2016-06-30 23:59:59";16;6627;20;10;0;<FLG>
V6155020;V615502002;QINnJ;1;"2016-07-01 00:00:00";"2016-07-01 23:59:59";16;6542;20;10;0;<FLG>
V6155020;V615502002;QINnJ;1;"2016-07-02 00:00:00";"2016-07-02 23:59:59";16;6457;20;10;0;<FLG>
V6155020;V615502002;QINnJ;1;"2016-07-03 00:00:00";"2016-07-03 23:59:59";16;6383;20;10;0;<FLG>
V6155020;V615502002;QINnJ;1;"2016-07-04 00:00:00";"2016-07-04 23:59:59";16;6320;20;10;0;<FLG>
V6155020;V615502002;QINnJ;1;"2016-07-05 00:00:00";"2016-07-05 23:59:59";16;6257;20;10;0;<FLG>
V6155020;V615502002;QINnJ;1;"2016-07-06 00:00:00";"2016-07-06 23:59:59";16;6193;20;10;0;<FLG>
V6155020;V615502002;QINnJ;1;"2016-07-07 00:00:00";"2016-07-07 18:44:00";16;6144;20;10;0;<FLG>
V6155020;V615502002;QINnJ;1;"2016-07-08 00:00:00";"2016-07-08 00:00:00";16;6144;20;10;0;<FLG>
V6155020;V615502002;QINnJ;1;"2016-07-09 00:00:00";"2016-07-09 00:00:00";16;6144;20;10;0;<FLG>
V6155020;V615502002;QINnJ;1;"2016-07-10 00:00:00";"2016-07-10 23:59:59";16;6108;20;10;0;<FLG>
V6155020;V615502002;QINnJ;1;"2016-07-11 00:00:00";"2016-07-11 23:59:59";16;6072;20;10;0;<FLG>
V6155020;V615502002;QINnJ;1;"2016-07-12 00:00:00";"2016-07-12 23:59:59";16;6036;20;10;0;<FLG>
V6155020;V615502002;QINnJ;1;"2016-07-13 00:00:00";"2016-07-13 23:59:59";16;5999;20;10;0;<FLG>
V6155020;V615502002;QINnJ;1;"2016-07-14 00:00:00";"2016-07-14 23:59:59";16;5960;20;10;0;<FLG>
V6155020;V615502002;QINnJ;1;"2016-07-15 00:00:00";"2016-07-15 23:59:59";16;5919;20;10;0;<FLG>
V6155020;V615502002;QINnJ;1;"2016-07-16 00:00:00";"2016-07-16 23:59:59";16;5877;20;10;0;<FLG>
V6155020;V615502002;QINnJ;1;"2016-07-17 00:00:00";"2016-07-17 23:59:59";16;5836;20;10;0;<FLG>
V6155020;V615502002;QINnJ;1;"2016-07-18 00:00:00";"2016-07-18 23:59:59";16;5794;20;10;0;<FLG>
V6155020;V615502002;QINnJ;1;"2016-07-19 00:00:00";"2016-07-19 23:59:59";16;5753;20;10;0;<FLG>
V6155020;V615502002;QINnJ;1;"2016-07-20 00:00:00";"2016-07-20 23:59:59";16;5712;20;10;0;<FLG>
V6155020;V615502002;QINnJ;1;"2016-07-21 00:00:00";"2016-07-21 23:59:59";16;5670;20;10;0;<FLG>
V6155020;V615502002;QINnJ;1;"2016-07-22 00:00:00";"2016-07-22 23:59:59";16;5636;20;10;0;<FLG>
V6155020;V615502002;QINnJ;1;"2016-07-23 00:00:00";"2016-07-23 23:59:59";16;5608;20;10;0;<FLG>
V6155020;V615502002;QINnJ;1;"2016-07-24 00:00:00";"2016-07-24 23:59:59";16;5581;20;10;0;<FLG>
V6155020;V615502002;QINnJ;1;"2016-07-25 00:00:00";"2016-07-25 23:59:59";16;5553;20;10;0;<FLG>
V6155020;V615502002;QINnJ;1;"2016-07-26 00:00:00";"2016-07-26 23:59:59";16;5526;20;10;0;<FLG>
V6155020;V615502002;QINnJ;1;"2016-07-27 00:00:00";"2016-07-27 23:59:59";16;5498;20;10;0;<FLG>
V6155020;V615502002;QINnJ;1;"2016-07-28 00:00:00";"2016-07-28 23:59:59";16;5468;20;10;0;<FLG>
V6155020;V615502002;QINnJ;1;"2016-07-29 00:00:00";"2016-07-29 23:59:59";16;5435;20;10;0;<FLG>
V6155020;V615502002;QINnJ;1;"2016-07-30 00:00:00";"2016-07-30 23:59:59";16;5402;20;10;0;<FLG>
V6155020;V615502002;QINnJ;1;"2016-07-31 00:00:00";"2016-07-31 23:59:59";16;5369;20;10;0;<FLG>
V6155020;V615502002;QINnJ;1;"2016-08-01 00:00:00";"2016-08-01 23:59:59";16;5335;20;10;0;<FLG>
V6155020;V615502002;QINnJ;1;"2016-08-02 00:00:00";"2016-08-02 23:59:59";16;5302;20;10;0;<FLG>
V6155020;V615502002;QINnJ;1;"2016-08-03 00:00:00";"2016-08-03 23:59:59";16;5269;20;10;0;<FLG>
V6155020;V615502002;QINnJ;1;"2016-08-04 00:00:00";"2016-08-04 23:59:59";16;5236;20;10;0;<FLG>
V6155020;V615502002;QINnJ;1;"2016-08-05 00:00:00";"2016-08-05 23:59:59";16;5203;20;10;0;<FLG>
V6155020;V615502002;QINnJ;1;"2016-08-06 00:00:00";"2016-08-06 23:59:59";16;5170;20;10;0;<FLG>
V6155020;V615502002;QINnJ;1;"2016-08-07 00:00:00";"2016-08-07 23:59:59";16;5140;20;10;0;<FLG>
V6155020;V615502002;QINnJ;1;"2016-08-08 00:00:00";"2016-08-08 23:59:59";16;5112;20;10;0;<FLG>
V6155020;V615502002;QINnJ;1;"2016-08-09 00:00:00";"2016-08-09 23:59:59";16;5085;20;10;0;<FLG>
V6155020;V615502002;QINnJ;1;"2016-08-10 00:00:00";"2016-08-10 23:59:59";16;5057;20;10;0;<FLG>
V6155020;V615502002;QINnJ;1;"2016-08-11 00:00:00";"2016-08-11 23:59:59";16;5029;20;10;0;<FLG>
V6155020;V615502002;QINnJ;1;"2016-08-12 00:00:00";"2016-08-12 23:59:59";16;5002;20;10;0;<FLG>
V6155020;V615502002;QINnJ;1;"2016-08-13 00:00:00";"2016-08-13 23:59:59";16;4974;20;10;0;<FLG>
V6155020;V615502002;QINnJ;1;"2016-08-14 00:00:00";"2016-08-14 23:59:59";16;4947;20;10;0;<FLG>
V6155020;V615502002;QINnJ;1;"2016-08-15 00:00:00";"2016-08-15 23:59:59";16;4922;20;10;0;<FLG>
V6155020;V615502002;QINnJ;1;"2016-08-16 00:00:00";"2016-08-16 23:59:59";16;4900;20;10;0;<FLG>
V6155020;V615502002;QINnJ;1;"2016-08-17 00:00:00";"2016-08-17 23:59:59";16;4878;20;10;0;<FLG>
V6155020;V615502002;QINnJ;1;"2016-08-18 00:00:00";"2016-08-18 23:59:59";16;4856;20;10;0;<FLG>
V6155020;V615502002;QINnJ;1;"2016-08-19 00:00:00";"2016-08-19 23:59:59";16;4834;20;10;0;<FLG>
V6155020;V615502002;QINnJ;1;"2016-08-20 00:00:00";"2016-08-20 23:59:59";16;4812;20;10;0;<FLG>
V6155020;V615502002;QINnJ;1;"2016-08-21 00:00:00";"2016-08-21 23:59:59";16;4757;20;10;0;<FLG>
V6155020;V615502002;QINnJ;1;"2016-08-22 00:00:00";"2016-08-22 23:59:59";16;4710;20;10;0;<FLG>
V6155020;V615502002;QINnJ;1;"2016-08-23 00:00:00";"2016-08-23 23:59:59";16;4704;20;10;0;<FLG>
V6155020;V615502002;QINnJ;1;"2016-08-24 00:00:00";"2016-08-24 23:59:59";16;4699;20;10;0;<FLG>
V6155020;V615502002;QINnJ;1;"2016-08-25 00:00:00";"2016-08-25 23:59:59";16;4693;20;10;0;<FLG>
V6155020;V615502002;QINnJ;1;"2016-08-26 00:00:00";"2016-08-26 23:59:59";16;4679;20;10;0;<FLG>
V6155020;V615502002;QINnJ;1;"2016-08-27 00:00:00";"2016-08-27 23:59:59";16;4657;20;10;0;<FLG>
V6155020;V615502002;QINnJ;1;"2016-08-28 00:00:00";"2016-08-28 23:59:59";16;4635;20;10;0;<FLG>
V6155020;V615502002;QINnJ;1;"2016-08-29 00:00:00";"2016-08-29 23:59:59";16;4613;20;10;0;<FLG>
V6155020;V615502002;QINnJ;1;"2016-08-30 00:00:00";"2016-08-30 23:59:59";16;4591;20;10;0;<FLG>
V6155020;V615502002;QINnJ;1;"2016-08-31 00:00:00";"2016-08-31 23:59:59";16;4571;20;10;0;<FLG>
V6155020;V615502002;QINnJ;1;"2016-09-01 00:00:00";"2016-09-01 23:59:59";16;4554;20;10;0;<FLG>
V6155020;V615502002;QINnJ;1;"2016-09-02 00:00:00";"2016-09-02 23:59:59";16;4536;20;10;0;<FLG>
V6155020;V615502002;QINnJ;1;"2016-09-03 00:00:00";"2016-09-03 23:59:59";16;4518;20;10;0;<FLG>
V6155020;V615502002;QINnJ;1;"2016-09-04 00:00:00";"2016-09-04 23:59:59";16;4501;20;10;0;<FLG>
V6155020;V615502002;QINnJ;1;"2016-09-05 00:00:00";"2016-09-05 23:59:59";16;4486;20;10;0;<FLG>
V6155020;V615502002;QINnJ;1;"2016-09-06 00:00:00";"2016-09-06 23:59:59";16;4473;20;10;0;<FLG>
V6155020;V615502002;QINnJ;1;"2016-09-07 00:00:00";"2016-09-07 23:59:59";16;4460;20;10;0;<FLG>
V6155020;V615502002;QINnJ;1;"2016-09-08 00:00:00";"2016-09-08 23:59:59";16;4448;20;10;0;<FLG>
V6155020;V615502002;QINnJ;1;"2016-09-09 00:00:00";"2016-09-09 23:59:59";16;4438;20;10;0;<FLG>
V6155020;V615502002;QINnJ;1;"2016-09-10 00:00:00";"2016-09-10 23:59:59";16;4427;20;10;0;<FLG>
V6155020;V615502002;QINnJ;1;"2016-09-11 00:00:00";"2016-09-11 23:59:59";16;4417;20;10;0;<FLG>
V6155020;V615502002;QINnJ;1;"2016-09-12 00:00:00";"2016-09-12 12:00:00";16;4412;20;10;0;<FLG>
V6155020;V615502002;QINnJ;1;"2016-09-13 00:00:00";"2016-09-13 00:00:00";16;4412;20;10;0;<FLG>
V6155020;V615502002;QINnJ;1;"2016-09-14 00:00:00";"2016-09-14 00:00:00";16;4412;20;10;0;<FLG>
V6155020;V615502002;QINnJ;1;"2016-09-15 00:00:00";"2016-09-15 00:00:00";16;4412;20;10;0;<FLG>
V6155020;V615502002;QINnJ;1;"2016-09-16 00:00:00";"2016-09-16 00:00:00";16;4453;20;10;0;<FLG>
V6155020;V615502002;QINnJ;1;"2016-09-17 00:00:00";"2016-09-17 00:00:00";16;4553;20;10;0;<FLG>
V6155020;V615502002;QINnJ;1;"2016-09-18 00:00:00";"2016-09-18 23:59:59";16;4536;20;10;0;<FLG>
V6155020;V615502002;QINnJ;1;"2016-09-19 00:00:00";"2016-09-19 23:59:59";16;4492;20;10;0;<FLG>
V6155020;V615502002;QINnJ;1;"2016-09-20 00:00:00";"2016-09-20 23:59:59";16;4448;20;10;0;<FLG>
V6155020;V615502002;QINnJ;1;"2016-09-21 00:00:00";"2016-09-21 23:59:59";16;4412;20;10;0;<FLG>
V6155020;V615502002;QINnJ;1;"2016-09-22 00:00:00";"2016-09-22 23:59:59";16;4379;20;10;0;<FLG>
V6155020;V615502002;QINnJ;1;"2016-09-23 00:00:00";"2016-09-23 23:59:59";16;4350;20;10;0;<FLG>
V6155020;V615502002;QINnJ;1;"2016-09-24 00:00:00";"2016-09-24 23:59:59";16;4320;20;10;0;<FLG>
V6155020;V615502002;QINnJ;1;"2016-09-25 00:00:00";"2016-09-25 23:59:59";16;4291;20;10;0;<FLG>
V6155020;V615502002;QINnJ;1;"2016-09-26 00:00:00";"2016-09-26 12:00:00";16;4276;20;10;0;<FLG>
V6155020;V615502002;QINnJ;1;"2016-09-27 00:00:00";"2016-09-27 00:00:00";16;4276;20;10;0;<FLG>
V6155020;V615502002;QINnJ;1;"2016-09-28 00:00:00";"2016-09-28 00:00:00";16;4276;20;10;0;<FLG>
V6155020;V615502002;QINnJ;1;"2016-09-29 00:00:00";"2016-09-29 00:00:00";16;4276;20;10;0;<FLG>
V6155020;V615502002;QINnJ;1;"2016-09-30 00:00:00";"2016-09-30 00:00:00";16;4276;20;10;0;<FLG>
V6155020;V615502002;QINnJ;1;"2016-10-01 00:00:00";"2016-10-01 00:00:00";16;4276;20;10;0;<FLG>
V6155020;V615502002;QINnJ;1;"2016-10-02 00:00:00";"2016-10-02 00:00:00";16;4276;20;10;0;<FLG>
V6155020;V615502002;QINnJ;1;"2016-10-03 00:00:00";"2016-10-03 00:00:00";16;4276;20;10;0;<FLG>
V6155020;V615502002;QINnJ;1;"2016-10-04 00:00:00";"2016-10-04 00:00:00";16;4283;20;10;0;<FLG>
V6155020;V615502002;QINnJ;1;"2016-10-05 00:00:00";"2016-10-05 23:59:59";16;4292;20;10;0;<FLG>
V6155020;V615502002;QINnJ;1;"2016-10-06 00:00:00";"2016-10-06 23:59:59";16;4269;20;10;0;<FLG>
V6155020;V615502002;QINnJ;1;"2016-10-07 00:00:00";"2016-10-07 23:59:59";16;4247;20;10;0;<FLG>
V6155020;V615502002;QINnJ;1;"2016-10-08 00:00:00";"2016-10-08 23:59:59";16;4224;20;10;0;<FLG>
V6155020;V615502002;QINnJ;1;"2016-10-09 00:00:00";"2016-10-09 23:59:59";16;4208;20;10;0;<FLG>
V6155020;V615502002;QINnJ;1;"2016-10-10 00:00:00";"2016-10-10 23:59:59";16;4199;20;10;0;<FLG>
V6155020;V615502002;QINnJ;1;"2016-10-11 00:00:00";"2016-10-11 12:00:00";16;4194;20;10;0;<FLG>
V6155020;V615502002;QINnJ;1;"2016-10-12 00:00:00";"2016-10-12 00:00:00";16;4693;20;10;0;<FLG>
V6155020;V615502002;QINnJ;1;"2016-10-13 00:00:00";"2016-10-13 00:00:00";16;5801;20;10;0;<FLG>
V6155020;V615502002;QINnJ;1;"2016-10-14 00:00:00";"2016-10-14 00:00:00";16;6893;20;10;0;<FLG>
V6155020;V615502002;QINnJ;1;"2016-10-15 00:00:00";"2016-10-15 00:00:00";16;7937;20;10;0;<FLG>
V6155020;V615502002;QINnJ;1;"2016-10-16 00:00:00";"2016-10-16 00:00:00";16;9149;20;10;0;<FLG>
V6155020;V615502002;QINnJ;1;"2016-10-17 00:00:00";"2016-10-17 00:00:00";16;9987;20;10;0;<FLG>
V6155020;V615502002;QINnJ;1;"2016-10-18 00:00:00";"2016-10-18 00:00:00";16;10365;20;10;0;<FLG>
V6155020;V615502002;QINnJ;1;"2016-10-19 00:00:00";"2016-10-19 23:59:59";16;9778;20;10;0;<FLG>
V6155020;V615502002;QINnJ;1;"2016-10-20 00:00:00";"2016-10-20 23:59:59";16;8893;20;10;0;<FLG>
V6155020;V615502002;QINnJ;1;"2016-10-21 00:00:00";"2016-10-21 23:59:59";16;8102;20;10;0;<FLG>
V6155020;V615502002;QINnJ;1;"2016-10-22 00:00:00";"2016-10-22 12:00:00";16;7706;20;10;0;<FLG>
V6155020;V615502002;QINnJ;1;"2016-10-23 00:00:00";"2016-10-23 00:00:00";16;7764;20;10;0;<FLG>
V6155020;V615502002;QINnJ;1;"2016-10-24 00:00:00";"2016-10-24 00:00:00";16;7881;20;10;0;<FLG>
V6155020;V615502002;QINnJ;1;"2016-10-25 00:00:00";"2016-10-25 00:00:00";16;7939;20;10;0;<FLG>
V6155020;V615502002;QINnJ;1;"2016-10-26 00:00:00";"2016-10-26 23:59:59";16;7823;20;10;0;<FLG>
V6155020;V615502002;QINnJ;1;"2016-10-27 00:00:00";"2016-10-27 23:59:59";16;7523;20;10;0;<FLG>
V6155020;V615502002;QINnJ;1;"2016-10-28 00:00:00";"2016-10-28 23:59:59";16;7144;20;10;0;<FLG>
V6155020;V615502002;QINnJ;1;"2016-10-29 00:00:00";"2016-10-29 23:59:59";16;6847;20;10;0;<FLG>
V6155020;V615502002;QINnJ;1;"2016-10-30 00:00:00";"2016-10-30 23:59:59";16;6631;20;10;0;<FLG>
V6155020;V615502002;QINnJ;1;"2016-10-31 00:00:00";"2016-10-31 23:59:59";16;6414;20;10;0;<FLG>
V6155020;V615502002;QINnJ;1;"2016-11-01 00:00:00";"2016-11-01 23:59:59";16;6198;20;10;0;<FLG>
V6155020;V615502002;QINnJ;1;"2016-11-02 00:00:00";"2016-11-02 23:59:59";16;6022;20;10;0;<FLG>
V6155020;V615502002;QINnJ;1;"2016-11-03 00:00:00";"2016-11-03 23:59:59";16;5884;20;10;0;<FLG>
V6155020;V615502002;QINnJ;1;"2016-11-04 00:00:00";"2016-11-04 12:00:00";16;5815;20;10;0;<FLG>
V6155020;V615502002;QINnJ;1;"2016-11-05 00:00:00";"2016-11-05 00:00:00";16;6117;20;10;0;<FLG>
V6155020;V615502002;QINnJ;1;"2016-11-06 00:00:00";"2016-11-06 00:00:00";16;8568;20;10;0;<FLG>
V6155020;V615502002;QINnJ;1;"2016-11-07 00:00:00";"2016-11-07 00:00:00";16;12197;20;10;0;<FLG>
V6155020;V615502002;QINnJ;1;"2016-11-08 00:00:00";"2016-11-08 23:59:59";16;13376;20;10;0;<FLG>
V6155020;V615502002;QINnJ;1;"2016-11-09 00:00:00";"2016-11-09 23:59:59";16;12656;20;10;0;<FLG>
V6155020;V615502002;QINnJ;1;"2016-11-10 00:00:00";"2016-11-10 23:59:59";16;11820;20;10;0;<FLG>
V6155020;V615502002;QINnJ;1;"2016-11-11 00:00:00";"2016-11-11 23:59:59";16;11011;20;10;0;<FLG>
V6155020;V615502002;QINnJ;1;"2016-11-12 00:00:00";"2016-11-12 23:59:59";16;10385;20;10;0;<FLG>
V6155020;V615502002;QINnJ;1;"2016-11-13 00:00:00";"2016-11-13 23:59:59";16;9918;20;10;0;<FLG>
V6155020;V615502002;QINnJ;1;"2016-11-14 00:00:00";"2016-11-14 23:59:59";16;9481;20;10;0;<FLG>
V6155020;V615502002;QINnJ;1;"2016-11-15 00:00:00";"2016-11-15 23:59:59";16;9120;20;10;0;<FLG>
V6155020;V615502002;QINnJ;1;"2016-11-16 00:00:00";"2016-11-16 23:59:59";16;8760;20;10;0;<FLG>
V6155020;V615502002;QINnJ;1;"2016-11-17 00:00:00";"2016-11-17 23:59:59";16;8399;20;10;0;<FLG>
V6155020;V615502002;QINnJ;1;"2016-11-18 00:00:00";"2016-11-18 12:00:00";16;8218;20;10;0;<FLG>
V6155020;V615502002;QINnJ;1;"2016-11-19 00:00:00";"2016-11-19 00:00:00";16;10415;20;10;0;<FLG>
V6155020;V615502002;QINnJ;1;"2016-11-20 00:00:00";"2016-11-20 00:00:00";16;14025;20;10;0;<FLG>
V6155020;V615502002;QINnJ;1;"2016-11-21 00:00:00";"2016-11-21 00:00:00";16;16786;20;10;0;<FLG>
V6155020;V615502002;QINnJ;1;"2016-11-22 00:00:00";"2016-11-22 00:00:00";16;19154;20;10;0;<FLG>
V6155020;V615502002;QINnJ;1;"2016-11-23 00:00:00";"2016-11-23 00:00:00";16;38755;20;10;0;<FLG>
V6155020;V615502002;QINnJ;1;"2016-11-24 00:00:00";"2016-11-24 00:00:00";16;55310;20;10;0;<FLG>
V6155020;V615502002;QINnJ;1;"2016-11-25 00:00:00";"2016-11-25 00:00:00";16;62413;20;10;0;<FLG>
V6155020;V615502002;QINnJ;1;"2016-11-26 00:00:00";"2016-11-26 00:00:00";16;69415;20;10;0;<FLG>
V6155020;V615502002;QINnJ;1;"2016-11-27 00:00:00";"2016-11-27 23:59:59";16;69131;20;10;0;<FLG>
V6155020;V615502002;QINnJ;1;"2016-11-28 00:00:00";"2016-11-28 23:59:59";16;66308;20;10;0;<FLG>
V6155020;V615502002;QINnJ;1;"2016-11-29 00:00:00";"2016-11-29 23:59:59";16;64017;20;10;0;<FLG>
V6155020;V615502002;QINnJ;1;"2016-11-30 00:00:00";"2016-11-30 23:59:59";16;62070;20;10;0;<FLG>
V6155020;V615502002;QINnJ;1;"2016-12-01 00:00:00";"2016-12-01 23:59:59";16;60466;20;10;0;<FLG>
V6155020;V615502002;QINnJ;1;"2016-12-02 00:00:00";"2016-12-02 23:59:59";16;57602;20;10;0;<FLG>
V6155020;V615502002;QINnJ;1;"2016-12-03 00:00:00";"2016-12-03 23:59:59";16;53478;20;10;0;<FLG>
V6155020;V615502002;QINnJ;1;"2016-12-04 00:00:00";"2016-12-04 23:59:59";16;49353;20;10;0;<FLG>
V6155020;V615502002;QINnJ;1;"2016-12-05 00:00:00";"2016-12-05 23:59:59";16;45229;20;10;0;<FLG>
V6155020;V615502002;QINnJ;1;"2016-12-06 00:00:00";"2016-12-06 23:59:59";16;42346;20;10;0;<FLG>
V6155020;V615502002;QINnJ;1;"2016-12-07 00:00:00";"2016-12-07 23:59:59";16;39536;20;10;0;<FLG>
V6155020;V615502002;QINnJ;1;"2016-12-08 00:00:00";"2016-12-08 23:59:59";16;36868;20;10;0;<FLG>
V6155020;V615502002;QINnJ;1;"2016-12-09 00:00:00";"2016-12-09 23:59:59";16;34332;20;10;0;<FLG>
V6155020;V615502002;QINnJ;1;"2016-12-10 00:00:00";"2016-12-10 23:59:59";16;31613;20;10;0;<FLG>
V6155020;V615502002;QINnJ;1;"2016-12-11 00:00:00";"2016-12-11 23:59:59";16;28895;20;10;0;<FLG>
V6155020;V615502002;QINnJ;1;"2016-12-12 00:00:00";"2016-12-12 23:59:59";16;26497;20;10;0;<FLG>
V6155020;V615502002;QINnJ;1;"2016-12-13 00:00:00";"2016-12-13 23:59:59";16;24554;20;10;0;<FLG>
V6155020;V615502002;QINnJ;1;"2016-12-14 00:00:00";"2016-12-14 23:59:59";16;23002;20;10;0;<FLG>
V6155020;V615502002;QINnJ;1;"2016-12-15 00:00:00";"2016-12-15 23:59:59";16;21612;20;10;0;<FLG>
V6155020;V615502002;QINnJ;1;"2016-12-16 00:00:00";"2016-12-16 23:59:59";16;21258;20;10;0;<FLG>
V6155020;V615502002;QINnJ;1;"2016-12-17 00:00:00";"2016-12-17 23:59:59";16;20725;20;10;0;<FLG>
V6155020;V615502002;QINnJ;1;"2016-12-18 00:00:00";"2016-12-18 23:59:59";16;20120;20;10;0;<FLG>
V6155020;V615502002;QINnJ;1;"2016-12-19 00:00:00";"2016-12-19 23:59:59";16;19838;20;10;0;<FLG>
V6155020;V615502002;QINnJ;1;"2016-12-20 00:00:00";"2016-12-20 23:59:59";16;19612;20;10;0;<FLG>
V6155020;V615502002;QINnJ;1;"2016-12-21 00:00:00";"2016-12-21 23:59:59";16;19474;20;10;0;<FLG>
V6155020;V615502002;QINnJ;1;"2016-12-22 00:00:00";"2016-12-22 23:59:59";16;19399;20;10;0;<FLG>
V6155020;V615502002;QINnJ;1;"2016-12-23 00:00:00";"2016-12-23 23:59:59";16;19244;20;10;0;<FLG>
V6155020;V615502002;QINnJ;1;"2016-12-24 00:00:00";"2016-12-24 23:59:59";16;19010;20;10;0;<FLG>
V6155020;V615502002;QINnJ;1;"2016-12-25 00:00:00";"2016-12-25 23:59:59";16;18775;20;10;0;<FLG>
V6155020;V615502002;QINnJ;1;"2016-12-26 00:00:00";"2016-12-26 23:59:59";16;18521;20;10;0;<FLG>
V6155020;V615502002;QINnJ;1;"2016-12-27 00:00:00";"2016-12-27 23:59:59";16;18254;20;10;0;<FLG>
V6155020;V615502002;QINnJ;1;"2016-12-28 00:00:00";"2016-12-28 23:59:59";16;17986;20;10;0;<FLG>
V6155020;V615502002;QINnJ;1;"2016-12-29 00:00:00";"2016-12-29 23:59:59";16;17723;20;10;0;<FLG>
V6155020;V615502002;QINnJ;1;"2016-12-30 00:00:00";"2016-12-30 23:59:59";16;17463;20;10;0;<FLG>
V6155020;V615502002;QINnJ;1;"2016-12-31 00:00:00";"2016-12-31 23:59:59";16;17192;20;10;0;<FLG>
V6155020;V615502002;QINnJ;1;"2017-01-01 00:00:00";"2017-01-01 23:59:59";16;16899;20;10;0;<FLG>
V6155020;V615502002;QINnJ;1;"2017-01-02 00:00:00";"2017-01-02 23:59:59";16;16635;20;10;0;<FLG>
V6155020;V615502002;QINnJ;1;"2017-01-03 00:00:00";"2017-01-03 23:59:59";16;16400;20;10;0;<FLG>
V6155020;V615502002;QINnJ;1;"2017-01-04 00:00:00";"2017-01-04 23:59:59";16;16165;20;10;0;<FLG>
V6155020;V615502002;QINnJ;1;"2017-01-05 00:00:00";"2017-01-05 23:59:59";16;15929;20;10;0;<FLG>
V6155020;V615502002;QINnJ;1;"2017-01-06 00:00:00";"2017-01-06 23:59:59";16;15694;20;10;0;<FLG>
V6155020;V615502002;QINnJ;1;"2017-01-07 00:00:00";"2017-01-07 23:59:59";16;15459;20;10;0;<FLG>
V6155020;V615502002;QINnJ;1;"2017-01-08 00:00:00";"2017-01-08 23:59:59";16;15223;20;10;0;<FLG>
V6155020;V615502002;QINnJ;1;"2017-01-09 00:00:00";"2017-01-09 23:59:59";16;15010;20;10;0;<FLG>
V6155020;V615502002;QINnJ;1;"2017-01-10 00:00:00";"2017-01-10 23:59:59";16;14773;20;10;0;<FLG>
V6155020;V615502002;QINnJ;1;"2017-01-11 00:00:00";"2017-01-11 23:59:59";16;14533;20;10;0;<FLG>
V6155020;V615502002;QINnJ;1;"2017-01-12 00:00:00";"2017-01-12 23:59:59";16;14293;20;10;0;<FLG>
V6155020;V615502002;QINnJ;1;"2017-01-13 00:00:00";"2017-01-13 23:59:59";16;14053;20;10;0;<FLG>
V6155020;V615502002;QINnJ;1;"2017-01-14 00:00:00";"2017-01-14 23:59:59";16;13829;20;10;0;<FLG>
V6155020;V615502002;QINnJ;1;"2017-01-15 00:00:00";"2017-01-15 23:59:59";16;13621;20;10;0;<FLG>
V6155020;V615502002;QINnJ;1;"2017-01-16 00:00:00";"2017-01-16 23:59:59";16;13412;20;10;0;<FLG>
V6155020;V615502002;QINnJ;1;"2017-01-17 00:00:00";"2017-01-17 23:59:59";16;13204;20;10;0;<FLG>
V6155020;V615502002;QINnJ;1;"2017-01-18 00:00:00";"2017-01-18 23:59:59";16;12996;20;10;0;<FLG>
V6155020;V615502002;QINnJ;1;"2017-01-19 00:00:00";"2017-01-19 23:59:59";16;12787;20;10;0;<FLG>
V6155020;V615502002;QINnJ;1;"2017-01-20 00:00:00";"2017-01-20 23:59:59";16;12554;20;10;0;<FLG>
V6155020;V615502002;QINnJ;1;"2017-01-21 00:00:00";"2017-01-21 23:59:59";16;12302;20;10;0;<FLG>
V6155020;V615502002;QINnJ;1;"2017-01-22 00:00:00";"2017-01-22 23:59:59";16;12086;20;10;0;<FLG>
V6155020;V615502002;QINnJ;1;"2017-01-23 00:00:00";"2017-01-23 23:59:59";16;11905;20;10;0;<FLG>
V6155020;V615502002;QINnJ;1;"2017-01-24 00:00:00";"2017-01-24 23:59:59";16;11727;20;10;0;<FLG>
V6155020;V615502002;QINnJ;1;"2017-01-25 00:00:00";"2017-01-25 23:59:59";16;11553;20;10;0;<FLG>
V6155020;V615502002;QINnJ;1;"2017-01-26 00:00:00";"2017-01-26 23:59:59";16;11378;20;10;0;<FLG>
V6155020;V615502002;QINnJ;1;"2017-01-27 00:00:00";"2017-01-27 23:59:59";16;11231;20;10;0;<FLG>
V6155020;V615502002;QINnJ;1;"2017-01-28 00:00:00";"2017-01-28 23:59:59";16;11110;20;10;0;<FLG>
V6155020;V615502002;QINnJ;1;"2017-01-29 00:00:00";"2017-01-29 12:00:00";16;11049;20;10;0;<FLG>
V6155020;V615502002;QINnJ;1;"2017-01-30 00:00:00";"2017-01-30 00:00:00";16;11108;20;10;0;<FLG>
V6155020;V615502002;QINnJ;1;"2017-01-31 00:00:00";"2017-01-31 00:00:00";16;11224;20;10;0;<FLG>
V6155020;V615502002;QINnJ;1;"2017-02-01 00:00:00";"2017-02-01 00:00:00";16;11341;20;10;0;<FLG>
V6155020;V615502002;QINnJ;1;"2017-02-02 00:00:00";"2017-02-02 00:00:00";16;11458;20;10;0;<FLG>
V6155020;V615502002;QINnJ;1;"2017-02-03 00:00:00";"2017-02-03 00:00:00";16;11575;20;10;0;<FLG>
V6155020;V615502002;QINnJ;1;"2017-02-04 00:00:00";"2017-02-04 00:00:00";16;11691;20;10;0;<FLG>
V6155020;V615502002;QINnJ;1;"2017-02-05 00:00:00";"2017-02-05 00:00:00";16;13068;20;10;0;<FLG>
V6155020;V615502002;QINnJ;1;"2017-02-06 00:00:00";"2017-02-06 00:00:00";16;15301;20;10;0;<FLG>
V6155020;V615502002;QINnJ;1;"2017-02-07 00:00:00";"2017-02-07 00:00:00";16;17178;20;10;0;<FLG>
V6155020;V615502002;QINnJ;1;"2017-02-08 00:00:00";"2017-02-08 23:59:59";16;17935;20;10;0;<FLG>
V6155020;V615502002;QINnJ;1;"2017-02-09 00:00:00";"2017-02-09 23:59:59";16;17687;20;10;0;<FLG>
V6155020;V615502002;QINnJ;1;"2017-02-10 00:00:00";"2017-02-10 23:59:59";16;17258;20;10;0;<FLG>
V6155020;V615502002;QINnJ;1;"2017-02-11 00:00:00";"2017-02-11 23:59:59";16;16866;20;10;0;<FLG>
V6155020;V615502002;QINnJ;1;"2017-02-12 00:00:00";"2017-02-12 23:59:59";16;16561;20;10;0;<FLG>
V6155020;V615502002;QINnJ;1;"2017-02-13 00:00:00";"2017-02-13 23:59:59";16;16255;20;10;0;<FLG>
V6155020;V615502002;QINnJ;1;"2017-02-14 00:00:00";"2017-02-14 23:59:59";16;15949;20;10;0;<FLG>
V6155020;V615502002;QINnJ;1;"2017-02-15 00:00:00";"2017-02-15 23:59:59";16;15712;20;10;0;<FLG>
V6155020;V615502002;QINnJ;1;"2017-02-16 00:00:00";"2017-02-16 23:59:59";16;15542;20;10;0;<FLG>
V6155020;V615502002;QINnJ;1;"2017-02-17 00:00:00";"2017-02-17 23:59:59";16;15371;20;10;0;<FLG>
V6155020;V615502002;QINnJ;1;"2017-02-18 00:00:00";"2017-02-18 23:59:59";16;15201;20;10;0;<FLG>
V6155020;V615502002;QINnJ;1;"2017-02-19 00:00:00";"2017-02-19 23:59:59";16;15031;20;10;0;<FLG>
V6155020;V615502002;QINnJ;1;"2017-02-20 00:00:00";"2017-02-20 23:59:59";16;14821;20;10;0;<FLG>
V6155020;V615502002;QINnJ;1;"2017-02-21 00:00:00";"2017-02-21 23:59:59";16;14599;20;10;0;<FLG>
V6155020;V615502002;QINnJ;1;"2017-02-22 00:00:00";"2017-02-22 23:59:59";16;14377;20;10;0;<FLG>
V6155020;V615502002;QINnJ;1;"2017-02-23 00:00:00";"2017-02-23 23:59:59";16;14154;20;10;0;<FLG>
V6155020;V615502002;QINnJ;1;"2017-02-24 00:00:00";"2017-02-24 23:59:59";16;13932;20;10;0;<FLG>
V6155020;V615502002;QINnJ;1;"2017-02-25 00:00:00";"2017-02-25 23:59:59";16;13709;20;10;0;<FLG>
V6155020;V615502002;QINnJ;1;"2017-02-26 00:00:00";"2017-02-26 23:59:59";16;13487;20;10;0;<FLG>
V6155020;V615502002;QINnJ;1;"2017-02-27 00:00:00";"2017-02-27 23:59:59";16;13264;20;10;0;<FLG>
V6155020;V615502002;QINnJ;1;"2017-02-28 00:00:00";"2017-02-28 23:59:59";16;13141;20;10;0;<FLG>
V6155020;V615502002;QINnJ;1;"2017-03-01 00:00:00";"2017-03-01 23:59:59";16;13115;20;10;0;<FLG>
V6155020;V615502002;QINnJ;1;"2017-03-02 00:00:00";"2017-03-02 23:59:59";16;13090;20;10;0;<FLG>
V6155020;V615502002;QINnJ;1;"2017-03-03 00:00:00";"2017-03-03 23:59:59";16;13065;20;10;0;<FLG>
V6155020;V615502002;QINnJ;1;"2017-03-04 00:00:00";"2017-03-04 23:59:59";16;13039;20;10;0;<FLG>
V6155020;V615502002;QINnJ;1;"2017-03-05 00:00:00";"2017-03-05 12:00:00";16;13027;20;10;0;<FLG>
V6155020;V615502002;QINnJ;1;"2017-03-06 00:00:00";"2017-03-06 00:00:00";16;13213;20;10;0;<FLG>
V6155020;V615502002;QINnJ;1;"2017-03-07 00:00:00";"2017-03-07 00:00:00";16;14133;20;10;0;<FLG>
V6155020;V615502002;QINnJ;1;"2017-03-08 00:00:00";"2017-03-08 00:00:00";16;15504;20;10;0;<FLG>
V6155020;V615502002;QINnJ;1;"2017-03-09 00:00:00";"2017-03-09 00:00:00";16;16248;20;10;0;<FLG>
V6155020;V615502002;QINnJ;1;"2017-03-10 00:00:00";"2017-03-10 00:00:00";16;16647;20;10;0;<FLG>
V6155020;V615502002;QINnJ;1;"2017-03-11 00:00:00";"2017-03-11 00:00:00";16;17019;20;10;0;<FLG>
V6155020;V615502002;QINnJ;1;"2017-03-12 00:00:00";"2017-03-12 23:59:59";16;16926;20;10;0;<FLG>
V6155020;V615502002;QINnJ;1;"2017-03-13 00:00:00";"2017-03-13 23:59:59";16;16673;20;10;0;<FLG>
V6155020;V615502002;QINnJ;1;"2017-03-14 00:00:00";"2017-03-14 23:59:59";16;16363;20;10;0;<FLG>
V6155020;V615502002;QINnJ;1;"2017-03-15 00:00:00";"2017-03-15 23:59:59";16;16115;20;10;0;<FLG>
V6155020;V615502002;QINnJ;1;"2017-03-16 00:00:00";"2017-03-16 23:59:59";16;15867;20;10;0;<FLG>
V6155020;V615502002;QINnJ;1;"2017-03-17 00:00:00";"2017-03-17 23:59:59";16;15619;20;10;0;<FLG>
V6155020;V615502002;QINnJ;1;"2017-03-18 00:00:00";"2017-03-18 23:59:59";16;15371;20;10;0;<FLG>
V6155020;V615502002;QINnJ;1;"2017-03-19 00:00:00";"2017-03-19 23:59:59";16;15123;20;10;0;<FLG>
V6155020;V615502002;QINnJ;1;"2017-03-20 00:00:00";"2017-03-20 23:59:59";16;14849;20;10;0;<FLG>
V6155020;V615502002;QINnJ;1;"2017-03-21 00:00:00";"2017-03-21 23:59:59";16;14549;20;10;0;<FLG>
V6155020;V615502002;QINnJ;1;"2017-03-22 00:00:00";"2017-03-22 23:59:59";16;14300;20;10;0;<FLG>
V6155020;V615502002;QINnJ;1;"2017-03-23 00:00:00";"2017-03-23 12:00:00";16;14200;20;10;0;<FLG>
V6155020;V615502002;QINnJ;1;"2017-03-24 00:00:00";"2017-03-24 00:00:00";16;14300;20;10;0;<FLG>
V6155020;V615502002;QINnJ;1;"2017-03-25 00:00:00";"2017-03-25 00:00:00";16;16634;20;10;0;<FLG>
V6155020;V615502002;QINnJ;1;"2017-03-26 00:00:00";"2017-03-26 00:00:00";16;19838;20;10;0;<FLG>
V6155020;V615502002;QINnJ;1;"2017-03-27 00:00:00";"2017-03-27 00:00:00";16;26385;20;10;0;<FLG>
V6155020;V615502002;QINnJ;1;"2017-03-28 00:00:00";"2017-03-28 23:59:59";16;27326;20;10;0;<FLG>
V6155020;V615502002;QINnJ;1;"2017-03-29 00:00:00";"2017-03-29 23:59:59";16;25451;20;10;0;<FLG>
V6155020;V615502002;QINnJ;1;"2017-03-30 00:00:00";"2017-03-30 23:59:59";16;23102;20;10;0;<FLG>
V6155020;V615502002;QINnJ;1;"2017-03-31 00:00:00";"2017-03-31 23:59:59";16;21455;20;10;0;<FLG>
V6155020;V615502002;QINnJ;1;"2017-04-01 00:00:00";"2017-04-01 23:59:59";16;21012;20;10;0;<FLG>
V6155020;V615502002;QINnJ;1;"2017-04-02 00:00:00";"2017-04-02 23:59:59";16;20725;20;10;0;<FLG>
V6155020;V615502002;QINnJ;1;"2017-04-03 00:00:00";"2017-04-03 23:59:59";16;20624;20;10;0;<FLG>
V6155020;V615502002;QINnJ;1;"2017-04-04 00:00:00";"2017-04-04 00:00:00";16;20624;20;10;0;<FLG>
V6155020;V615502002;QINnJ;1;"2017-04-05 00:00:00";"2017-04-05 23:59:59";16;20422;20;10;0;<FLG>
V6155020;V615502002;QINnJ;1;"2017-04-06 00:00:00";"2017-04-06 23:59:59";16;20064;20;10;0;<FLG>
V6155020;V615502002;QINnJ;1;"2017-04-07 00:00:00";"2017-04-07 23:59:59";16;19770;20;10;0;<FLG>
V6155020;V615502002;QINnJ;1;"2017-04-08 00:00:00";"2017-04-08 23:59:59";16;19424;20;10;0;<FLG>
V6155020;V615502002;QINnJ;1;"2017-04-09 00:00:00";"2017-04-09 23:59:59";16;19085;20;10;0;<FLG>
V6155020;V615502002;QINnJ;1;"2017-04-10 00:00:00";"2017-04-10 23:59:59";16;18727;20;10;0;<FLG>
V6155020;V615502002;QINnJ;1;"2017-04-11 00:00:00";"2017-04-11 23:59:59";16;18472;20;10;0;<FLG>
V6155020;V615502002;QINnJ;1;"2017-04-12 00:00:00";"2017-04-12 23:59:59";16;18224;20;10;0;<FLG>
V6155020;V615502002;QINnJ;1;"2017-04-13 00:00:00";"2017-04-13 23:59:59";16;17976;20;10;0;<FLG>
V6155020;V615502002;QINnJ;1;"2017-04-14 00:00:00";"2017-04-14 23:59:59";16;17729;20;10;0;<FLG>
V6155020;V615502002;QINnJ;1;"2017-04-15 00:00:00";"2017-04-15 23:59:59";16;17483;20;10;0;<FLG>
V6155020;V615502002;QINnJ;1;"2017-04-16 00:00:00";"2017-04-16 23:59:59";16;17228;20;10;0;<FLG>
V6155020;V615502002;QINnJ;1;"2017-04-17 00:00:00";"2017-04-17 23:59:59";16;16951;20;10;0;<FLG>
V6155020;V615502002;QINnJ;1;"2017-04-18 00:00:00";"2017-04-18 23:59:59";16;16673;20;10;0;<FLG>
V6155020;V615502002;QINnJ;1;"2017-04-19 00:00:00";"2017-04-19 23:59:59";16;16396;20;10;0;<FLG>
V6155020;V615502002;QINnJ;1;"2017-04-20 00:00:00";"2017-04-20 23:59:59";16;16118;20;10;0;<FLG>
V6155020;V615502002;QINnJ;1;"2017-04-21 00:00:00";"2017-04-21 23:59:59";16;15841;20;10;0;<FLG>
V6155020;V615502002;QINnJ;1;"2017-04-22 00:00:00";"2017-04-22 23:59:59";16;15563;20;10;0;<FLG>
V6155020;V615502002;QINnJ;1;"2017-04-23 00:00:00";"2017-04-23 23:59:59";16;15318;20;10;0;<FLG>
V6155020;V615502002;QINnJ;1;"2017-04-24 00:00:00";"2017-04-24 23:59:59";16;15106;20;10;0;<FLG>
V6155020;V615502002;QINnJ;1;"2017-04-25 00:00:00";"2017-04-25 23:59:59";16;14933;20;10;0;<FLG>
V6155020;V615502002;QINnJ;1;"2017-04-26 00:00:00";"2017-04-26 12:00:00";16;14866;20;10;0;<FLG>
V6155020;V615502002;QINnJ;1;"2017-04-27 00:00:00";"2017-04-27 00:00:00";16;14999;20;10;0;<FLG>
V6155020;V615502002;QINnJ;1;"2017-04-28 00:00:00";"2017-04-28 00:00:00";16;15159;20;10;0;<FLG>
V6155020;V615502002;QINnJ;1;"2017-04-29 00:00:00";"2017-04-29 23:59:59";16;15053;20;10;0;<FLG>
V6155020;V615502002;QINnJ;1;"2017-04-30 00:00:00";"2017-04-30 23:59:59";16;14933;20;10;0;<FLG>
V6155020;V615502002;QINnJ;1;"2017-05-01 00:00:00";"2017-05-01 12:00:00";16;14866;20;10;0;<FLG>
V6155020;V615502002;QINnJ;1;"2017-05-02 00:00:00";"2017-05-02 00:00:00";16;15079;20;10;0;<FLG>
V6155020;V615502002;QINnJ;1;"2017-05-03 00:00:00";"2017-05-03 00:00:00";16;15557;20;10;0;<FLG>
V6155020;V615502002;QINnJ;1;"2017-05-04 00:00:00";"2017-05-04 00:00:00";16;16301;20;10;0;<FLG>
V6155020;V615502002;QINnJ;1;"2017-05-05 00:00:00";"2017-05-05 00:00:00";16;16886;20;10;0;<FLG>
V6155020;V615502002;QINnJ;1;"2017-05-06 00:00:00";"2017-05-06 00:00:00";16;17152;20;10;0;<FLG>
V6155020;V615502002;QINnJ;1;"2017-05-07 00:00:00";"2017-05-07 00:00:00";16;17546;20;10;0;<FLG>
V6155020;V615502002;QINnJ;1;"2017-05-08 00:00:00";"2017-05-08 00:00:00";16;18065;20;10;0;<FLG>
V6155020;V615502002;QINnJ;1;"2017-05-09 00:00:00";"2017-05-09 00:00:00";16;18513;20;10;0;<FLG>
V6155020;V615502002;QINnJ;1;"2017-05-10 00:00:00";"2017-05-10 23:59:59";16;18584;20;10;0;<FLG>
V6155020;V615502002;QINnJ;1;"2017-05-11 00:00:00";"2017-05-11 23:59:59";16;18348;20;10;0;<FLG>
V6155020;V615502002;QINnJ;1;"2017-05-12 00:00:00";"2017-05-12 23:59:59";16;18100;20;10;0;<FLG>
V6155020;V615502002;QINnJ;1;"2017-05-13 00:00:00";"2017-05-13 23:59:59";16;17841;20;10;0;<FLG>
V6155020;V615502002;QINnJ;1;"2017-05-14 00:00:00";"2017-05-14 23:59:59";16;17522;20;10;0;<FLG>
V6155020;V615502002;QINnJ;1;"2017-05-15 00:00:00";"2017-05-15 23:59:59";16;17178;20;10;0;<FLG>
V6155020;V615502002;QINnJ;1;"2017-05-16 00:00:00";"2017-05-16 23:59:59";16;16859;20;10;0;<FLG>
V6155020;V615502002;QINnJ;1;"2017-05-17 00:00:00";"2017-05-17 23:59:59";16;16541;20;10;0;<FLG>
V6155020;V615502002;QINnJ;1;"2017-05-18 00:00:00";"2017-05-18 23:59:59";16;16275;20;10;0;<FLG>
V6155020;V615502002;QINnJ;1;"2017-05-19 00:00:00";"2017-05-19 23:59:59";16;16036;20;10;0;<FLG>
V6155020;V615502002;QINnJ;1;"2017-05-20 00:00:00";"2017-05-20 23:59:59";16;15770;20;10;0;<FLG>
V6155020;V615502002;QINnJ;1;"2017-05-21 00:00:00";"2017-05-21 23:59:59";16;15518;20;10;0;<FLG>
V6155020;V615502002;QINnJ;1;"2017-05-22 00:00:00";"2017-05-22 23:59:59";16;15278;20;10;0;<FLG>
V6155020;V615502002;QINnJ;1;"2017-05-23 00:00:00";"2017-05-23 23:59:59";16;15039;20;10;0;<FLG>
V6155020;V615502002;QINnJ;1;"2017-05-24 00:00:00";"2017-05-24 23:59:59";16;14749;20;10;0;<FLG>
V6155020;V615502002;QINnJ;1;"2017-05-25 00:00:00";"2017-05-25 23:59:59";16;14462;20;10;0;<FLG>
V6155020;V615502002;QINnJ;1;"2017-05-26 00:00:00";"2017-05-26 23:59:59";16;14187;20;10;0;<FLG>
V6155020;V615502002;QINnJ;1;"2017-05-27 00:00:00";"2017-05-27 23:59:59";16;13912;20;10;0;<FLG>
V6155020;V615502002;QINnJ;1;"2017-05-28 00:00:00";"2017-05-28 23:59:59";16;13637;20;10;0;<FLG>
V6155020;V615502002;QINnJ;1;"2017-05-29 00:00:00";"2017-05-29 23:59:59";16;13390;20;10;0;<FLG>
V6155020;V615502002;QINnJ;1;"2017-05-30 00:00:00";"2017-05-30 23:59:59";16;13170;20;10;0;<FLG>
V6155020;V615502002;QINnJ;1;"2017-05-31 00:00:00";"2017-05-31 23:59:59";16;12950;20;10;0;<FLG>
V6155020;V615502002;QINnJ;1;"2017-06-01 00:00:00";"2017-06-01 23:59:59";16;12730;20;10;0;<FLG>
V6155020;V615502002;QINnJ;1;"2017-06-02 00:00:00";"2017-06-02 23:59:59";16;12479;20;10;0;<FLG>
V6155020;V615502002;QINnJ;1;"2017-06-03 00:00:00";"2017-06-03 23:59:59";16;12265;20;10;0;<FLG>
V6155020;V615502002;QINnJ;1;"2017-06-04 00:00:00";"2017-06-04 23:59:59";16;12056;20;10;0;<FLG>
V6155020;V615502002;QINnJ;1;"2017-06-05 00:00:00";"2017-06-05 23:59:59";16;11814;20;10;0;<FLG>
V6155020;V615502002;QINnJ;1;"2017-06-06 00:00:00";"2017-06-06 23:59:59";16;11607;20;10;0;<FLG>
V6155020;V615502002;QINnJ;1;"2017-06-07 00:00:00";"2017-06-07 23:59:59";16;11435;20;10;0;<FLG>
V6155020;V615502002;QINnJ;1;"2017-06-08 00:00:00";"2017-06-08 23:59:59";16;11262;20;10;0;<FLG>
V6155020;V615502002;QINnJ;1;"2017-06-09 00:00:00";"2017-06-09 23:59:59";16;11090;20;10;0;<FLG>
V6155020;V615502002;QINnJ;1;"2017-06-10 00:00:00";"2017-06-10 23:59:59";16;10917;20;10;0;<FLG>
V6155020;V615502002;QINnJ;1;"2017-06-11 00:00:00";"2017-06-11 23:59:59";16;10745;20;10;0;<FLG>
V6155020;V615502002;QINnJ;1;"2017-06-12 00:00:00";"2017-06-12 23:59:59";16;10572;20;10;0;<FLG>
V6155020;V615502002;QINnJ;1;"2017-06-13 00:00:00";"2017-06-13 23:59:59";16;10428;20;10;0;<FLG>
V6155020;V615502002;QINnJ;1;"2017-06-14 00:00:00";"2017-06-14 23:59:59";16;10313;20;10;0;<FLG>
V6155020;V615502002;QINnJ;1;"2017-06-15 00:00:00";"2017-06-15 23:59:59";16;10198;20;10;0;<FLG>
V6155020;V615502002;QINnJ;1;"2017-06-16 00:00:00";"2017-06-16 23:59:59";16;10080;20;10;0;<FLG>
V6155020;V615502002;QINnJ;1;"2017-06-17 00:00:00";"2017-06-17 23:59:59";16;9947;20;10;0;<FLG>
V6155020;V615502002;QINnJ;1;"2017-06-18 00:00:00";"2017-06-18 23:59:59";16;9814;20;10;0;<FLG>
V6155020;V615502002;QINnJ;1;"2017-06-19 00:00:00";"2017-06-19 23:59:59";16;9681;20;10;0;<FLG>
V6155020;V615502002;QINnJ;1;"2017-06-20 00:00:00";"2017-06-20 23:59:59";16;9548;20;10;0;<FLG>
V6155020;V615502002;QINnJ;1;"2017-06-21 00:00:00";"2017-06-21 23:59:59";16;9415;20;10;0;<FLG>
V6155020;V615502002;QINnJ;1;"2017-06-22 00:00:00";"2017-06-22 23:59:59";16;9282;20;10;0;<FLG>
V6155020;V615502002;QINnJ;1;"2017-06-23 00:00:00";"2017-06-23 23:59:59";16;9149;20;10;0;<FLG>
V6155020;V615502002;QINnJ;1;"2017-06-24 00:00:00";"2017-06-24 23:59:59";16;9016;20;10;0;<FLG>
V6155020;V615502002;QINnJ;1;"2017-06-25 00:00:00";"2017-06-25 23:59:59";16;8883;20;10;0;<FLG>
V6155020;V615502002;QINnJ;1;"2017-06-26 00:00:00";"2017-06-26 23:59:59";16;8750;20;10;0;<FLG>
V6155020;V615502002;QINnJ;1;"2017-06-27 00:00:00";"2017-06-27 23:59:59";16;8645;20;10;0;<FLG>
V6155020;V615502002;QINnJ;1;"2017-06-28 00:00:00";"2017-06-28 23:59:59";16;8568;20;10;0;<FLG>
V6155020;V615502002;QINnJ;1;"2017-06-29 00:00:00";"2017-06-29 23:59:59";16;8490;20;10;0;<FLG>
V6155020;V615502002;QINnJ;1;"2017-06-30 00:00:00";"2017-06-30 23:59:59";16;8416;20;10;0;<FLG>
V6155020;V615502002;QINnJ;1;"2017-07-01 00:00:00";"2017-07-01 23:59:59";16;8346;20;10;0;<FLG>
V6155020;V615502002;QINnJ;1;"2017-07-02 00:00:00";"2017-07-02 23:59:59";16;8237;20;10;0;<FLG>
V6155020;V615502002;QINnJ;1;"2017-07-03 00:00:00";"2017-07-03 23:59:59";16;8088;20;10;0;<FLG>
V6155020;V615502002;QINnJ;1;"2017-07-04 00:00:00";"2017-07-04 23:59:59";16;7939;20;10;0;<FLG>
V6155020;V615502002;QINnJ;1;"2017-07-05 00:00:00";"2017-07-05 23:59:59";16;7877;20;10;0;<FLG>
V6155020;V615502002;QINnJ;1;"2017-07-06 00:00:00";"2017-07-06 23:59:59";16;7815;20;10;0;<FLG>
V6155020;V615502002;QINnJ;1;"2017-07-07 00:00:00";"2017-07-07 23:59:59";16;7753;20;10;0;<FLG>
V6155020;V615502002;QINnJ;1;"2017-07-08 00:00:00";"2017-07-08 23:59:59";16;7691;20;10;0;<FLG>
V6155020;V615502002;QINnJ;1;"2017-07-09 00:00:00";"2017-07-09 23:59:59";16;7618;20;10;0;<FLG>
V6155020;V615502002;QINnJ;1;"2017-07-10 00:00:00";"2017-07-10 23:59:59";16;7536;20;10;0;<FLG>
V6155020;V615502002;QINnJ;1;"2017-07-11 00:00:00";"2017-07-11 23:59:59";16;7455;20;10;0;<FLG>
V6155020;V615502002;QINnJ;1;"2017-07-12 00:00:00";"2017-07-12 23:59:59";16;7374;20;10;0;<FLG>
V6155020;V615502002;QINnJ;1;"2017-07-13 00:00:00";"2017-07-13 23:59:59";16;7301;20;10;0;<FLG>
V6155020;V615502002;QINnJ;1;"2017-07-14 00:00:00";"2017-07-14 23:59:59";16;7236;20;10;0;<FLG>
V6155020;V615502002;QINnJ;1;"2017-07-15 00:00:00";"2017-07-15 23:59:59";16;7171;20;10;0;<FLG>
V6155020;V615502002;QINnJ;1;"2017-07-16 00:00:00";"2017-07-16 23:59:59";16;7107;20;10;0;<FLG>
V6155020;V615502002;QINnJ;1;"2017-07-17 00:00:00";"2017-07-17 23:59:59";16;7042;20;10;0;<FLG>
V6155020;V615502002;QINnJ;1;"2017-07-18 00:00:00";"2017-07-18 23:59:59";16;6982;20;10;0;<FLG>
V6155020;V615502002;QINnJ;1;"2017-07-19 00:00:00";"2017-07-19 23:59:59";16;6928;20;10;0;<FLG>
V6155020;V615502002;QINnJ;1;"2017-07-20 00:00:00";"2017-07-20 23:59:59";16;6874;20;10;0;<FLG>
V6155020;V615502002;QINnJ;1;"2017-07-21 00:00:00";"2017-07-21 23:59:59";16;6820;20;10;0;<FLG>
V6155020;V615502002;QINnJ;1;"2017-07-22 00:00:00";"2017-07-22 23:59:59";16;6766;20;10;0;<FLG>
V6155020;V615502002;QINnJ;1;"2017-07-23 00:00:00";"2017-07-23 23:59:59";16;6712;20;10;0;<FLG>
V6155020;V615502002;QINnJ;1;"2017-07-24 00:00:00";"2017-07-24 23:59:59";16;6658;20;10;0;<FLG>
V6155020;V615502002;QINnJ;1;"2017-07-25 00:00:00";"2017-07-25 23:59:59";16;6604;20;10;0;<FLG>
V6155020;V615502002;QINnJ;1;"2017-07-26 00:00:00";"2017-07-26 23:59:59";16;6533;20;10;0;<FLG>
V6155020;V615502002;QINnJ;1;"2017-07-27 00:00:00";"2017-07-27 23:59:59";16;6447;20;10;0;<FLG>
V6155020;V615502002;QINnJ;1;"2017-07-28 00:00:00";"2017-07-28 23:59:59";16;6360;20;10;0;<FLG>
V6155020;V615502002;QINnJ;1;"2017-07-29 00:00:00";"2017-07-29 23:59:59";16;6274;20;10;0;<FLG>
V6155020;V615502002;QINnJ;1;"2017-07-30 00:00:00";"2017-07-30 23:59:59";16;6187;20;10;0;<FLG>
V6155020;V615502002;QINnJ;1;"2017-07-31 00:00:00";"2017-07-31 23:59:59";16;6136;20;10;0;<FLG>
V6155020;V615502002;QINnJ;1;"2017-08-01 00:00:00";"2017-08-01 23:59:59";16;6120;20;10;0;<FLG>
V6155020;V615502002;QINnJ;1;"2017-08-02 00:00:00";"2017-08-02 23:59:59";16;6104;20;10;0;<FLG>
V6155020;V615502002;QINnJ;1;"2017-08-03 00:00:00";"2017-08-03 23:59:59";16;6087;20;10;0;<FLG>
V6155020;V615502002;QINnJ;1;"2017-08-04 00:00:00";"2017-08-04 23:59:59";16;6071;20;10;0;<FLG>
V6155020;V615502002;QINnJ;1;"2017-08-05 00:00:00";"2017-08-05 23:59:59";16;6055;20;10;0;<FLG>
V6155020;V615502002;QINnJ;1;"2017-08-06 00:00:00";"2017-08-06 23:59:59";16;6038;20;10;0;<FLG>
V6155020;V615502002;QINnJ;1;"2017-08-07 00:00:00";"2017-08-07 23:59:59";16;6022;20;10;0;<FLG>
V6155020;V615502002;QINnJ;1;"2017-08-08 00:00:00";"2017-08-08 23:59:59";16;6008;20;10;0;<FLG>
V6155020;V615502002;QINnJ;1;"2017-08-09 00:00:00";"2017-08-09 23:59:59";16;5997;20;10;0;<FLG>
V6155020;V615502002;QINnJ;1;"2017-08-10 00:00:00";"2017-08-10 23:59:59";16;5986;20;10;0;<FLG>
V6155020;V615502002;QINnJ;1;"2017-08-11 00:00:00";"2017-08-11 23:59:59";16;5962;20;10;0;<FLG>
V6155020;V615502002;QINnJ;1;"2017-08-12 00:00:00";"2017-08-12 23:59:59";16;5925;20;10;0;<FLG>
V6155020;V615502002;QINnJ;1;"2017-08-13 00:00:00";"2017-08-13 23:59:59";16;5889;20;10;0;<FLG>
V6155020;V615502002;QINnJ;1;"2017-08-14 00:00:00";"2017-08-14 23:59:59";16;5847;20;10;0;<FLG>
V6155020;V615502002;QINnJ;1;"2017-08-15 00:00:00";"2017-08-15 23:59:59";16;5801;20;10;0;<FLG>
V6155020;V615502002;QINnJ;1;"2017-08-16 00:00:00";"2017-08-16 23:59:59";16;5755;20;10;0;<FLG>
V6155020;V615502002;QINnJ;1;"2017-08-17 00:00:00";"2017-08-17 23:59:59";16;5709;20;10;0;<FLG>
V6155020;V615502002;QINnJ;1;"2017-08-18 00:00:00";"2017-08-18 23:59:59";16;5664;20;10;0;<FLG>
V6155020;V615502002;QINnJ;1;"2017-08-19 00:00:00";"2017-08-19 23:59:59";16;5618;20;10;0;<FLG>
V6155020;V615502002;QINnJ;1;"2017-08-20 00:00:00";"2017-08-20 12:00:00";16;5595;20;10;0;<FLG>
V6155020;V615502002;QINnJ;1;"2017-08-21 00:00:00";"2017-08-21 23:59:59";16;5576;20;10;0;<FLG>
V6155020;V615502002;QINnJ;1;"2017-08-22 00:00:00";"2017-08-22 23:59:59";16;5539;20;10;0;<FLG>
V6155020;V615502002;QINnJ;1;"2017-08-23 00:00:00";"2017-08-23 23:59:59";16;5503;20;10;0;<FLG>
V6155020;V615502002;QINnJ;1;"2017-08-24 00:00:00";"2017-08-24 23:59:59";16;5466;20;10;0;<FLG>
V6155020;V615502002;QINnJ;1;"2017-08-25 00:00:00";"2017-08-25 23:59:59";16;5429;20;10;0;<FLG>
V6155020;V615502002;QINnJ;1;"2017-08-26 00:00:00";"2017-08-26 23:59:59";16;5392;20;10;0;<FLG>
V6155020;V615502002;QINnJ;1;"2017-08-27 00:00:00";"2017-08-27 23:59:59";16;5360;20;10;0;<FLG>
V6155020;V615502002;QINnJ;1;"2017-08-28 00:00:00";"2017-08-28 23:59:59";16;5333;20;10;0;<FLG>
V6155020;V615502002;QINnJ;1;"2017-08-29 00:00:00";"2017-08-29 23:59:59";16;5305;20;10;0;<FLG>
V6155020;V615502002;QINnJ;1;"2017-08-30 00:00:00";"2017-08-30 23:59:59";16;5278;20;10;0;<FLG>
V6155020;V615502002;QINnJ;1;"2017-08-31 00:00:00";"2017-08-31 12:00:00";16;5264;20;10;0;<FLG>
V6155020;V615502002;QINnJ;1;"2017-09-01 00:00:00";"2017-09-01 00:00:00";16;5264;20;10;0;<FLG>
V6155020;V615502002;QINnJ;1;"2017-09-02 00:00:00";"2017-09-02 00:00:00";16;5264;20;10;0;<FLG>
V6155020;V615502002;QINnJ;1;"2017-09-03 00:00:00";"2017-09-03 23:59:59";16;5253;20;10;0;<FLG>
V6155020;V615502002;QINnJ;1;"2017-09-04 00:00:00";"2017-09-04 23:59:59";16;5231;20;10;0;<FLG>
V6155020;V615502002;QINnJ;1;"2017-09-05 00:00:00";"2017-09-05 23:59:59";16;5209;20;10;0;<FLG>
V6155020;V615502002;QINnJ;1;"2017-09-06 00:00:00";"2017-09-06 23:59:59";16;5187;20;10;0;<FLG>
V6155020;V615502002;QINnJ;1;"2017-09-07 00:00:00";"2017-09-07 23:59:59";16;5165;20;10;0;<FLG>
V6155020;V615502002;QINnJ;1;"2017-09-08 00:00:00";"2017-09-08 12:00:00";16;5154;20;10;0;<FLG>
V6155020;V615502002;QINnJ;1;"2017-09-09 00:00:00";"2017-09-09 00:00:00";16;5154;20;10;0;<FLG>
V6155020;V615502002;QINnJ;1;"2017-09-10 00:00:00";"2017-09-10 00:00:00";16;5154;20;10;0;<FLG>
V6155020;V615502002;QINnJ;1;"2017-09-11 00:00:00";"2017-09-11 23:59:59";16;5126;20;10;0;<FLG>
V6155020;V615502002;QINnJ;1;"2017-09-12 00:00:00";"2017-09-12 23:59:59";16;5071;20;10;0;<FLG>
V6155020;V615502002;QINnJ;1;"2017-09-13 00:00:00";"2017-09-13 23:59:59";16;5016;20;10;0;<FLG>
V6155020;V615502002;QINnJ;1;"2017-09-14 00:00:00";"2017-09-14 23:59:59";16;4961;20;10;0;<FLG>
V6155020;V615502002;QINnJ;1;"2017-09-15 00:00:00";"2017-09-15 23:59:59";16;4927;20;10;0;<FLG>
V6155020;V615502002;QINnJ;1;"2017-09-16 00:00:00";"2017-09-16 23:59:59";16;4916;20;10;0;<FLG>
V6155020;V615502002;QINnJ;1;"2017-09-17 00:00:00";"2017-09-17 23:59:59";16;4894;20;10;0;<FLG>
V6155020;V615502002;QINnJ;1;"2017-09-18 00:00:00";"2017-09-18 23:59:59";16;4861;20;10;0;<FLG>
V6155020;V615502002;QINnJ;1;"2017-09-19 00:00:00";"2017-09-19 23:59:59";16;4832;20;10;0;<FLG>
V6155020;V615502002;QINnJ;1;"2017-09-20 00:00:00";"2017-09-20 23:59:59";16;4806;20;10;0;<FLG>
V6155020;V615502002;QINnJ;1;"2017-09-21 00:00:00";"2017-09-21 23:59:59";16;4780;20;10;0;<FLG>
V6155020;V615502002;QINnJ;1;"2017-09-22 00:00:00";"2017-09-22 23:59:59";16;4757;20;10;0;<FLG>
V6155020;V615502002;QINnJ;1;"2017-09-23 00:00:00";"2017-09-23 23:59:59";16;4734;20;10;0;<FLG>
V6155020;V615502002;QINnJ;1;"2017-09-24 00:00:00";"2017-09-24 23:59:59";16;4712;20;10;0;<FLG>
V6155020;V615502002;QINnJ;1;"2017-09-25 00:00:00";"2017-09-25 23:59:59";16;4690;20;10;0;<FLG>
V6155020;V615502002;QINnJ;1;"2017-09-26 00:00:00";"2017-09-26 23:59:59";16;4668;20;10;0;<FLG>
V6155020;V615502002;QINnJ;1;"2017-09-27 00:00:00";"2017-09-27 23:59:59";16;4648;20;10;0;<FLG>
V6155020;V615502002;QINnJ;1;"2017-09-28 00:00:00";"2017-09-28 23:59:59";16;4628;20;10;0;<FLG>
V6155020;V615502002;QINnJ;1;"2017-09-29 00:00:00";"2017-09-29 23:59:59";16;4609;20;10;0;<FLG>
V6155020;V615502002;QINnJ;1;"2017-09-30 00:00:00";"2017-09-30 23:59:59";16;4590;20;10;0;<FLG>
V6155020;V615502002;QINnJ;1;"2017-10-01 00:00:00";"2017-10-01 23:59:59";16;4571;20;10;0;<FLG>
V6155020;V615502002;QINnJ;1;"2017-10-02 00:00:00";"2017-10-02 23:59:59";16;4554;20;10;0;<FLG>
V6155020;V615502002;QINnJ;1;"2017-10-03 00:00:00";"2017-10-03 23:59:59";16;4536;20;10;0;<FLG>
V6155020;V615502002;QINnJ;1;"2017-10-04 00:00:00";"2017-10-04 23:59:59";16;4518;20;10;0;<FLG>
V6155020;V615502002;QINnJ;1;"2017-10-05 00:00:00";"2017-10-05 23:59:59";16;4501;20;10;0;<FLG>
V6155020;V615502002;QINnJ;1;"2017-10-06 00:00:00";"2017-10-06 23:59:59";16;4483;20;10;0;<FLG>
V6155020;V615502002;QINnJ;1;"2017-10-07 00:00:00";"2017-10-07 23:59:59";16;4464;20;10;0;<FLG>
V6155020;V615502002;QINnJ;1;"2017-10-08 00:00:00";"2017-10-08 23:59:59";16;4447;20;10;0;<FLG>
V6155020;V615502002;QINnJ;1;"2017-10-09 00:00:00";"2017-10-09 23:59:59";16;4432;20;10;0;<FLG>
V6155020;V615502002;QINnJ;1;"2017-10-10 00:00:00";"2017-10-10 23:59:59";16;4416;20;10;0;<FLG>
V6155020;V615502002;QINnJ;1;"2017-10-11 00:00:00";"2017-10-11 23:59:59";16;4401;20;10;0;<FLG>
V6155020;V615502002;QINnJ;1;"2017-10-12 00:00:00";"2017-10-12 23:59:59";16;4388;20;10;0;<FLG>
V6155020;V615502002;QINnJ;1;"2017-10-13 00:00:00";"2017-10-13 23:59:59";16;4376;20;10;0;<FLG>
V6155020;V615502002;QINnJ;1;"2017-10-14 00:00:00";"2017-10-14 23:59:59";16;4364;20;10;0;<FLG>
V6155020;V615502002;QINnJ;1;"2017-10-15 00:00:00";"2017-10-15 23:59:59";16;4352;20;10;0;<FLG>
V6155020;V615502002;QINnJ;1;"2017-10-16 00:00:00";"2017-10-16 23:59:59";16;4339;20;10;0;<FLG>
V6155020;V615502002;QINnJ;1;"2017-10-17 00:00:00";"2017-10-17 23:59:59";16;4327;20;10;0;<FLG>
V6155020;V615502002;QINnJ;1;"2017-10-18 00:00:00";"2017-10-18 23:59:59";16;4318;20;10;0;<FLG>
V6155020;V615502002;QINnJ;1;"2017-10-19 00:00:00";"2017-10-19 23:59:59";16;4310;20;10;0;<FLG>
V6155020;V615502002;QINnJ;1;"2017-10-20 00:00:00";"2017-10-20 23:59:59";16;4303;20;10;0;<FLG>
V6155020;V615502002;QINnJ;1;"2017-10-21 00:00:00";"2017-10-21 23:59:59";16;4296;20;10;0;<FLG>
V6155020;V615502002;QINnJ;1;"2017-10-22 00:00:00";"2017-10-22 23:59:59";16;4289;20;10;0;<FLG>
V6155020;V615502002;QINnJ;1;"2017-10-23 00:00:00";"2017-10-23 23:59:59";16;4280;20;10;0;<FLG>
V6155020;V615502002;QINnJ;1;"2017-10-24 00:00:00";"2017-10-24 23:59:59";16;4269;20;10;0;<FLG>
V6155020;V615502002;QINnJ;1;"2017-10-25 00:00:00";"2017-10-25 23:59:59";16;4258;20;10;0;<FLG>
V6155020;V615502002;QINnJ;1;"2017-10-26 00:00:00";"2017-10-26 23:59:59";16;4247;20;10;0;<FLG>
V6155020;V615502002;QINnJ;1;"2017-10-27 00:00:00";"2017-10-27 23:59:59";16;4236;20;10;0;<FLG>
V6155020;V615502002;QINnJ;1;"2017-10-28 00:00:00";"2017-10-28 23:59:59";16;4225;20;10;0;<FLG>
V6155020;V615502002;QINnJ;1;"2017-10-29 00:00:00";"2017-10-29 23:59:59";16;4214;20;10;0;<FLG>
V6155020;V615502002;QINnJ;1;"2017-10-30 00:00:00";"2017-10-30 23:59:59";16;4202;20;10;0;<FLG>
V6155020;V615502002;QINnJ;1;"2017-10-31 00:00:00";"2017-10-31 23:59:59";16;4191;20;10;0;<FLG>
V6155020;V615502002;QINnJ;1;"2017-11-01 00:00:00";"2017-11-01 12:00:00";16;4185;20;10;0;<FLG>
V6155020;V615502002;QINnJ;1;"2017-11-02 00:00:00";"2017-11-02 00:00:00";16;4185;20;10;0;<FLG>
V6155020;V615502002;QINnJ;1;"2017-11-03 00:00:00";"2017-11-03 00:00:00";16;4185;20;10;0;<FLG>
V6155020;V615502002;QINnJ;1;"2017-11-04 00:00:00";"2017-11-04 23:59:59";16;4181;20;10;0;<FLG>
V6155020;V615502002;QINnJ;1;"2017-11-05 00:00:00";"2017-11-05 23:59:59";16;4173;20;10;0;<FLG>
V6155020;V615502002;QINnJ;1;"2017-11-06 00:00:00";"2017-11-06 23:59:59";16;4165;20;10;0;<FLG>
V6155020;V615502002;QINnJ;1;"2017-11-07 00:00:00";"2017-11-07 23:59:59";16;4158;20;10;0;<FLG>
V6155020;V615502002;QINnJ;1;"2017-11-08 00:00:00";"2017-11-08 23:59:59";16;4150;20;10;0;<FLG>
V6155020;V615502002;QINnJ;1;"2017-11-09 00:00:00";"2017-11-09 23:59:59";16;4142;20;10;0;<FLG>
V6155020;V615502002;QINnJ;1;"2017-11-10 00:00:00";"2017-11-10 23:59:59";16;4135;20;10;0;<FLG>
V6155020;V615502002;QINnJ;1;"2017-11-11 00:00:00";"2017-11-11 23:59:59";16;4130;20;10;0;<FLG>
V6155020;V615502002;QINnJ;1;"2017-11-12 00:00:00";"2017-11-12 12:00:00";16;4127;20;10;0;<FLG>
V6155020;V615502002;QINnJ;1;"2017-11-13 00:00:00";"2017-11-13 00:00:00";16;4127;20;10;0;<FLG>
V6155020;V615502002;QINnJ;1;"2017-11-14 00:00:00";"2017-11-14 00:00:00";16;4127;20;10;0;<FLG>
V6155020;V615502002;QINnJ;1;"2017-11-15 00:00:00";"2017-11-15 23:59:59";16;4122;20;10;0;<FLG>
V6155020;V615502002;QINnJ;1;"2017-11-16 00:00:00";"2017-11-16 23:59:59";16;4111;20;10;0;<FLG>
V6155020;V615502002;QINnJ;1;"2017-11-17 00:00:00";"2017-11-17 23:59:59";16;4101;20;10;0;<FLG>
V6155020;V615502002;QINnJ;1;"2017-11-18 00:00:00";"2017-11-18 23:59:59";16;4090;20;10;0;<FLG>
V6155020;V615502002;QINnJ;1;"2017-11-19 00:00:00";"2017-11-19 23:59:59";16;4079;20;10;0;<FLG>
V6155020;V615502002;QINnJ;1;"2017-11-20 00:00:00";"2017-11-20 23:59:59";16;4073;20;10;0;<FLG>
V6155020;V615502002;QINnJ;1;"2017-11-21 00:00:00";"2017-11-21 23:59:59";16;4070;20;10;0;<FLG>
V6155020;V615502002;QINnJ;1;"2017-11-22 00:00:00";"2017-11-22 23:59:59";16;4068;20;10;0;<FLG>
V6155020;V615502002;QINnJ;1;"2017-11-23 00:00:00";"2017-11-23 23:59:59";16;4065;20;10;0;<FLG>
V6155020;V615502002;QINnJ;1;"2017-11-24 00:00:00";"2017-11-24 23:59:59";16;4062;20;10;0;<FLG>
V6155020;V615502002;QINnJ;1;"2017-11-25 00:00:00";"2017-11-25 12:00:00";16;4061;20;10;0;<FLG>
V6155020;V615502002;QINnJ;1;"2017-11-26 00:00:00";"2017-11-26 00:00:00";16;4061;20;10;0;<FLG>
V6155020;V615502002;QINnJ;1;"2017-11-27 00:00:00";"2017-11-27 00:00:00";16;4061;20;10;0;<FLG>
V6155020;V615502002;QINnJ;1;"2017-11-28 00:00:00";"2017-11-28 00:00:00";16;4061;20;10;0;<FLG>
V6155020;V615502002;QINnJ;1;"2017-11-29 00:00:00";"2017-11-29 00:00:00";16;4061;20;10;0;<FLG>
V6155020;V615502002;QINnJ;1;"2017-11-30 00:00:00";"2017-11-30 00:00:00";16;4061;20;10;0;<FLG>
V6155020;V615502002;QINnJ;1;"2017-12-01 00:00:00";"2017-12-01 00:00:00";16;4061;20;10;0;<FLG>
V6155020;V615502002;QINnJ;1;"2017-12-02 00:00:00";"2017-12-02 23:59:59";16;4057;20;10;0;<FLG>
V6155020;V615502002;QINnJ;1;"2017-12-03 00:00:00";"2017-12-03 23:59:59";16;4050;20;10;0;<FLG>
V6155020;V615502002;QINnJ;1;"2017-12-04 00:00:00";"2017-12-04 23:59:59";16;4042;20;10;0;<FLG>
V6155020;V615502002;QINnJ;1;"2017-12-05 00:00:00";"2017-12-05 23:59:59";16;4035;20;10;0;<FLG>
V6155020;V615502002;QINnJ;1;"2017-12-06 00:00:00";"2017-12-06 23:59:59";16;4027;20;10;0;<FLG>
V6155020;V615502002;QINnJ;1;"2017-12-07 00:00:00";"2017-12-07 23:59:59";16;4020;20;10;0;<FLG>
V6155020;V615502002;QINnJ;1;"2017-12-08 00:00:00";"2017-12-08 23:59:59";16;4012;20;10;0;<FLG>
V6155020;V615502002;QINnJ;1;"2017-12-09 00:00:00";"2017-12-09 12:00:00";16;4008;20;10;0;<FLG>
V6155020;V615502002;QINnJ;1;"2017-12-10 00:00:00";"2017-12-10 00:00:00";16;6017;20;10;0;<FLG>
V6155020;V615502002;QINnJ;1;"2017-12-11 00:00:00";"2017-12-11 00:00:00";16;9904;20;10;0;<FLG>
V6155020;V615502002;QINnJ;1;"2017-12-12 00:00:00";"2017-12-12 00:00:00";16;13024;20;10;0;<FLG>
V6155020;V615502002;QINnJ;1;"2017-12-13 00:00:00";"2017-12-13 23:59:59";16;14741;20;10;0;<FLG>
V6155020;V615502002;QINnJ;1;"2017-12-14 00:00:00";"2017-12-14 23:59:59";16;12892;20;10;0;<FLG>
V6155020;V615502002;QINnJ;1;"2017-12-15 00:00:00";"2017-12-15 23:59:59";16;11301;20;10;0;<FLG>
V6155020;V615502002;QINnJ;1;"2017-12-16 00:00:00";"2017-12-16 23:59:59";16;10274;20;10;0;<FLG>
V6155020;V615502002;QINnJ;1;"2017-12-17 00:00:00";"2017-12-17 23:59:59";16;9475;20;10;0;<FLG>
V6155020;V615502002;QINnJ;1;"2017-12-18 00:00:00";"2017-12-18 23:59:59";16;9010;20;10;0;<FLG>
V6155020;V615502002;QINnJ;1;"2017-12-19 00:00:00";"2017-12-19 23:59:59";16;8544;20;10;0;<FLG>
V6155020;V615502002;QINnJ;1;"2017-12-20 00:00:00";"2017-12-20 23:59:59";16;8079;20;10;0;<FLG>
V6155020;V615502002;QINnJ;1;"2017-12-21 00:00:00";"2017-12-21 23:59:59";16;7604;20;10;0;<FLG>
V6155020;V615502002;QINnJ;1;"2017-12-22 00:00:00";"2017-12-22 23:59:59";16;7063;20;10;0;<FLG>
V6155020;V615502002;QINnJ;1;"2017-12-23 00:00:00";"2017-12-23 12:00:00";16;6793;20;10;0;<FLG>
V6155020;V615502002;QINnJ;1;"2017-12-24 00:00:00";"2017-12-24 00:00:00";16;6869;20;10;0;<FLG>
V6155020;V615502002;QINnJ;1;"2017-12-25 00:00:00";"2017-12-25 00:00:00";16;7020;20;10;0;<FLG>
V6155020;V615502002;QINnJ;1;"2017-12-26 00:00:00";"2017-12-26 00:00:00";16;7171;20;10;0;<FLG>
V6155020;V615502002;QINnJ;1;"2017-12-27 00:00:00";"2017-12-27 00:00:00";16;7323;20;10;0;<FLG>
V6155020;V615502002;QINnJ;1;"2017-12-28 00:00:00";"2017-12-28 00:00:00";16;7474;20;10;0;<FLG>
V6155020;V615502002;QINnJ;1;"2017-12-29 00:00:00";"2017-12-29 00:00:00";16;7658;20;10;0;<FLG>
V6155020;V615502002;QINnJ;1;"2017-12-30 00:00:00";"2017-12-30 12:00:00";16;7658;20;10;0;<FLG>
V6155020;V615502002;QINnJ;1;"2017-12-31 00:00:00";"2017-12-31 00:00:00";16;8719;20;10;0;<FLG>
V6155020;V615502002;QINnJ;1;"2018-01-01 00:00:00";"2018-01-01 00:00:00";16;10737;20;10;0;<FLG>
V6155020;V615502002;QINnJ;1;"2018-01-02 00:00:00";"2018-01-02 23:59:59";16;11442;20;10;0;<FLG>
V6155020;V615502002;QINnJ;1;"2018-01-03 00:00:00";"2018-01-03 12:00:00";16;11371;20;10;0;<FLG>
V6155020;V615502002;QINnJ;1;"2018-01-04 00:00:00";"2018-01-04 00:00:00";16;11371;20;10;0;<FLG>
V6155020;V615502002;QINnJ;1;"2018-01-05 00:00:00";"2018-01-05 00:00:00";16;11971;20;10;0;<FLG>
V6155020;V615502002;QINnJ;1;"2018-01-06 00:00:00";"2018-01-06 23:59:59";16;12358;20;10;0;<FLG>
V6155020;V615502002;QINnJ;1;"2018-01-07 00:00:00";"2018-01-07 23:59:59";16;11754;20;10;0;<FLG>
V6155020;V615502002;QINnJ;1;"2018-01-08 00:00:00";"2018-01-08 12:00:00";16;11412;20;10;0;<FLG>
V6155020;V615502002;QINnJ;1;"2018-01-09 00:00:00";"2018-01-09 00:00:00";16;13350;20;10;0;<FLG>
V6155020;V615502002;QINnJ;1;"2018-01-10 00:00:00";"2018-01-10 00:00:00";16;17475;20;10;0;<FLG>
V6155020;V615502002;QINnJ;1;"2018-01-11 00:00:00";"2018-01-11 00:00:00";16;20322;20;10;0;<FLG>
V6155020;V615502002;QINnJ;1;"2018-01-12 00:00:00";"2018-01-12 23:59:59";16;19060;20;10;0;<FLG>
V6155020;V615502002;QINnJ;1;"2018-01-13 00:00:00";"2018-01-13 23:59:59";16;17978;20;10;0;<FLG>
V6155020;V615502002;QINnJ;1;"2018-01-14 00:00:00";"2018-01-14 23:59:59";16;17072;20;10;0;<FLG>
V6155020;V615502002;QINnJ;1;"2018-01-15 00:00:00";"2018-01-15 23:59:59";16;16080;20;10;0;<FLG>
V6155020;V615502002;QINnJ;1;"2018-01-16 00:00:00";"2018-01-16 23:59:59";16;15518;20;10;0;<FLG>
V6155020;V615502002;QINnJ;1;"2018-01-17 00:00:00";"2018-01-17 23:59:59";16;15385;20;10;0;<FLG>
V6155020;V615502002;QINnJ;1;"2018-01-18 00:00:00";"2018-01-18 23:59:59";16;15252;20;10;0;<FLG>
V6155020;V615502002;QINnJ;1;"2018-01-19 00:00:00";"2018-01-19 23:59:59";16;15119;20;10;0;<FLG>
V6155020;V615502002;QINnJ;1;"2018-01-20 00:00:00";"2018-01-20 23:59:59";16;14983;20;10;0;<FLG>
V6155020;V615502002;QINnJ;1;"2018-01-21 00:00:00";"2018-01-21 23:59:59";16;14816;20;10;0;<FLG>
V6155020;V615502002;QINnJ;1;"2018-01-22 00:00:00";"2018-01-22 12:00:00";16;14733;20;10;0;<FLG>
V6155020;V615502002;QINnJ;1;"2018-01-23 00:00:00";"2018-01-23 00:00:00";16;14933;20;10;0;<FLG>
V6155020;V615502002;QINnJ;1;"2018-01-24 00:00:00";"2018-01-24 00:00:00";16;15265;20;10;0;<FLG>
V6155020;V615502002;QINnJ;1;"2018-01-25 00:00:00";"2018-01-25 00:00:00";16;15696;20;10;0;<FLG>
V6155020;V615502002;QINnJ;1;"2018-01-26 00:00:00";"2018-01-26 00:00:00";16;16238;20;10;0;<FLG>
V6155020;V615502002;QINnJ;1;"2018-01-27 00:00:00";"2018-01-27 00:00:00";16;16780;20;10;0;<FLG>
V6155020;V615502002;QINnJ;1;"2018-01-28 00:00:00";"2018-01-28 00:00:00";16;17319;20;10;0;<FLG>
V6155020;V615502002;QINnJ;1;"2018-01-29 00:00:00";"2018-01-29 00:00:00";16;17801;20;10;0;<FLG>
V6155020;V615502002;QINnJ;1;"2018-01-30 00:00:00";"2018-01-30 23:59:59";16;17687;20;10;0;<FLG>
V6155020;V615502002;QINnJ;1;"2018-01-31 00:00:00";"2018-01-31 23:59:59";16;17334;20;10;0;<FLG>
V6155020;V615502002;QINnJ;1;"2018-02-01 00:00:00";"2018-02-01 23:59:59";16;16806;20;10;0;<FLG>
V6155020;V615502002;QINnJ;1;"2018-02-02 00:00:00";"2018-02-02 23:59:59";16;16321;20;10;0;<FLG>
V6155020;V615502002;QINnJ;1;"2018-02-03 00:00:00";"2018-02-03 23:59:59";16;15883;20;10;0;<FLG>
V6155020;V615502002;QINnJ;1;"2018-02-04 00:00:00";"2018-02-04 23:59:59";16;15445;20;10;0;<FLG>
V6155020;V615502002;QINnJ;1;"2018-02-05 00:00:00";"2018-02-05 23:59:59";16;15006;20;10;0;<FLG>
V6155020;V615502002;QINnJ;1;"2018-02-06 00:00:00";"2018-02-06 23:59:59";16;14524;20;10;0;<FLG>
V6155020;V615502002;QINnJ;1;"2018-02-07 00:00:00";"2018-02-07 23:59:59";16;14108;20;10;0;<FLG>
V6155020;V615502002;QINnJ;1;"2018-02-08 00:00:00";"2018-02-08 23:59:59";16;13691;20;10;0;<FLG>
V6155020;V615502002;QINnJ;1;"2018-02-09 00:00:00";"2018-02-09 23:59:59";16;13275;20;10;0;<FLG>
V6155020;V615502002;QINnJ;1;"2018-02-10 00:00:00";"2018-02-10 23:59:59";16;12922;20;10;0;<FLG>
V6155020;V615502002;QINnJ;1;"2018-02-11 00:00:00";"2018-02-11 23:59:59";16;12619;20;10;0;<FLG>
V6155020;V615502002;QINnJ;1;"2018-02-12 00:00:00";"2018-02-12 23:59:59";16;12271;20;10;0;<FLG>
V6155020;V615502002;QINnJ;1;"2018-02-13 00:00:00";"2018-02-13 23:59:59";16;11922;20;10;0;<FLG>
V6155020;V615502002;QINnJ;1;"2018-02-14 00:00:00";"2018-02-14 23:59:59";16;11573;20;10;0;<FLG>
V6155020;V615502002;QINnJ;1;"2018-02-15 00:00:00";"2018-02-15 23:59:59";16;11224;20;10;0;<FLG>
V6155020;V615502002;QINnJ;1;"2018-02-16 00:00:00";"2018-02-16 12:00:00";16;11049;20;10;0;<FLG>
V6155020;V615502002;QINnJ;1;"2018-02-17 00:00:00";"2018-02-17 00:00:00";16;11158;20;10;0;<FLG>
V6155020;V615502002;QINnJ;1;"2018-02-18 00:00:00";"2018-02-18 00:00:00";16;11375;20;10;0;<FLG>
V6155020;V615502002;QINnJ;1;"2018-02-19 00:00:00";"2018-02-19 00:00:00";16;11593;20;10;0;<FLG>
V6155020;V615502002;QINnJ;1;"2018-02-20 00:00:00";"2018-02-20 00:00:00";16;11810;20;10;0;<FLG>
V6155020;V615502002;QINnJ;1;"2018-02-21 00:00:00";"2018-02-21 00:00:00";16;12028;20;10;0;<FLG>
V6155020;V615502002;QINnJ;1;"2018-02-22 00:00:00";"2018-02-22 23:59:59";16;11810;20;10;0;<FLG>
V6155020;V615502002;QINnJ;1;"2018-02-23 00:00:00";"2018-02-23 23:59:59";16;11593;20;10;0;<FLG>
V6155020;V615502002;QINnJ;1;"2018-02-24 00:00:00";"2018-02-24 23:59:59";16;11375;20;10;0;<FLG>
V6155020;V615502002;QINnJ;1;"2018-02-25 00:00:00";"2018-02-25 23:59:59";16;11158;20;10;0;<FLG>
V6155020;V615502002;QINnJ;1;"2018-02-26 00:00:00";"2018-02-26 12:00:00";16;11049;20;10;0;<FLG>
V6155020;V615502002;QINnJ;1;"2018-02-27 00:00:00";"2018-02-27 00:00:00";16;11863;20;10;0;<FLG>
V6155020;V615502002;QINnJ;1;"2018-02-28 00:00:00";"2018-02-28 00:00:00";16;13353;20;10;0;<FLG>
V6155020;V615502002;QINnJ;1;"2018-03-01 00:00:00";"2018-03-01 00:00:00";16;14699;20;10;0;<FLG>
V6155020;V615502002;QINnJ;1;"2018-03-02 00:00:00";"2018-03-02 00:00:00";16;15834;20;10;0;<FLG>
V6155020;V615502002;QINnJ;1;"2018-03-03 00:00:00";"2018-03-03 00:00:00";16;16907;20;10;0;<FLG>
V6155020;V615502002;QINnJ;1;"2018-03-04 00:00:00";"2018-03-04 00:00:00";16;18834;20;10;0;<FLG>
V6155020;V615502002;QINnJ;1;"2018-03-05 00:00:00";"2018-03-05 00:00:00";16;28633;20;10;0;<FLG>
V6155020;V615502002;QINnJ;1;"2018-03-06 00:00:00";"2018-03-06 00:00:00";16;31574;20;10;0;<FLG>
V6155020;V615502002;QINnJ;1;"2018-03-07 00:00:00";"2018-03-07 00:00:00";16;32228;20;10;0;<FLG>
V6155020;V615502002;QINnJ;1;"2018-03-08 00:00:00";"2018-03-08 00:00:00";16;32881;20;10;0;<FLG>
V6155020;V615502002;QINnJ;1;"2018-03-09 00:00:00";"2018-03-09 23:59:59";16;31901;20;10;0;<FLG>
V6155020;V615502002;QINnJ;1;"2018-03-10 00:00:00";"2018-03-10 23:59:59";16;27980;20;10;0;<FLG>
V6155020;V615502002;QINnJ;1;"2018-04-21 00:00:00";"2018-04-21 23:59:59";16;36476;20;10;6;<FLG>
V6155020;V615502002;QINnJ;1;"2018-04-22 00:00:00";"2018-04-22 23:59:59";16;34733;20;10;0;<FLG>
V6155020;V615502002;QINnJ;1;"2018-04-23 00:00:00";"2018-04-23 23:59:59";16;33208;20;10;0;<FLG>
V6155020;V615502002;QINnJ;1;"2018-04-24 00:00:00";"2018-04-24 23:59:59";16;31901;20;10;0;<FLG>
V6155020;V615502002;QINnJ;1;"2018-04-25 00:00:00";"2018-04-25 23:59:59";16;29940;20;10;0;<FLG>
V6155020;V615502002;QINnJ;1;"2018-04-26 00:00:00";"2018-04-26 23:59:59";16;27326;20;10;0;<FLG>
V6155020;V615502002;QINnJ;1;"2018-04-27 00:00:00";"2018-04-27 23:59:59";16;25451;20;10;0;<FLG>
V6155020;V615502002;QINnJ;1;"2018-04-28 00:00:00";"2018-04-28 23:59:59";16;23697;20;10;0;<FLG>
V6155020;V615502002;QINnJ;1;"2018-04-29 00:00:00";"2018-04-29 23:59:59";16;22506;20;10;0;<FLG>
V6155020;V615502002;QINnJ;1;"2018-04-30 00:00:00";"2018-04-30 23:59:59";16;21529;20;10;0;<FLG>
V6155020;V615502002;QINnJ;1;"2018-05-01 00:00:00";"2018-05-01 12:00:00";16;21381;20;10;0;<FLG>
V6155020;V615502002;QINnJ;1;"2018-05-02 00:00:00";"2018-05-02 23:59:59";16;21234;20;10;0;<FLG>
V6155020;V615502002;QINnJ;1;"2018-05-03 00:00:00";"2018-05-03 23:59:59";16;20825;20;10;0;<FLG>
V6155020;V615502002;QINnJ;1;"2018-05-04 00:00:00";"2018-05-04 23:59:59";16;20473;20;10;0;<FLG>
V6155020;V615502002;QINnJ;1;"2018-05-05 00:00:00";"2018-05-05 23:59:59";16;20171;20;10;0;<FLG>
V6155020;V615502002;QINnJ;1;"2018-05-06 00:00:00";"2018-05-06 23:59:59";16;19883;20;10;0;<FLG>
V6155020;V615502002;QINnJ;1;"2018-05-07 00:00:00";"2018-05-07 12:00:00";16;19702;20;10;0;<FLG>
V6155020;V615502002;QINnJ;1;"2018-05-08 00:00:00";"2018-05-08 00:00:00";16;19973;20;10;0;<FLG>
V6155020;V615502002;QINnJ;1;"2018-05-09 00:00:00";"2018-05-09 00:00:00";16;20624;20;10;0;<FLG>
V6155020;V615502002;QINnJ;1;"2018-05-10 00:00:00";"2018-05-10 00:00:00";16;20938;20;10;0;<FLG>
V6155020;V615502002;QINnJ;1;"2018-05-11 00:00:00";"2018-05-11 00:00:00";16;21381;20;10;0;<FLG>
V6155020;V615502002;QINnJ;1;"2018-05-12 00:00:00";"2018-05-12 23:59:59";16;21612;20;10;0;<FLG>
V6155020;V615502002;QINnJ;1;"2018-05-13 00:00:00";"2018-05-13 23:59:59";16;21455;20;10;0;<FLG>
V6155020;V615502002;QINnJ;1;"2018-05-14 00:00:00";"2018-05-14 12:00:00";16;21381;20;10;0;<FLG>
V6155020;V615502002;QINnJ;1;"2018-05-15 00:00:00";"2018-05-15 00:00:00";16;21529;20;10;0;<FLG>
V6155020;V615502002;QINnJ;1;"2018-05-16 00:00:00";"2018-05-16 00:00:00";16;22506;20;10;0;<FLG>
V6155020;V615502002;QINnJ;1;"2018-05-17 00:00:00";"2018-05-17 23:59:59";16;21529;20;10;0;<FLG>
V6155020;V615502002;QINnJ;1;"2018-05-18 00:00:00";"2018-05-18 12:00:00";16;21381;20;10;0;<FLG>
V6155020;V615502002;QINnJ;1;"2018-05-19 00:00:00";"2018-05-19 00:00:00";16;21381;20;10;0;<FLG>
V6155020;V615502002;QINnJ;1;"2018-05-20 00:00:00";"2018-05-20 00:00:00";16;21381;20;10;0;<FLG>
V6155020;V615502002;QINnJ;1;"2018-05-21 00:00:00";"2018-05-21 00:00:00";16;21381;20;10;0;<FLG>
V6155020;V615502002;QINnJ;1;"2018-05-22 00:00:00";"2018-05-22 00:00:00";16;21381;20;10;0;<FLG>
V6155020;V615502002;QINnJ;1;"2018-05-23 00:00:00";"2018-05-23 00:00:00";16;22506;20;10;0;<FLG>
V6155020;V615502002;QINnJ;1;"2018-05-24 00:00:00";"2018-05-24 00:00:00";16;26385;20;10;0;<FLG>
V6155020;V615502002;QINnJ;1;"2018-05-25 00:00:00";"2018-05-25 23:59:59";16;27326;20;10;0;<FLG>
V6155020;V615502002;QINnJ;1;"2018-05-26 00:00:00";"2018-05-26 23:59:59";16;25451;20;10;0;<FLG>
V6155020;V615502002;QINnJ;1;"2018-05-27 00:00:00";"2018-05-27 12:00:00";16;24516;20;10;0;<FLG>
V6155020;V615502002;QINnJ;1;"2018-05-28 00:00:00";"2018-05-28 00:00:00";16;24516;20;10;0;<FLG>
V6155020;V615502002;QINnJ;1;"2018-05-29 00:00:00";"2018-05-29 23:59:59";16;23697;20;10;0;<FLG>
V6155020;V615502002;QINnJ;1;"2018-05-30 00:00:00";"2018-05-30 12:00:00";16;23102;20;10;0;<FLG>
V6155020;V615502002;QINnJ;1;"2018-05-31 00:00:00";"2018-05-31 00:00:00";16;23102;20;10;0;<FLG>
V6155020;V615502002;QINnJ;1;"2018-06-01 00:00:00";"2018-06-01 00:00:00";16;23102;20;10;0;<FLG>
V6155020;V615502002;QINnJ;1;"2018-06-02 00:00:00";"2018-06-02 00:00:00";16;23102;20;10;0;<FLG>
V6155020;V615502002;QINnJ;1;"2018-06-03 00:00:00";"2018-06-03 00:00:00";16;23102;20;10;0;<FLG>
V6155020;V615502002;QINnJ;1;"2018-06-04 00:00:00";"2018-06-04 00:00:00";16;23102;20;10;0;<FLG>
V6155020;V615502002;QINnJ;1;"2018-06-05 00:00:00";"2018-06-05 00:00:00";16;23102;20;10;0;<FLG>
V6155020;V615502002;QINnJ;1;"2018-06-06 00:00:00";"2018-06-06 00:00:00";16;23102;20;10;0;<FLG>
V6155020;V615502002;QINnJ;1;"2018-06-07 00:00:00";"2018-06-07 23:59:59";16;22506;20;10;0;<FLG>
V6155020;V615502002;QINnJ;1;"2018-06-08 00:00:00";"2018-06-08 12:00:00";16;21910;20;10;0;<FLG>
V6155020;V615502002;QINnJ;1;"2018-06-09 00:00:00";"2018-06-09 23:59:59";16;21612;20;10;0;<FLG>
V6155020;V615502002;QINnJ;1;"2018-06-10 00:00:00";"2018-06-10 23:59:59";16;21455;20;10;0;<FLG>
V6155020;V615502002;QINnJ;1;"2018-06-11 00:00:00";"2018-06-11 12:00:00";16;21381;20;10;0;<FLG>
V6155020;V615502002;QINnJ;1;"2018-06-12 00:00:00";"2018-06-12 00:00:00";16;21381;20;10;0;<FLG>
V6155020;V615502002;QINnJ;1;"2018-06-13 00:00:00";"2018-06-13 23:59:59";16;21308;20;10;0;<FLG>
V6155020;V615502002;QINnJ;1;"2018-06-14 00:00:00";"2018-06-14 23:59:59";16;21160;20;10;0;<FLG>
V6155020;V615502002;QINnJ;1;"2018-06-15 00:00:00";"2018-06-15 23:59:59";16;20876;20;10;0;<FLG>
V6155020;V615502002;QINnJ;1;"2018-06-16 00:00:00";"2018-06-16 23:59:59";16;20574;20;10;0;<FLG>
V6155020;V615502002;QINnJ;1;"2018-06-17 00:00:00";"2018-06-17 23:59:59";16;20094;20;10;0;<FLG>
V6155020;V615502002;QINnJ;1;"2018-06-18 00:00:00";"2018-06-18 23:59:59";16;19793;20;10;0;<FLG>
V6155020;V615502002;QINnJ;1;"2018-06-19 00:00:00";"2018-06-19 23:59:59";16;19495;20;10;0;<FLG>
V6155020;V615502002;QINnJ;1;"2018-06-20 00:00:00";"2018-06-20 23:59:59";16;19286;20;10;0;<FLG>
V6155020;V615502002;QINnJ;1;"2018-06-21 00:00:00";"2018-06-21 23:59:59";16;19035;20;10;0;<FLG>
V6155020;V615502002;QINnJ;1;"2018-06-22 00:00:00";"2018-06-22 23:59:59";16;18784;20;10;0;<FLG>
V6155020;V615502002;QINnJ;1;"2018-06-23 00:00:00";"2018-06-23 23:59:59";16;18537;20;10;0;<FLG>
V6155020;V615502002;QINnJ;1;"2018-06-24 00:00:00";"2018-06-24 23:59:59";16;18301;20;10;0;<FLG>
V6155020;V615502002;QINnJ;1;"2018-06-25 00:00:00";"2018-06-25 23:59:59";16;18171;20;10;0;<FLG>
V6155020;V615502002;QINnJ;1;"2018-06-26 00:00:00";"2018-06-26 23:59:59";16;18147;20;10;0;<FLG>
V6155020;V615502002;QINnJ;1;"2018-06-27 00:00:00";"2018-06-27 23:59:59";16;18014;20;10;0;<FLG>
V6155020;V615502002;QINnJ;1;"2018-06-28 00:00:00";"2018-06-28 23:59:59";16;17772;20;10;0;<FLG>
V6155020;V615502002;QINnJ;1;"2018-06-29 00:00:00";"2018-06-29 23:59:59";16;17529;20;10;0;<FLG>
V6155020;V615502002;QINnJ;1;"2018-06-30 00:00:00";"2018-06-30 23:59:59";16;17285;20;10;0;<FLG>
V6155020;V615502002;QINnJ;1;"2018-07-01 00:00:00";"2018-07-01 23:59:59";16;17011;20;10;0;<FLG>
V6155020;V615502002;QINnJ;1;"2018-07-02 00:00:00";"2018-07-02 23:59:59";16;16738;20;10;0;<FLG>
V6155020;V615502002;QINnJ;1;"2018-07-03 00:00:00";"2018-07-03 23:59:59";16;16465;20;10;0;<FLG>
V6155020;V615502002;QINnJ;1;"2018-07-04 00:00:00";"2018-07-04 23:59:59";16;16191;20;10;0;<FLG>
V6155020;V615502002;QINnJ;1;"2018-07-05 00:00:00";"2018-07-05 23:59:59";16;15918;20;10;0;<FLG>
V6155020;V615502002;QINnJ;1;"2018-07-06 00:00:00";"2018-07-06 23:59:59";16;15645;20;10;0;<FLG>
V6155020;V615502002;QINnJ;1;"2018-07-07 00:00:00";"2018-07-07 23:59:59";16;15371;20;10;0;<FLG>
V6155020;V615502002;QINnJ;1;"2018-07-08 00:00:00";"2018-07-08 23:59:59";16;15098;20;10;0;<FLG>
V6155020;V615502002;QINnJ;1;"2018-07-09 00:00:00";"2018-07-09 23:59:59";16;14780;20;10;0;<FLG>
V6155020;V615502002;QINnJ;1;"2018-07-10 00:00:00";"2018-07-10 23:59:59";16;14438;20;10;0;<FLG>
V6155020;V615502002;QINnJ;1;"2018-07-11 00:00:00";"2018-07-11 23:59:59";16;14169;20;10;0;<FLG>
V6155020;V615502002;QINnJ;1;"2018-07-12 00:00:00";"2018-07-12 23:59:59";16;13975;20;10;0;<FLG>
V6155020;V615502002;QINnJ;1;"2018-07-13 00:00:00";"2018-07-13 23:59:59";16;13782;20;10;0;<FLG>
V6155020;V615502002;QINnJ;1;"2018-07-14 00:00:00";"2018-07-14 23:59:59";16;13588;20;10;0;<FLG>
V6155020;V615502002;QINnJ;1;"2018-07-15 00:00:00";"2018-07-15 23:59:59";16;13394;20;10;0;<FLG>
V6155020;V615502002;QINnJ;1;"2018-07-16 00:00:00";"2018-07-16 23:59:59";16;13200;20;10;0;<FLG>
V6155020;V615502002;QINnJ;1;"2018-07-17 00:00:00";"2018-07-17 23:59:59";16;13006;20;10;0;<FLG>
V6155020;V615502002;QINnJ;1;"2018-07-18 00:00:00";"2018-07-18 23:59:59";16;12812;20;10;0;<FLG>
V6155020;V615502002;QINnJ;1;"2018-07-19 00:00:00";"2018-07-19 23:59:59";16;12601;20;10;0;<FLG>
V6155020;V615502002;QINnJ;1;"2018-07-20 00:00:00";"2018-07-20 23:59:59";16;12367;20;10;0;<FLG>
V6155020;V615502002;QINnJ;1;"2018-07-21 00:00:00";"2018-07-21 23:59:59";16;12133;20;10;0;<FLG>
V6155020;V615502002;QINnJ;1;"2018-07-22 00:00:00";"2018-07-22 23:59:59";16;11945;20;10;0;<FLG>
V6155020;V615502002;QINnJ;1;"2018-07-23 00:00:00";"2018-07-23 23:59:59";16;11804;20;10;0;<FLG>
V6155020;V615502002;QINnJ;1;"2018-07-24 00:00:00";"2018-07-24 23:59:59";16;11663;20;10;0;<FLG>
V6155020;V615502002;QINnJ;1;"2018-07-25 00:00:00";"2018-07-25 23:59:59";16;11522;20;10;0;<FLG>
V6155020;V615502002;QINnJ;1;"2018-07-26 00:00:00";"2018-07-26 23:59:59";16;11394;20;10;0;<FLG>
V6155020;V615502002;QINnJ;1;"2018-07-27 00:00:00";"2018-07-27 23:59:59";16;11279;20;10;0;<FLG>
V6155020;V615502002;QINnJ;1;"2018-07-28 00:00:00";"2018-07-28 23:59:59";16;11163;20;10;0;<FLG>
V6155020;V615502002;QINnJ;1;"2018-07-29 00:00:00";"2018-07-29 23:59:59";16;11087;20;10;0;<FLG>
V6155020;V615502002;QINnJ;1;"2018-07-30 00:00:00";"2018-07-30 23:59:59";16;11048;20;10;0;<FLG>
V6155020;V615502002;QINnJ;1;"2018-07-31 00:00:00";"2018-07-31 23:59:59";16;11010;20;10;0;<FLG>
V6155020;V615502002;QINnJ;1;"2018-08-01 00:00:00";"2018-08-01 23:59:59";16;10972;20;10;0;<FLG>
V6155020;V615502002;QINnJ;1;"2018-08-02 00:00:00";"2018-08-02 23:59:59";16;10934;20;10;0;<FLG>
V6155020;V615502002;QINnJ;1;"2018-08-03 00:00:00";"2018-08-03 23:59:59";16;10895;20;10;0;<FLG>
V6155020;V615502002;QINnJ;1;"2018-08-04 00:00:00";"2018-08-04 23:59:59";16;10857;20;10;0;<FLG>
V6155020;V615502002;QINnJ;1;"2018-08-05 00:00:00";"2018-08-05 23:59:59";16;10819;20;10;0;<FLG>
V6155020;V615502002;QINnJ;1;"2018-08-06 00:00:00";"2018-08-06 23:59:59";16;10781;20;10;0;<FLG>
V6155020;V615502002;QINnJ;1;"2018-08-07 00:00:00";"2018-08-07 23:59:59";16;10742;20;10;0;<FLG>
V6155020;V615502002;QINnJ;1;"2018-08-08 00:00:00";"2018-08-08 23:59:59";16;10704;20;10;0;<FLG>
V6155020;V615502002;QINnJ;1;"2018-08-09 00:00:00";"2018-08-09 23:59:59";16;10666;20;10;0;<FLG>
V6155020;V615502002;QINnJ;1;"2018-08-10 00:00:00";"2018-08-10 12:00:00";16;10647;20;10;0;<FLG>
V6155020;V615502002;QINnJ;1;"2018-08-11 00:00:00";"2018-08-11 00:00:00";16;10727;20;10;0;<FLG>
V6155020;V615502002;QINnJ;1;"2018-08-12 00:00:00";"2018-08-12 23:59:59";16;10727;20;10;0;<FLG>
V6155020;V615502002;QINnJ;1;"2018-08-13 00:00:00";"2018-08-13 23:59:59";16;10674;20;10;0;<FLG>
V6155020;V615502002;QINnJ;1;"2018-08-14 00:00:00";"2018-08-14 23:59:59";16;10513;20;10;0;<FLG>
V6155020;V615502002;QINnJ;1;"2018-08-15 00:00:00";"2018-08-15 23:59:59";16;10244;20;10;0;<FLG>
V6155020;V615502002;QINnJ;1;"2018-08-16 00:00:00";"2018-08-16 23:59:59";16;9956;20;10;0;<FLG>
V6155020;V615502002;QINnJ;1;"2018-08-17 00:00:00";"2018-08-17 23:59:59";16;9766;20;10;0;<FLG>
V6155020;V615502002;QINnJ;1;"2018-08-18 00:00:00";"2018-08-18 23:59:59";16;9696;20;10;0;<FLG>
V6155020;V615502002;QINnJ;1;"2018-08-19 00:00:00";"2018-08-19 23:59:59";16;9603;20;10;0;<FLG>
V6155020;V615502002;QINnJ;1;"2018-08-20 00:00:00";"2018-08-20 23:59:59";16;9487;20;10;0;<FLG>
V6155020;V615502002;QINnJ;1;"2018-08-21 00:00:00";"2018-08-21 12:00:00";16;9429;20;10;0;<FLG>
V6155020;V615502002;QINnJ;1;"2018-08-22 00:00:00";"2018-08-22 00:00:00";16;9510;20;10;0;<FLG>
V6155020;V615502002;QINnJ;1;"2018-08-23 00:00:00";"2018-08-23 00:00:00";16;9673;20;10;0;<FLG>
V6155020;V615502002;QINnJ;1;"2018-08-24 00:00:00";"2018-08-24 23:59:59";16;9580;20;10;0;<FLG>
V6155020;V615502002;QINnJ;1;"2018-08-25 00:00:00";"2018-08-25 23:59:59";16;9324;20;10;0;<FLG>
V6155020;V615502002;QINnJ;1;"2018-08-26 00:00:00";"2018-08-26 23:59:59";16;9120;20;10;0;<FLG>
V6155020;V615502002;QINnJ;1;"2018-08-27 00:00:00";"2018-08-27 23:59:59";16;8969;20;10;0;<FLG>
V6155020;V615502002;QINnJ;1;"2018-08-28 00:00:00";"2018-08-28 23:59:59";16;8818;20;10;0;<FLG>
V6155020;V615502002;QINnJ;1;"2018-08-29 00:00:00";"2018-08-29 23:59:59";16;8666;20;10;0;<FLG>
V6155020;V615502002;QINnJ;1;"2018-08-30 00:00:00";"2018-08-30 23:59:59";16;8548;20;10;0;<FLG>
V6155020;V615502002;QINnJ;1;"2018-08-31 00:00:00";"2018-08-31 23:59:59";16;8464;20;10;0;<FLG>
V6155020;V615502002;QINnJ;1;"2018-09-01 00:00:00";"2018-09-01 23:59:59";16;8379;20;10;0;<FLG>
V6155020;V615502002;QINnJ;1;"2018-09-02 00:00:00";"2018-09-02 23:59:59";16;8295;20;10;0;<FLG>
V6155020;V615502002;QINnJ;1;"2018-09-03 00:00:00";"2018-09-03 23:59:59";16;8210;20;10;0;<FLG>
V6155020;V615502002;QINnJ;1;"2018-09-04 00:00:00";"2018-09-04 23:59:59";16;8125;20;10;0;<FLG>
V6155020;V615502002;QINnJ;1;"2018-09-05 00:00:00";"2018-09-05 23:59:59";16;8041;20;10;0;<FLG>
V6155020;V615502002;QINnJ;1;"2018-09-06 00:00:00";"2018-09-06 23:59:59";16;7956;20;10;0;<FLG>
V6155020;V615502002;QINnJ;1;"2018-09-07 00:00:00";"2018-09-07 23:59:59";16;7871;20;10;0;<FLG>
V6155020;V615502002;QINnJ;1;"2018-09-08 00:00:00";"2018-09-08 23:59:59";16;7787;20;10;0;<FLG>
V6155020;V615502002;QINnJ;1;"2018-09-09 00:00:00";"2018-09-09 23:59:59";16;7702;20;10;0;<FLG>
V6155020;V615502002;QINnJ;1;"2018-09-10 00:00:00";"2018-09-10 23:59:59";16;7618;20;10;0;<FLG>
V6155020;V615502002;QINnJ;1;"2018-09-11 00:00:00";"2018-09-11 23:59:59";16;7536;20;10;0;<FLG>
V6155020;V615502002;QINnJ;1;"2018-09-12 00:00:00";"2018-09-12 23:59:59";16;7442;20;10;0;<FLG>
V6155020;V615502002;QINnJ;1;"2018-09-13 00:00:00";"2018-09-13 23:59:59";16;7334;20;10;0;<FLG>
V6155020;V615502002;QINnJ;1;"2018-09-14 00:00:00";"2018-09-14 23:59:59";16;7226;20;10;0;<FLG>
V6155020;V615502002;QINnJ;1;"2018-09-15 00:00:00";"2018-09-15 23:59:59";16;7117;20;10;0;<FLG>
V6155020;V615502002;QINnJ;1;"2018-09-16 00:00:00";"2018-09-16 23:59:59";16;7052;20;10;0;<FLG>
V6155020;V615502002;QINnJ;1;"2018-09-17 00:00:00";"2018-09-17 23:59:59";16;7031;20;10;0;<FLG>
V6155020;V615502002;QINnJ;1;"2018-09-18 00:00:00";"2018-09-18 23:59:59";16;7009;20;10;0;<FLG>
V6155020;V615502002;QINnJ;1;"2018-09-19 00:00:00";"2018-09-19 23:59:59";16;6988;20;10;0;<FLG>
V6155020;V615502002;QINnJ;1;"2018-09-20 00:00:00";"2018-09-20 23:59:59";16;6966;20;10;0;<FLG>
V6155020;V615502002;QINnJ;1;"2018-09-21 00:00:00";"2018-09-21 23:59:59";16;6935;20;10;0;<FLG>
V6155020;V615502002;QINnJ;1;"2018-09-22 00:00:00";"2018-09-22 23:59:59";16;6894;20;10;0;<FLG>
V6155020;V615502002;QINnJ;1;"2018-09-23 00:00:00";"2018-09-23 23:59:59";16;6854;20;10;0;<FLG>
V6155020;V615502002;QINnJ;1;"2018-09-24 00:00:00";"2018-09-24 23:59:59";16;6813;20;10;0;<FLG>
V6155020;V615502002;QINnJ;1;"2018-09-25 00:00:00";"2018-09-25 23:59:59";16;6777;20;10;0;<FLG>
V6155020;V615502002;QINnJ;1;"2018-09-26 00:00:00";"2018-09-26 23:59:59";16;6744;20;10;0;<FLG>
V6155020;V615502002;QINnJ;1;"2018-09-27 00:00:00";"2018-09-27 23:59:59";16;6712;20;10;0;<FLG>
V6155020;V615502002;QINnJ;1;"2018-09-28 00:00:00";"2018-09-28 23:59:59";16;6679;20;10;0;<FLG>
V6155020;V615502002;QINnJ;1;"2018-09-29 00:00:00";"2018-09-29 23:59:59";16;6647;20;10;0;<FLG>
V6155020;V615502002;QINnJ;1;"2018-09-30 00:00:00";"2018-09-30 23:59:59";16;6583;20;10;0;<FLG>
V6155020;V615502002;QINnJ;1;"2018-10-01 00:00:00";"2018-10-01 23:59:59";16;6489;20;10;0;<FLG>
V6155020;V615502002;QINnJ;1;"2018-10-02 00:00:00";"2018-10-02 23:59:59";16;6394;20;10;0;<FLG>
V6155020;V615502002;QINnJ;1;"2018-10-03 00:00:00";"2018-10-03 23:59:59";16;6300;20;10;0;<FLG>
V6155020;V615502002;QINnJ;1;"2018-10-04 00:00:00";"2018-10-04 12:00:00";16;6252;20;10;0;<FLG>
V6155020;V615502002;QINnJ;1;"2018-10-05 00:00:00";"2018-10-05 00:00:00";16;6252;20;10;0;<FLG>
V6155020;V615502002;QINnJ;1;"2018-10-06 00:00:00";"2018-10-06 00:00:00";16;6252;20;10;0;<FLG>
V6155020;V615502002;QINnJ;1;"2018-10-07 00:00:00";"2018-10-07 00:00:00";16;6252;20;10;0;<FLG>
V6155020;V615502002;QINnJ;1;"2018-10-08 00:00:00";"2018-10-08 00:00:00";16;6252;20;10;0;<FLG>
V6155020;V615502002;QINnJ;1;"2018-10-09 00:00:00";"2018-10-09 00:00:00";16;6252;20;10;0;<FLG>
V6155020;V615502002;QINnJ;1;"2018-10-10 00:00:00";"2018-10-10 00:00:00";16;6441;20;10;0;<FLG>
V6155020;V615502002;QINnJ;1;"2018-10-11 00:00:00";"2018-10-11 00:00:00";16;6820;20;10;0;<FLG>
V6155020;V615502002;QINnJ;1;"2018-10-12 00:00:00";"2018-10-12 00:00:00";16;7442;20;10;0;<FLG>
V6155020;V615502002;QINnJ;1;"2018-10-13 00:00:00";"2018-10-13 23:59:59";16;7401;20;10;0;<FLG>
V6155020;V615502002;QINnJ;1;"2018-10-14 00:00:00";"2018-10-14 23:59:59";16;7104;20;10;0;<FLG>
V6155020;V615502002;QINnJ;1;"2018-10-15 00:00:00";"2018-10-15 23:59:59";16;6806;20;10;0;<FLG>
V6155020;V615502002;QINnJ;1;"2018-10-16 00:00:00";"2018-10-16 23:59:59";16;6509;20;10;0;<FLG>
V6155020;V615502002;QINnJ;1;"2018-10-17 00:00:00";"2018-10-17 23:59:59";16;6340;20;10;0;<FLG>
V6155020;V615502002;QINnJ;1;"2018-10-18 00:00:00";"2018-10-18 23:59:59";16;6300;20;10;0;<FLG>
V6155020;V615502002;QINnJ;1;"2018-10-19 00:00:00";"2018-10-19 23:59:59";16;6259;20;10;0;<FLG>
V6155020;V615502002;QINnJ;1;"2018-10-20 00:00:00";"2018-10-20 23:59:59";16;6218;20;10;0;<FLG>
V6155020;V615502002;QINnJ;1;"2018-10-21 00:00:00";"2018-10-21 23:59:59";16;6178;20;10;0;<FLG>
V6155020;V615502002;QINnJ;1;"2018-10-22 00:00:00";"2018-10-22 23:59:59";16;6137;20;10;0;<FLG>
V6155020;V615502002;QINnJ;1;"2018-10-23 00:00:00";"2018-10-23 23:59:59";16;6097;20;10;0;<FLG>
V6155020;V615502002;QINnJ;1;"2018-10-24 00:00:00";"2018-10-24 23:59:59";16;6056;20;10;0;<FLG>
V6155020;V615502002;QINnJ;1;"2018-10-25 00:00:00";"2018-10-25 23:59:59";16;6026;20;10;0;<FLG>
V6155020;V615502002;QINnJ;1;"2018-10-26 00:00:00";"2018-10-26 23:59:59";16;6008;20;10;0;<FLG>
V6155020;V615502002;QINnJ;1;"2018-10-27 00:00:00";"2018-10-27 23:59:59";16;5990;20;10;0;<FLG>
V6155020;V615502002;QINnJ;1;"2018-10-28 00:00:00";"2018-10-28 12:00:00";16;5981;20;10;0;<FLG>
V6155020;V615502002;QINnJ;1;"2018-10-29 00:00:00";"2018-10-29 00:00:00";16;10194;20;10;0;<FLG>
V6155020;V615502002;QINnJ;1;"2018-10-30 00:00:00";"2018-10-30 00:00:00";16;16069;20;10;0;<FLG>
V6155020;V615502002;QINnJ;1;"2018-10-31 00:00:00";"2018-10-31 00:00:00";16;19160;20;10;0;<FLG>
V6155020;V615502002;QINnJ;1;"2018-11-01 00:00:00";"2018-11-01 00:00:00";16;31247;20;10;0;<FLG>
V6155020;V615502002;QINnJ;1;"2018-11-02 00:00:00";"2018-11-02 00:00:00";16;52790;20;10;0;<FLG>
V6155020;V615502002;QINnJ;1;"2018-11-03 00:00:00";"2018-11-03 23:59:59";16;53936;20;10;0;<FLG>
V6155020;V615502002;QINnJ;1;"2018-11-04 00:00:00";"2018-11-04 23:59:59";16;51645;20;10;0;<FLG>
V6155020;V615502002;QINnJ;1;"2018-11-05 00:00:00";"2018-11-05 12:00:00";16;50499;20;10;0;<FLG>
V6155020;V615502002;QINnJ;1;"2018-11-06 00:00:00";"2018-11-06 00:00:00";16;50499;20;10;0;<FLG>
V6155020;V615502002;QINnJ;1;"2018-11-07 00:00:00";"2018-11-07 00:00:00";16;50499;20;10;0;<FLG>
V6155020;V615502002;QINnJ;1;"2018-11-08 00:00:00";"2018-11-08 00:00:00";16;50499;20;10;0;<FLG>
V6155020;V615502002;QINnJ;1;"2018-11-09 00:00:00";"2018-11-09 00:00:00";16;50499;20;10;0;<FLG>
V6155020;V615502002;QINnJ;1;"2018-11-10 00:00:00";"2018-11-10 23:59:59";16;49353;20;10;0;<FLG>
V6155020;V615502002;QINnJ;1;"2018-11-11 00:00:00";"2018-11-11 23:59:59";16;47062;20;10;0;<FLG>
V6155020;V615502002;QINnJ;1;"2018-11-12 00:00:00";"2018-11-12 23:59:59";16;44844;20;10;0;<FLG>
V6155020;V615502002;QINnJ;1;"2018-11-13 00:00:00";"2018-11-13 23:59:59";16;43283;20;10;0;<FLG>
V6155020;V615502002;QINnJ;1;"2018-11-14 00:00:00";"2018-11-14 23:59:59";16;41201;20;10;0;<FLG>
V6155020;V615502002;QINnJ;1;"2018-11-15 00:00:00";"2018-11-15 23:59:59";16;38599;20;10;0;<FLG>
V6155020;V615502002;QINnJ;1;"2018-11-16 00:00:00";"2018-11-16 23:59:59";16;36258;20;10;0;<FLG>
V6155020;V615502002;QINnJ;1;"2018-11-17 00:00:00";"2018-11-17 23:59:59";16;34080;20;10;0;<FLG>
V6155020;V615502002;QINnJ;1;"2018-11-18 00:00:00";"2018-11-18 23:59:59";16;31901;20;10;0;<FLG>
V6155020;V615502002;QINnJ;1;"2018-11-19 00:00:00";"2018-11-19 23:59:59";16;29723;20;10;0;<FLG>
V6155020;V615502002;QINnJ;1;"2018-11-20 00:00:00";"2018-11-20 23:59:59";16;27326;20;10;0;<FLG>
V6155020;V615502002;QINnJ;1;"2018-11-21 00:00:00";"2018-11-21 12:00:00";16;26385;20;10;0;<FLG>
V6155020;V615502002;QINnJ;1;"2018-11-22 00:00:00";"2018-11-22 00:00:00";16;28198;20;10;0;<FLG>
V6155020;V615502002;QINnJ;1;"2018-11-23 00:00:00";"2018-11-23 00:00:00";16;32555;20;10;0;<FLG>
V6155020;V615502002;QINnJ;1;"2018-11-24 00:00:00";"2018-11-24 00:00:00";16;36912;20;10;0;<FLG>
V6155020;V615502002;QINnJ;1;"2018-11-25 00:00:00";"2018-11-25 00:00:00";16;42502;20;10;0;<FLG>
V6155020;V615502002;QINnJ;1;"2018-11-26 00:00:00";"2018-11-26 00:00:00";16;48208;20;10;0;<FLG>
V6155020;V615502002;QINnJ;1;"2018-11-27 00:00:00";"2018-11-27 00:00:00";16;50499;20;10;0;<FLG>
V6155020;V615502002;QINnJ;1;"2018-11-28 00:00:00";"2018-11-28 00:00:00";16;50499;20;10;0;<FLG>
V6155020;V615502002;QINnJ;1;"2018-11-29 00:00:00";"2018-11-29 23:59:59";16;49353;20;10;0;<FLG>
V6155020;V615502002;QINnJ;1;"2018-11-30 00:00:00";"2018-11-30 23:59:59";16;47062;20;10;0;<FLG>
V6155020;V615502002;QINnJ;1;"2018-12-01 00:00:00";"2018-12-01 23:59:59";16;44063;20;10;0;<FLG>
V6155020;V615502002;QINnJ;1;"2018-12-02 00:00:00";"2018-12-02 23:59:59";16;41722;20;10;0;<FLG>
V6155020;V615502002;QINnJ;1;"2018-12-03 00:00:00";"2018-12-03 23:59:59";16;40160;20;10;0;<FLG>
V6155020;V615502002;QINnJ;1;"2018-12-04 00:00:00";"2018-12-04 23:59:59";16;38209;20;10;0;<FLG>
V6155020;V615502002;QINnJ;1;"2018-12-05 00:00:00";"2018-12-05 23:59:59";16;36149;20;10;0;<FLG>
V6155020;V615502002;QINnJ;1;"2018-12-06 00:00:00";"2018-12-06 23:59:59";16;34188;20;10;0;<FLG>
V6155020;V615502002;QINnJ;1;"2018-12-07 00:00:00";"2018-12-07 23:59:59";16;32228;20;10;0;<FLG>
V6155020;V615502002;QINnJ;1;"2018-12-08 00:00:00";"2018-12-08 23:59:59";16;30725;20;10;0;<FLG>
V6155020;V615502002;QINnJ;1;"2018-12-09 00:00:00";"2018-12-09 23:59:59";16;29679;20;10;0;<FLG>
V6155020;V615502002;QINnJ;1;"2018-12-10 00:00:00";"2018-12-10 23:59:59";16;28633;20;10;0;<FLG>
V6155020;V615502002;QINnJ;1;"2018-12-11 00:00:00";"2018-12-11 23:59:59";16;27588;20;10;0;<FLG>
V6155020;V615502002;QINnJ;1;"2018-12-12 00:00:00";"2018-12-12 23:59:59";16;26758;20;10;0;<FLG>
V6155020;V615502002;QINnJ;1;"2018-12-13 00:00:00";"2018-12-13 23:59:59";16;25684;20;10;0;<FLG>
V6155020;V615502002;QINnJ;1;"2018-12-14 00:00:00";"2018-12-14 23:59:59";16;24283;20;10;0;<FLG>
V6155020;V615502002;QINnJ;1;"2018-12-15 00:00:00";"2018-12-15 23:59:59";16;23251;20;10;0;<FLG>
V6155020;V615502002;QINnJ;1;"2018-12-16 00:00:00";"2018-12-16 23:59:59";16;22357;20;10;0;<FLG>
V6155020;V615502002;QINnJ;1;"2018-12-17 00:00:00";"2018-12-17 12:00:00";16;21910;20;10;0;<FLG>
V6155020;V615502002;QINnJ;1;"2018-12-18 00:00:00";"2018-12-18 00:00:00";16;23102;20;10;0;<FLG>
V6155020;V615502002;QINnJ;1;"2018-12-19 00:00:00";"2018-12-19 00:00:00";16;26385;20;10;0;<FLG>
V6155020;V615502002;QINnJ;1;"2018-12-20 00:00:00";"2018-12-20 00:00:00";16;31247;20;10;0;<FLG>
V6155020;V615502002;QINnJ;1;"2018-12-21 00:00:00";"2018-12-21 00:00:00";16;36476;20;10;0;<FLG>
V6155020;V615502002;QINnJ;1;"2018-12-22 00:00:00";"2018-12-22 23:59:59";16;38859;20;10;0;<FLG>
V6155020;V615502002;QINnJ;1;"2018-12-23 00:00:00";"2018-12-23 23:59:59";16;37819;20;10;0;<FLG>
V6155020;V615502002;QINnJ;1;"2018-12-24 00:00:00";"2018-12-24 23:59:59";16;36912;20;10;0;<FLG>
V6155020;V615502002;QINnJ;1;"2018-12-25 00:00:00";"2018-12-25 23:59:59";16;35169;20;10;0;<FLG>
V6155020;V615502002;QINnJ;1;"2018-12-26 00:00:00";"2018-12-26 23:59:59";16;32555;20;10;0;<FLG>
V6155020;V615502002;QINnJ;1;"2018-12-27 00:00:00";"2018-12-27 23:59:59";16;29940;20;10;0;<FLG>
V6155020;V615502002;QINnJ;1;"2018-12-28 00:00:00";"2018-12-28 23:59:59";16;27980;20;10;0;<FLG>
V6155020;V615502002;QINnJ;1;"2018-12-29 00:00:00";"2018-12-29 23:59:59";16;26852;20;10;0;<FLG>
V6155020;V615502002;QINnJ;1;"2018-12-30 00:00:00";"2018-12-30 23:59:59";16;25762;20;10;0;<FLG>
V6155020;V615502002;QINnJ;1;"2018-12-31 00:00:00";"2018-12-31 23:59:59";16;24516;20;10;0;<FLG>
V6155020;V615502002;QINnJ;1;"2019-01-01 00:00:00";"2019-01-01 23:59:59";16;23499;20;10;0;<FLG>
V6155020;V615502002;QINnJ;1;"2019-01-02 00:00:00";"2019-01-02 23:59:59";16;22804;20;10;0;<FLG>
V6155020;V615502002;QINnJ;1;"2019-01-03 00:00:00";"2019-01-03 23:59:59";16;22208;20;10;0;<FLG>
V6155020;V615502002;QINnJ;1;"2019-01-04 00:00:00";"2019-01-04 23:59:59";16;21559;20;10;0;<FLG>
V6155020;V615502002;QINnJ;1;"2019-01-05 00:00:00";"2019-01-05 23:59:59";16;21322;20;10;0;<FLG>
V6155020;V615502002;QINnJ;1;"2019-01-06 00:00:00";"2019-01-06 23:59:59";16;21086;20;10;0;<FLG>
V6155020;V615502002;QINnJ;1;"2019-01-07 00:00:00";"2019-01-07 23:59:59";16;20866;20;10;0;<FLG>
V6155020;V615502002;QINnJ;1;"2019-01-08 00:00:00";"2019-01-08 23:59:59";16;20705;20;10;0;<FLG>
V6155020;V615502002;QINnJ;1;"2019-01-09 00:00:00";"2019-01-09 23:59:59";16;20302;20;10;0;<FLG>
V6155020;V615502002;QINnJ;1;"2019-01-10 00:00:00";"2019-01-10 23:59:59";16;19901;20;10;0;<FLG>
V6155020;V615502002;QINnJ;1;"2019-01-11 00:00:00";"2019-01-11 23:59:59";16;19612;20;10;0;<FLG>
V6155020;V615502002;QINnJ;1;"2019-01-12 00:00:00";"2019-01-12 23:59:59";16;19402;20;10;0;<FLG>
V6155020;V615502002;QINnJ;1;"2019-01-13 00:00:00";"2019-01-13 23:59:59";16;19241;20;10;0;<FLG>
V6155020;V615502002;QINnJ;1;"2019-01-14 00:00:00";"2019-01-14 23:59:59";16;19050;20;10;0;<FLG>
V6155020;V615502002;QINnJ;1;"2019-01-15 00:00:00";"2019-01-15 23:59:59";16;18829;20;10;0;<FLG>
V6155020;V615502002;QINnJ;1;"2019-01-16 00:00:00";"2019-01-16 23:59:59";16;18608;20;10;0;<FLG>
V6155020;V615502002;QINnJ;1;"2019-01-17 00:00:00";"2019-01-17 23:59:59";16;18400;20;10;0;<FLG>
V6155020;V615502002;QINnJ;1;"2019-01-18 00:00:00";"2019-01-18 23:59:59";16;18192;20;10;0;<FLG>
V6155020;V615502002;QINnJ;1;"2019-01-19 00:00:00";"2019-01-19 23:59:59";16;17998;20;10;0;<FLG>
V6155020;V615502002;QINnJ;1;"2019-01-20 00:00:00";"2019-01-20 23:59:59";16;17817;20;10;0;<FLG>
V6155020;V615502002;QINnJ;1;"2019-01-21 00:00:00";"2019-01-21 23:59:59";16;17636;20;10;0;<FLG>
V6155020;V615502002;QINnJ;1;"2019-01-22 00:00:00";"2019-01-22 23:59:59";16;17455;20;10;0;<FLG>
V6155020;V615502002;QINnJ;1;"2019-01-23 00:00:00";"2019-01-23 23:59:59";16;17271;20;10;0;<FLG>
V6155020;V615502002;QINnJ;1;"2019-01-24 00:00:00";"2019-01-24 23:59:59";16;17068;20;10;0;<FLG>
V6155020;V615502002;QINnJ;1;"2019-01-25 00:00:00";"2019-01-25 23:59:59";16;16866;20;10;0;<FLG>
V6155020;V615502002;QINnJ;1;"2019-01-26 00:00:00";"2019-01-26 23:59:59";16;16667;20;10;0;<FLG>
V6155020;V615502002;QINnJ;1;"2019-01-27 00:00:00";"2019-01-27 23:59:59";16;16468;20;10;0;<FLG>
V6155020;V615502002;QINnJ;1;"2019-01-28 00:00:00";"2019-01-28 23:59:59";16;16268;20;10;0;<FLG>
V6155020;V615502002;QINnJ;1;"2019-01-29 00:00:00";"2019-01-29 12:00:00";16;16169;20;10;0;<FLG>
V6155020;V615502002;QINnJ;1;"2019-01-30 00:00:00";"2019-01-30 00:00:00";16;16727;20;10;0;<FLG>
V6155020;V615502002;QINnJ;1;"2019-01-31 00:00:00";"2019-01-31 00:00:00";16;17782;20;10;0;<FLG>
V6155020;V615502002;QINnJ;1;"2019-02-01 00:00:00";"2019-02-01 00:00:00";16;18784;20;10;0;<FLG>
V6155020;V615502002;QINnJ;1;"2019-02-02 00:00:00";"2019-02-02 00:00:00";16;20120;20;10;0;<FLG>
V6155020;V615502002;QINnJ;1;"2019-02-03 00:00:00";"2019-02-03 00:00:00";16;32555;20;10;0;<FLG>
V6155020;V615502002;QINnJ;1;"2019-02-04 00:00:00";"2019-02-04 23:59:59";16;34515;20;10;0;<FLG>
V6155020;V615502002;QINnJ;1;"2019-02-05 00:00:00";"2019-02-05 23:59:59";16;32555;20;10;0;<FLG>
V6155020;V615502002;QINnJ;1;"2019-02-06 00:00:00";"2019-02-06 23:59:59";16;29940;20;10;0;<FLG>
V6155020;V615502002;QINnJ;1;"2019-02-07 00:00:00";"2019-02-07 23:59:59";16;27326;20;10;0;<FLG>
V6155020;V615502002;QINnJ;1;"2019-02-08 00:00:00";"2019-02-08 23:59:59";16;25451;20;10;0;<FLG>
V6155020;V615502002;QINnJ;1;"2019-02-09 00:00:00";"2019-02-09 23:59:59";16;23697;20;10;0;<FLG>
V6155020;V615502002;QINnJ;1;"2019-02-10 00:00:00";"2019-02-10 23:59:59";16;22506;20;10;0;<FLG>
V6155020;V615502002;QINnJ;1;"2019-02-11 00:00:00";"2019-02-11 23:59:59";16;21529;20;10;0;<FLG>
V6155020;V615502002;QINnJ;1;"2019-02-12 00:00:00";"2019-02-12 23:59:59";16;21234;20;10;0;<FLG>
V6155020;V615502002;QINnJ;1;"2019-02-13 00:00:00";"2019-02-13 23:59:59";16;20938;20;10;0;<FLG>
V6155020;V615502002;QINnJ;1;"2019-02-14 00:00:00";"2019-02-14 23:59:59";16;20725;20;10;0;<FLG>
V6155020;V615502002;QINnJ;1;"2019-02-15 00:00:00";"2019-02-15 23:59:59";16;20422;20;10;0;<FLG>
V6155020;V615502002;QINnJ;1;"2019-02-16 00:00:00";"2019-02-16 23:59:59";16;20019;20;10;0;<FLG>
V6155020;V615502002;QINnJ;1;"2019-02-17 00:00:00";"2019-02-17 23:59:59";16;19702;20;10;0;<FLG>
V6155020;V615502002;QINnJ;1;"2019-02-18 00:00:00";"2019-02-18 23:59:59";16;19399;20;10;0;<FLG>
V6155020;V615502002;QINnJ;1;"2019-02-19 00:00:00";"2019-02-19 23:59:59";16;19173;20;10;0;<FLG>
V6155020;V615502002;QINnJ;1;"2019-02-20 00:00:00";"2019-02-20 23:59:59";16;18924;20;10;0;<FLG>
V6155020;V615502002;QINnJ;1;"2019-02-21 00:00:00";"2019-02-21 23:59:59";16;18653;20;10;0;<FLG>
V6155020;V615502002;QINnJ;1;"2019-02-22 00:00:00";"2019-02-22 23:59:59";16;18395;20;10;0;<FLG>
V6155020;V615502002;QINnJ;1;"2019-02-23 00:00:00";"2019-02-23 23:59:59";16;18140;20;10;0;<FLG>
V6155020;V615502002;QINnJ;1;"2019-02-24 00:00:00";"2019-02-24 23:59:59";16;17886;20;10;0;<FLG>
V6155020;V615502002;QINnJ;1;"2019-02-25 00:00:00";"2019-02-25 23:59:59";16;17675;20;10;0;<FLG>
V6155020;V615502002;QINnJ;1;"2019-02-26 00:00:00";"2019-02-26 23:59:59";16;17508;20;10;0;<FLG>
V6155020;V615502002;QINnJ;1;"2019-02-27 00:00:00";"2019-02-27 23:59:59";16;17340;20;10;0;<FLG>
V6155020;V615502002;QINnJ;1;"2019-02-28 00:00:00";"2019-02-28 23:59:59";16;17157;20;10;0;<FLG>
V6155020;V615502002;QINnJ;1;"2019-03-01 00:00:00";"2019-03-01 23:59:59";16;16969;20;10;0;<FLG>
V6155020;V615502002;QINnJ;1;"2019-03-02 00:00:00";"2019-03-02 23:59:59";16;16776;20;10;0;<FLG>
V6155020;V615502002;QINnJ;1;"2019-03-03 00:00:00";"2019-03-03 23:59:59";16;16576;20;10;0;<FLG>
V6155020;V615502002;QINnJ;1;"2019-03-04 00:00:00";"2019-03-04 23:59:59";16;16375;20;10;0;<FLG>
V6155020;V615502002;QINnJ;1;"2019-03-05 00:00:00";"2019-03-05 23:59:59";16;16195;20;10;0;<FLG>
V6155020;V615502002;QINnJ;1;"2019-03-06 00:00:00";"2019-03-06 23:59:59";16;16036;20;10;0;<FLG>
V6155020;V615502002;QINnJ;1;"2019-03-07 00:00:00";"2019-03-07 23:59:59";16;15881;20;10;0;<FLG>
V6155020;V615502002;QINnJ;1;"2019-03-08 00:00:00";"2019-03-08 23:59:59";16;15731;20;10;0;<FLG>
V6155020;V615502002;QINnJ;1;"2019-03-09 00:00:00";"2019-03-09 23:59:59";16;15582;20;10;0;<FLG>
V6155020;V615502002;QINnJ;1;"2019-03-10 00:00:00";"2019-03-10 23:59:59";16;15432;20;10;0;<FLG>
V6155020;V615502002;QINnJ;1;"2019-03-11 00:00:00";"2019-03-11 23:59:59";16;15282;20;10;0;<FLG>
V6155020;V615502002;QINnJ;1;"2019-03-12 00:00:00";"2019-03-12 23:59:59";16;15132;20;10;0;<FLG>
V6155020;V615502002;QINnJ;1;"2019-03-13 00:00:00";"2019-03-13 23:59:59";16;14978;20;10;0;<FLG>
V6155020;V615502002;QINnJ;1;"2019-03-14 00:00:00";"2019-03-14 23:59:59";16;14790;20;10;0;<FLG>
V6155020;V615502002;QINnJ;1;"2019-03-15 00:00:00";"2019-03-15 23:59:59";16;14602;20;10;0;<FLG>
V6155020;V615502002;QINnJ;1;"2019-03-16 00:00:00";"2019-03-16 23:59:59";16;14415;20;10;0;<FLG>
V6155020;V615502002;QINnJ;1;"2019-03-17 00:00:00";"2019-03-17 23:59:59";16;14227;20;10;0;<FLG>
V6155020;V615502002;QINnJ;1;"2019-03-18 00:00:00";"2019-03-18 23:59:59";16;14033;20;10;0;<FLG>
V6155020;V615502002;QINnJ;1;"2019-03-19 00:00:00";"2019-03-19 23:59:59";16;13833;20;10;0;<FLG>
V6155020;V615502002;QINnJ;1;"2019-03-20 00:00:00";"2019-03-20 23:59:59";16;13633;20;10;0;<FLG>
V6155020;V615502002;QINnJ;1;"2019-03-21 00:00:00";"2019-03-21 23:59:59";16;13458;20;10;0;<FLG>
V6155020;V615502002;QINnJ;1;"2019-03-22 00:00:00";"2019-03-22 23:59:59";16;13308;20;10;0;<FLG>
V6155020;V615502002;QINnJ;1;"2019-03-23 00:00:00";"2019-03-23 23:59:59";16;13158;20;10;0;<FLG>
V6155020;V615502002;QINnJ;1;"2019-03-24 00:00:00";"2019-03-24 23:59:59";16;13008;20;10;0;<FLG>
V6155020;V615502002;QINnJ;1;"2019-03-25 00:00:00";"2019-03-25 23:59:59";16;12869;20;10;0;<FLG>
V6155020;V615502002;QINnJ;1;"2019-03-26 00:00:00";"2019-03-26 23:59:59";16;12742;20;10;0;<FLG>
V6155020;V615502002;QINnJ;1;"2019-03-27 00:00:00";"2019-03-27 23:59:59";16;12596;20;10;0;<FLG>
V6155020;V615502002;QINnJ;1;"2019-03-28 00:00:00";"2019-03-28 23:59:59";16;12442;20;10;0;<FLG>
V6155020;V615502002;QINnJ;1;"2019-03-29 00:00:00";"2019-03-29 23:59:59";16;12287;20;10;0;<FLG>
V6155020;V615502002;QINnJ;1;"2019-03-30 00:00:00";"2019-03-30 23:59:59";16;12133;20;10;0;<FLG>
V6155020;V615502002;QINnJ;1;"2019-03-31 00:00:00";"2019-03-31 23:59:59";16;11995;20;10;0;<FLG>
V6155020;V615502002;QINnJ;1;"2019-04-01 00:00:00";"2019-04-01 23:59:59";16;11875;20;10;0;<FLG>
V6155020;V615502002;QINnJ;1;"2019-04-02 00:00:00";"2019-04-02 12:00:00";16;11814;20;10;0;<FLG>
V6155020;V615502002;QINnJ;1;"2019-04-03 00:00:00";"2019-04-03 00:00:00";16;11965;20;10;0;<FLG>
V6155020;V615502002;QINnJ;1;"2019-04-04 00:00:00";"2019-04-04 00:00:00";16;12267;20;10;0;<FLG>
V6155020;V615502002;QINnJ;1;"2019-04-05 00:00:00";"2019-04-05 00:00:00";16;13167;20;10;0;<FLG>
V6155020;V615502002;QINnJ;1;"2019-04-06 00:00:00";"2019-04-06 00:00:00";16;14033;20;10;0;<FLG>
V6155020;V615502002;QINnJ;1;"2019-04-07 00:00:00";"2019-04-07 00:00:00";16;14233;20;10;0;<FLG>
V6155020;V615502002;QINnJ;1;"2019-04-08 00:00:00";"2019-04-08 00:00:00";16;14333;20;10;0;<FLG>
V6155020;V615502002;QINnJ;1;"2019-04-09 00:00:00";"2019-04-09 00:00:00";16;14466;20;10;0;<FLG>
V6155020;V615502002;QINnJ;1;"2019-04-10 00:00:00";"2019-04-10 00:00:00";16;14633;20;10;0;<FLG>
V6155020;V615502002;QINnJ;1;"2019-04-11 00:00:00";"2019-04-11 00:00:00";16;14766;20;10;0;<FLG>
V6155020;V615502002;QINnJ;1;"2019-04-12 00:00:00";"2019-04-12 00:00:00";16;14866;20;10;0;<FLG>
V6155020;V615502002;QINnJ;1;"2019-04-13 00:00:00";"2019-04-13 00:00:00";16;14949;20;10;0;<FLG>
V6155020;V615502002;QINnJ;1;"2019-04-14 00:00:00";"2019-04-14 23:59:59";16;14899;20;10;0;<FLG>
V6155020;V615502002;QINnJ;1;"2019-04-15 00:00:00";"2019-04-15 23:59:59";16;14699;20;10;0;<FLG>
V6155020;V615502002;QINnJ;1;"2019-04-16 00:00:00";"2019-04-16 23:59:59";16;14499;20;10;0;<FLG>
V6155020;V615502002;QINnJ;1;"2019-04-17 00:00:00";"2019-04-17 23:59:59";16;14300;20;10;0;<FLG>
V6155020;V615502002;QINnJ;1;"2019-04-18 00:00:00";"2019-04-18 23:59:59";16;14080;20;10;0;<FLG>
V6155020;V615502002;QINnJ;1;"2019-04-19 00:00:00";"2019-04-19 23:59:59";16;13840;20;10;0;<FLG>
V6155020;V615502002;QINnJ;1;"2019-04-20 00:00:00";"2019-04-20 23:59:59";16;13666;20;10;0;<FLG>
V6155020;V615502002;QINnJ;1;"2019-04-21 00:00:00";"2019-04-21 23:59:59";16;13560;20;10;0;<FLG>
V6155020;V615502002;QINnJ;1;"2019-04-22 00:00:00";"2019-04-22 23:59:59";16;13453;20;10;0;<FLG>
V6155020;V615502002;QINnJ;1;"2019-04-23 00:00:00";"2019-04-23 23:59:59";16;13333;20;10;0;<FLG>
V6155020;V615502002;QINnJ;1;"2019-04-24 00:00:00";"2019-04-24 12:00:00";16;13267;20;10;0;<FLG>
V6155020;V615502002;QINnJ;1;"2019-04-25 00:00:00";"2019-04-25 00:00:00";16;13966;20;10;0;<FLG>
V6155020;V615502002;QINnJ;1;"2019-04-26 00:00:00";"2019-04-26 00:00:00";16;15239;20;10;0;<FLG>
V6155020;V615502002;QINnJ;1;"2019-04-27 00:00:00";"2019-04-27 00:00:00";16;16328;20;10;0;<FLG>
V6155020;V615502002;QINnJ;1;"2019-04-28 00:00:00";"2019-04-28 00:00:00";16;17357;20;10;0;<FLG>
V6155020;V615502002;QINnJ;1;"2019-04-29 00:00:00";"2019-04-29 00:00:00";16;17758;20;10;0;<FLG>
V6155020;V615502002;QINnJ;1;"2019-04-30 00:00:00";"2019-04-30 23:59:59";16;17605;20;10;0;<FLG>
V6155020;V615502002;QINnJ;1;"2019-05-01 00:00:00";"2019-05-01 23:59:59";16;17298;20;10;0;<FLG>
V6155020;V615502002;QINnJ;1;"2019-05-02 00:00:00";"2019-05-02 23:59:59";16;16966;20;10;0;<FLG>
V6155020;V615502002;QINnJ;1;"2019-05-03 00:00:00";"2019-05-03 23:59:59";16;16638;20;10;0;<FLG>
V6155020;V615502002;QINnJ;1;"2019-05-04 00:00:00";"2019-05-04 23:59:59";16;16301;20;10;0;<FLG>
V6155020;V615502002;QINnJ;1;"2019-05-05 00:00:00";"2019-05-05 23:59:59";16;15965;20;10;0;<FLG>
V6155020;V615502002;QINnJ;1;"2019-05-06 00:00:00";"2019-05-06 23:59:59";16;15637;20;10;0;<FLG>
V6155020;V615502002;QINnJ;1;"2019-05-07 00:00:00";"2019-05-07 23:59:59";16;15386;20;10;0;<FLG>
V6155020;V615502002;QINnJ;1;"2019-05-08 00:00:00";"2019-05-08 23:59:59";16;15202;20;10;0;<FLG>
V6155020;V615502002;QINnJ;1;"2019-05-09 00:00:00";"2019-05-09 23:59:59";16;15018;20;10;0;<FLG>
V6155020;V615502002;QINnJ;1;"2019-05-10 00:00:00";"2019-05-10 23:59:59";16;14792;20;10;0;<FLG>
V6155020;V615502002;QINnJ;1;"2019-05-11 00:00:00";"2019-05-11 23:59:59";16;14561;20;10;0;<FLG>
V6155020;V615502002;QINnJ;1;"2019-05-12 00:00:00";"2019-05-12 23:59:59";16;14330;20;10;0;<FLG>
V6155020;V615502002;QINnJ;1;"2019-05-13 00:00:00";"2019-05-13 23:59:59";16;14100;20;10;0;<FLG>
V6155020;V615502002;QINnJ;1;"2019-05-14 00:00:00";"2019-05-14 23:59:59";16;13869;20;10;0;<FLG>
V6155020;V615502002;QINnJ;1;"2019-05-15 00:00:00";"2019-05-15 23:59:59";16;13638;20;10;0;<FLG>
V6155020;V615502002;QINnJ;1;"2019-05-16 00:00:00";"2019-05-16 23:59:59";16;13407;20;10;0;<FLG>
V6155020;V615502002;QINnJ;1;"2019-05-17 00:00:00";"2019-05-17 23:59:59";16;13177;20;10;0;<FLG>
V6155020;V615502002;QINnJ;1;"2019-05-18 00:00:00";"2019-05-18 23:59:59";16;12946;20;10;0;<FLG>
V6155020;V615502002;QINnJ;1;"2019-05-19 00:00:00";"2019-05-19 23:59:59";16;12715;20;10;0;<FLG>
V6155020;V615502002;QINnJ;1;"2019-05-20 00:00:00";"2019-05-20 12:00:00";16;12579;20;10;0;<FLG>
V6155020;V615502002;QINnJ;1;"2019-05-21 00:00:00";"2019-05-21 23:59:59";16;12603;20;10;0;<FLG>
V6155020;V615502002;QINnJ;1;"2019-05-22 00:00:00";"2019-05-22 23:59:59";16;12491;20;10;0;<FLG>
V6155020;V615502002;QINnJ;1;"2019-05-23 00:00:00";"2019-05-23 23:59:59";16;12370;20;10;0;<FLG>
V6155020;V615502002;QINnJ;1;"2019-05-24 00:00:00";"2019-05-24 23:59:59";16;12241;20;10;0;<FLG>
V6155020;V615502002;QINnJ;1;"2019-05-25 00:00:00";"2019-05-25 12:00:00";16;12177;20;10;0;<FLG>
V6155020;V615502002;QINnJ;1;"2019-05-26 00:00:00";"2019-05-26 00:00:00";16;12210;20;10;0;<FLG>
V6155020;V615502002;QINnJ;1;"2019-05-27 00:00:00";"2019-05-27 00:00:00";16;12277;20;10;0;<FLG>
V6155020;V615502002;QINnJ;1;"2019-05-28 00:00:00";"2019-05-28 23:59:59";16;12264;20;10;0;<FLG>
V6155020;V615502002;QINnJ;1;"2019-05-29 00:00:00";"2019-05-29 23:59:59";16;12036;20;10;0;<FLG>
V6155020;V615502002;QINnJ;1;"2019-05-30 00:00:00";"2019-05-30 23:59:59";16;11808;20;10;0;<FLG>
V6155020;V615502002;QINnJ;1;"2019-05-31 00:00:00";"2019-05-31 23:59:59";16;11613;20;10;0;<FLG>
V6155020;V615502002;QINnJ;1;"2019-06-01 00:00:00";"2019-06-01 23:59:59";16;11452;20;10;0;<FLG>
V6155020;V615502002;QINnJ;1;"2019-06-02 00:00:00";"2019-06-02 23:59:59";16;11291;20;10;0;<FLG>
V6155020;V615502002;QINnJ;1;"2019-06-03 00:00:00";"2019-06-03 23:59:59";16;11130;20;10;0;<FLG>
V6155020;V615502002;QINnJ;1;"2019-06-04 00:00:00";"2019-06-04 23:59:59";16;10969;20;10;0;<FLG>
V6155020;V615502002;QINnJ;1;"2019-06-05 00:00:00";"2019-06-05 23:59:59";16;10808;20;10;0;<FLG>
V6155020;V615502002;QINnJ;1;"2019-06-06 00:00:00";"2019-06-06 23:59:59";16;10647;20;10;0;<FLG>
V6155020;V615502002;QINnJ;1;"2019-06-07 00:00:00";"2019-06-07 23:59:59";16;10479;20;10;0;<FLG>
V6155020;V615502002;QINnJ;1;"2019-06-08 00:00:00";"2019-06-08 23:59:59";16;10305;20;10;0;<FLG>
V6155020;V615502002;QINnJ;1;"2019-06-09 00:00:00";"2019-06-09 23:59:59";16;10130;20;10;0;<FLG>
V6155020;V615502002;QINnJ;1;"2019-06-10 00:00:00";"2019-06-10 23:59:59";16;10003;20;10;0;<FLG>
V6155020;V615502002;QINnJ;1;"2019-06-11 00:00:00";"2019-06-11 23:59:59";16;9941;20;10;0;<FLG>
V6155020;V615502002;QINnJ;1;"2019-06-12 00:00:00";"2019-06-12 23:59:59";16;9879;20;10;0;<FLG>
V6155020;V615502002;QINnJ;1;"2019-06-13 00:00:00";"2019-06-13 23:59:59";16;9817;20;10;0;<FLG>
V6155020;V615502002;QINnJ;1;"2019-06-14 00:00:00";"2019-06-14 23:59:59";16;9755;20;10;0;<FLG>
V6155020;V615502002;QINnJ;1;"2019-06-15 00:00:00";"2019-06-15 23:59:59";16;9693;20;10;0;<FLG>
V6155020;V615502002;QINnJ;1;"2019-06-16 00:00:00";"2019-06-16 23:59:59";16;9533;20;10;0;<FLG>
V6155020;V615502002;QINnJ;1;"2019-06-17 00:00:00";"2019-06-17 23:59:59";16;9277;20;10;0;<FLG>
V6155020;V615502002;QINnJ;1;"2019-06-18 00:00:00";"2019-06-18 23:59:59";16;9085;20;10;0;<FLG>
V6155020;V615502002;QINnJ;1;"2019-06-19 00:00:00";"2019-06-19 23:59:59";16;8957;20;10;0;<FLG>
V6155020;V615502002;QINnJ;1;"2019-06-20 00:00:00";"2019-06-20 23:59:59";16;8829;20;10;0;<FLG>
V6155020;V615502002;QINnJ;1;"2019-06-21 00:00:00";"2019-06-21 23:59:59";16;8701;20;10;0;<FLG>
V6155020;V615502002;QINnJ;1;"2019-06-22 00:00:00";"2019-06-22 23:59:59";16;8602;20;10;0;<FLG>
V6155020;V615502002;QINnJ;1;"2019-06-23 00:00:00";"2019-06-23 23:59:59";16;8530;20;10;0;<FLG>
V6155020;V615502002;QINnJ;1;"2019-06-24 00:00:00";"2019-06-24 23:59:59";16;8458;20;10;0;<FLG>
V6155020;V615502002;QINnJ;1;"2019-06-25 00:00:00";"2019-06-25 23:59:59";16;8386;20;10;0;<FLG>
V6155020;V615502002;QINnJ;1;"2019-06-26 00:00:00";"2019-06-26 23:59:59";16;8315;20;10;0;<FLG>
V6155020;V615502002;QINnJ;1;"2019-06-27 00:00:00";"2019-06-27 23:59:59";16;8243;20;10;0;<FLG>
V6155020;V615502002;QINnJ;1;"2019-06-28 00:00:00";"2019-06-28 23:59:59";16;8171;20;10;0;<FLG>
V6155020;V615502002;QINnJ;1;"2019-06-29 00:00:00";"2019-06-29 23:59:59";16;8100;20;10;0;<FLG>
V6155020;V615502002;QINnJ;1;"2019-06-30 00:00:00";"2019-06-30 23:59:59";16;8028;20;10;0;<FLG>
V6155020;V615502002;QINnJ;1;"2019-07-01 00:00:00";"2019-07-01 23:59:59";16;7956;20;10;0;<FLG>
V6155020;V615502002;QINnJ;1;"2019-07-02 00:00:00";"2019-07-02 23:59:59";16;7885;20;10;0;<FLG>
V6155020;V615502002;QINnJ;1;"2019-07-03 00:00:00";"2019-07-03 23:59:59";16;7815;20;10;0;<FLG>
V6155020;V615502002;QINnJ;1;"2019-07-04 00:00:00";"2019-07-04 23:59:59";16;7744;20;10;0;<FLG>
V6155020;V615502002;QINnJ;1;"2019-07-05 00:00:00";"2019-07-05 23:59:59";16;7674;20;10;0;<FLG>
V6155020;V615502002;QINnJ;1;"2019-07-06 00:00:00";"2019-07-06 23:59:59";16;7592;20;10;0;<FLG>
V6155020;V615502002;QINnJ;1;"2019-07-07 00:00:00";"2019-07-07 23:59:59";16;7511;20;10;0;<FLG>
V6155020;V615502002;QINnJ;1;"2019-07-08 00:00:00";"2019-07-08 23:59:59";16;7429;20;10;0;<FLG>
V6155020;V615502002;QINnJ;1;"2019-07-09 00:00:00";"2019-07-09 23:59:59";16;7374;20;10;0;<FLG>
V6155020;V615502002;QINnJ;1;"2019-07-10 00:00:00";"2019-07-10 23:59:59";16;7347;20;10;0;<FLG>
V6155020;V615502002;QINnJ;1;"2019-07-11 00:00:00";"2019-07-11 23:59:59";16;7304;20;10;0;<FLG>
V6155020;V615502002;QINnJ;1;"2019-07-12 00:00:00";"2019-07-12 23:59:59";16;7244;20;10;0;<FLG>
V6155020;V615502002;QINnJ;1;"2019-07-13 00:00:00";"2019-07-13 23:59:59";16;7183;20;10;0;<FLG>
V6155020;V615502002;QINnJ;1;"2019-07-14 00:00:00";"2019-07-14 23:59:59";16;7123;20;10;0;<FLG>
V6155020;V615502002;QINnJ;1;"2019-07-15 00:00:00";"2019-07-15 23:59:59";16;7063;20;10;0;<FLG>
V6155020;V615502002;QINnJ;1;"2019-07-16 00:00:00";"2019-07-16 23:59:59";16;7003;20;10;0;<FLG>
V6155020;V615502002;QINnJ;1;"2019-07-17 00:00:00";"2019-07-17 23:59:59";16;6943;20;10;0;<FLG>
V6155020;V615502002;QINnJ;1;"2019-07-18 00:00:00";"2019-07-18 23:59:59";16;6883;20;10;0;<FLG>
V6155020;V615502002;QINnJ;1;"2019-07-19 00:00:00";"2019-07-19 23:59:59";16;6823;20;10;0;<FLG>
V6155020;V615502002;QINnJ;1;"2019-07-20 00:00:00";"2019-07-20 23:59:59";16;6773;20;10;0;<FLG>
V6155020;V615502002;QINnJ;1;"2019-07-21 00:00:00";"2019-07-21 23:59:59";16;6733;20;10;0;<FLG>
V6155020;V615502002;QINnJ;1;"2019-07-22 00:00:00";"2019-07-22 23:59:59";16;6694;20;10;0;<FLG>
V6155020;V615502002;QINnJ;1;"2019-07-23 00:00:00";"2019-07-23 23:59:59";16;6654;20;10;0;<FLG>
V6155020;V615502002;QINnJ;1;"2019-07-24 00:00:00";"2019-07-24 23:59:59";16;6615;20;10;0;<FLG>
V6155020;V615502002;QINnJ;1;"2019-07-25 00:00:00";"2019-07-25 23:59:59";16;6575;20;10;0;<FLG>
V6155020;V615502002;QINnJ;1;"2019-07-26 00:00:00";"2019-07-26 12:00:00";16;6555;20;10;0;<FLG>
V6155020;V615502002;QINnJ;1;"2019-07-27 00:00:00";"2019-07-27 00:00:00";16;6574;20;10;0;<FLG>
V6155020;V615502002;QINnJ;1;"2019-07-28 00:00:00";"2019-07-28 23:59:59";16;6598;20;10;0;<FLG>
V6155020;V615502002;QINnJ;1;"2019-07-29 00:00:00";"2019-07-29 23:59:59";16;6533;20;10;0;<FLG>
V6155020;V615502002;QINnJ;1;"2019-07-30 00:00:00";"2019-07-30 23:59:59";16;6479;20;10;0;<FLG>
V6155020;V615502002;QINnJ;1;"2019-07-31 00:00:00";"2019-07-31 23:59:59";16;6436;20;10;0;<FLG>
V6155020;V615502002;QINnJ;1;"2019-08-01 00:00:00";"2019-08-01 23:59:59";16;6394;20;10;0;<FLG>
V6155020;V615502002;QINnJ;1;"2019-08-02 00:00:00";"2019-08-02 23:59:59";16;6354;20;10;0;<FLG>
V6155020;V615502002;QINnJ;1;"2019-08-03 00:00:00";"2019-08-03 23:59:59";16;6314;20;10;0;<FLG>
V6155020;V615502002;QINnJ;1;"2019-08-04 00:00:00";"2019-08-04 23:59:59";16;6274;20;10;0;<FLG>
V6155020;V615502002;QINnJ;1;"2019-08-05 00:00:00";"2019-08-05 23:59:59";16;6234;20;10;0;<FLG>
V6155020;V615502002;QINnJ;1;"2019-08-06 00:00:00";"2019-08-06 23:59:59";16;6194;20;10;0;<FLG>
V6155020;V615502002;QINnJ;1;"2019-08-07 00:00:00";"2019-08-07 23:59:59";16;6154;20;10;0;<FLG>
V6155020;V615502002;QINnJ;1;"2019-08-08 00:00:00";"2019-08-08 23:59:59";16;6114;20;10;0;<FLG>
V6155020;V615502002;QINnJ;1;"2019-08-09 00:00:00";"2019-08-09 23:59:59";16;6074;20;10;0;<FLG>
V6155020;V615502002;QINnJ;1;"2019-08-10 00:00:00";"2019-08-10 23:59:59";16;6034;20;10;0;<FLG>
V6155020;V615502002;QINnJ;1;"2019-08-11 00:00:00";"2019-08-11 23:59:59";16;6003;20;10;0;<FLG>
V6155020;V615502002;QINnJ;1;"2019-08-12 00:00:00";"2019-08-12 23:59:59";16;5981;20;10;0;<FLG>
V6155020;V615502002;QINnJ;1;"2019-08-13 00:00:00";"2019-08-13 23:59:59";16;5958;20;10;0;<FLG>
V6155020;V615502002;QINnJ;1;"2019-08-14 00:00:00";"2019-08-14 23:59:59";16;5936;20;10;0;<FLG>
V6155020;V615502002;QINnJ;1;"2019-08-15 00:00:00";"2019-08-15 23:59:59";16;5906;20;10;0;<FLG>
V6155020;V615502002;QINnJ;1;"2019-08-16 00:00:00";"2019-08-16 23:59:59";16;5866;20;10;0;<FLG>
V6155020;V615502002;QINnJ;1;"2019-08-17 00:00:00";"2019-08-17 23:59:59";16;5826;20;10;0;<FLG>
V6155020;V615502002;QINnJ;1;"2019-08-18 00:00:00";"2019-08-18 23:59:59";16;5786;20;10;0;<FLG>
V6155020;V615502002;QINnJ;1;"2019-08-19 00:00:00";"2019-08-19 23:59:59";16;5747;20;10;0;<FLG>
V6155020;V615502002;QINnJ;1;"2019-08-20 00:00:00";"2019-08-20 23:59:59";16;5709;20;10;0;<FLG>
V6155020;V615502002;QINnJ;1;"2019-08-21 00:00:00";"2019-08-21 23:59:59";16;5672;20;10;0;<FLG>
V6155020;V615502002;QINnJ;1;"2019-08-22 00:00:00";"2019-08-22 23:59:59";16;5635;20;10;0;<FLG>
V6155020;V615502002;QINnJ;1;"2019-08-23 00:00:00";"2019-08-23 23:59:59";16;5607;20;10;0;<FLG>
V6155020;V615502002;QINnJ;1;"2019-08-24 00:00:00";"2019-08-24 23:59:59";16;5589;20;10;0;<FLG>
V6155020;V615502002;QINnJ;1;"2019-08-25 00:00:00";"2019-08-25 23:59:59";16;5571;20;10;0;<FLG>
V6155020;V615502002;QINnJ;1;"2019-08-26 00:00:00";"2019-08-26 23:59:59";16;5552;20;10;0;<FLG>
V6155020;V615502002;QINnJ;1;"2019-08-27 00:00:00";"2019-08-27 23:59:59";16;5532;20;10;0;<FLG>
V6155020;V615502002;QINnJ;1;"2019-08-28 00:00:00";"2019-08-28 23:59:59";16;5512;20;10;0;<FLG>
V6155020;V615502002;QINnJ;1;"2019-08-29 00:00:00";"2019-08-29 23:59:59";16;5492;20;10;0;<FLG>
V6155020;V615502002;QINnJ;1;"2019-08-30 00:00:00";"2019-08-30 23:59:59";16;5472;20;10;0;<FLG>
V6155020;V615502002;QINnJ;1;"2019-08-31 00:00:00";"2019-08-31 12:00:00";16;5462;20;10;0;<FLG>
V6155020;V615502002;QINnJ;1;"2019-09-01 00:00:00";"2019-09-01 00:00:00";16;5473;20;10;0;<FLG>
V6155020;V615502002;QINnJ;1;"2019-09-02 00:00:00";"2019-09-02 23:59:59";16;5450;20;10;0;<FLG>
V6155020;V615502002;QINnJ;1;"2019-09-03 00:00:00";"2019-09-03 23:59:59";16;5424;20;10;0;<FLG>
V6155020;V615502002;QINnJ;1;"2019-09-04 00:00:00";"2019-09-04 23:59:59";16;5399;20;10;0;<FLG>
V6155020;V615502002;QINnJ;1;"2019-09-05 00:00:00";"2019-09-05 23:59:59";16;5374;20;10;0;<FLG>
V6155020;V615502002;QINnJ;1;"2019-09-06 00:00:00";"2019-09-06 23:59:59";16;5349;20;10;0;<FLG>
V6155020;V615502002;QINnJ;1;"2019-09-07 00:00:00";"2019-09-07 23:59:59";16;5324;20;10;0;<FLG>
V6155020;V615502002;QINnJ;1;"2019-09-08 00:00:00";"2019-09-08 23:59:59";16;5298;20;10;0;<FLG>
V6155020;V615502002;QINnJ;1;"2019-09-09 00:00:00";"2019-09-09 23:59:59";16;5264;20;10;0;<FLG>
V6155020;V615502002;QINnJ;1;"2019-09-10 00:00:00";"2019-09-10 23:59:59";16;5220;20;10;0;<FLG>
V6155020;V615502002;QINnJ;1;"2019-09-11 00:00:00";"2019-09-11 23:59:59";16;5176;20;10;0;<FLG>
V6155020;V615502002;QINnJ;1;"2019-09-12 00:00:00";"2019-09-12 23:59:59";16;5145;20;10;0;<FLG>
V6155020;V615502002;QINnJ;1;"2019-09-13 00:00:00";"2019-09-13 23:59:59";16;5129;20;10;0;<FLG>
V6155020;V615502002;QINnJ;1;"2019-09-14 00:00:00";"2019-09-14 23:59:59";16;5113;20;10;0;<FLG>
V6155020;V615502002;QINnJ;1;"2019-09-15 00:00:00";"2019-09-15 23:59:59";16;5098;20;10;0;<FLG>
V6155020;V615502002;QINnJ;1;"2019-09-16 00:00:00";"2019-09-16 23:59:59";16;5084;20;10;0;<FLG>
V6155020;V615502002;QINnJ;1;"2019-09-17 00:00:00";"2019-09-17 23:59:59";16;5067;20;10;0;<FLG>
V6155020;V615502002;QINnJ;1;"2019-09-18 00:00:00";"2019-09-18 23:59:59";16;5047;20;10;0;<FLG>
V6155020;V615502002;QINnJ;1;"2019-09-19 00:00:00";"2019-09-19 23:59:59";16;5028;20;10;0;<FLG>
V6155020;V615502002;QINnJ;1;"2019-09-20 00:00:00";"2019-09-20 23:59:59";16;5009;20;10;0;<FLG>
V6155020;V615502002;QINnJ;1;"2019-09-21 00:00:00";"2019-09-21 12:00:00";16;4999;20;10;0;<FLG>
V6155020;V615502002;QINnJ;1;"2019-09-22 00:00:00";"2019-09-22 00:00:00";16;5021;20;10;0;<FLG>
V6155020;V615502002;QINnJ;1;"2019-09-23 00:00:00";"2019-09-23 00:00:00";16;5054;20;10;0;<FLG>
V6155020;V615502002;QINnJ;1;"2019-09-24 00:00:00";"2019-09-24 00:00:00";16;5120;20;10;0;<FLG>
V6155020;V615502002;QINnJ;1;"2019-09-25 00:00:00";"2019-09-25 23:59:59";16;5098;20;10;0;<FLG>
V6155020;V615502002;QINnJ;1;"2019-09-26 00:00:00";"2019-09-26 23:59:59";16;5047;20;10;0;<FLG>
V6155020;V615502002;QINnJ;1;"2019-09-27 00:00:00";"2019-09-27 23:59:59";16;5013;20;10;0;<FLG>
V6155020;V615502002;QINnJ;1;"2019-09-28 00:00:00";"2019-09-28 23:59:59";16;4996;20;10;0;<FLG>
V6155020;V615502002;QINnJ;1;"2019-09-29 00:00:00";"2019-09-29 23:59:59";16;4974;20;10;0;<FLG>
V6155020;V615502002;QINnJ;1;"2019-09-30 00:00:00";"2019-09-30 23:59:59";16;4947;20;10;0;<FLG>
V6155020;V615502002;QINnJ;1;"2019-10-01 00:00:00";"2019-10-01 12:00:00";16;4933;20;10;0;<FLG>
V6155020;V615502002;QINnJ;1;"2019-10-02 00:00:00";"2019-10-02 00:00:00";16;4950;20;10;0;<FLG>
V6155020;V615502002;QINnJ;1;"2019-10-03 00:00:00";"2019-10-03 23:59:59";16;4916;20;10;0;<FLG>
V6155020;V615502002;QINnJ;1;"2019-10-04 00:00:00";"2019-10-04 23:59:59";16;4887;20;10;0;<FLG>
V6155020;V615502002;QINnJ;1;"2019-10-05 00:00:00";"2019-10-05 23:59:59";16;4861;20;10;0;<FLG>
V6155020;V615502002;QINnJ;1;"2019-10-06 00:00:00";"2019-10-06 23:59:59";16;4836;20;10;0;<FLG>
V6155020;V615502002;QINnJ;1;"2019-10-07 00:00:00";"2019-10-07 23:59:59";16;4812;20;10;0;<FLG>
V6155020;V615502002;QINnJ;1;"2019-10-08 00:00:00";"2019-10-08 12:00:00";16;4801;20;10;0;<FLG>
V6155020;V615502002;QINnJ;1;"2019-10-09 00:00:00";"2019-10-09 00:00:00";16;4859;20;10;0;<FLG>
V6155020;V615502002;QINnJ;1;"2019-10-10 00:00:00";"2019-10-10 00:00:00";16;4977;20;10;0;<FLG>
V6155020;V615502002;QINnJ;1;"2019-10-11 00:00:00";"2019-10-11 23:59:59";16;5067;20;10;0;<FLG>
V6155020;V615502002;QINnJ;1;"2019-10-12 00:00:00";"2019-10-12 23:59:59";16;4894;20;10;0;<FLG>
V6155020;V615502002;QINnJ;1;"2019-10-13 00:00:00";"2019-10-13 23:59:59";16;4722;20;10;0;<FLG>
V6155020;V615502002;QINnJ;1;"2019-10-14 00:00:00";"2019-10-14 12:00:00";16;4635;20;10;0;<FLG>
V6155020;V615502002;QINnJ;1;"2019-10-15 00:00:00";"2019-10-15 00:00:00";16;4712;20;10;0;<FLG>
V6155020;V615502002;QINnJ;1;"2019-10-16 00:00:00";"2019-10-16 00:00:00";16;4820;20;10;0;<FLG>
V6155020;V615502002;QINnJ;1;"2019-10-17 00:00:00";"2019-10-17 00:00:00";16;4881;20;10;0;<FLG>
V6155020;V615502002;QINnJ;1;"2019-10-18 00:00:00";"2019-10-18 23:59:59";16;4845;20;10;0;<FLG>
V6155020;V615502002;QINnJ;1;"2019-10-19 00:00:00";"2019-10-19 12:00:00";16;4823;20;10;0;<FLG>
V6155020;V615502002;QINnJ;1;"2019-10-20 00:00:00";"2019-10-20 00:00:00";16;4856;20;10;0;<FLG>
V6155020;V615502002;QINnJ;1;"2019-10-21 00:00:00";"2019-10-21 00:00:00";16;4922;20;10;0;<FLG>
V6155020;V615502002;QINnJ;1;"2019-10-22 00:00:00";"2019-10-22 00:00:00";16;6804;20;10;0;<FLG>
V6155020;V615502002;QINnJ;1;"2019-10-23 00:00:00";"2019-10-23 12:00:00";16;7301;20;10;0;<FLG>
V6155020;V615502002;QINnJ;1;"2019-10-24 00:00:00";"2019-10-24 00:00:00";16;13290;20;10;0;<FLG>
V6155020;V615502002;QINnJ;1;"2019-10-25 00:00:00";"2019-10-25 00:00:00";16;18784;20;10;0;<FLG>
V6155020;V615502002;QINnJ;1;"2019-10-26 00:00:00";"2019-10-26 23:59:59";16;21529;20;10;0;<FLG>
V6155020;V615502002;QINnJ;1;"2019-10-27 00:00:00";"2019-10-27 23:59:59";16;20221;20;10;0;<FLG>
V6155020;V615502002;QINnJ;1;"2019-10-28 00:00:00";"2019-10-28 23:59:59";16;18683;20;10;0;<FLG>
V6155020;V615502002;QINnJ;1;"2019-10-29 00:00:00";"2019-10-29 23:59:59";16;17125;20;10;0;<FLG>
V6155020;V615502002;QINnJ;1;"2019-10-30 00:00:00";"2019-10-30 23:59:59";16;15876;20;10;0;<FLG>
V6155020;V615502002;QINnJ;1;"2019-10-31 00:00:00";"2019-10-31 23:59:59";16;14943;20;10;0;<FLG>
V6155020;V615502002;QINnJ;1;"2019-11-01 00:00:00";"2019-11-01 23:59:59";16;14030;20;10;0;<FLG>
V6155020;V615502002;QINnJ;1;"2019-11-02 00:00:00";"2019-11-02 12:00:00";16;13573;20;10;0;<FLG>
V6155020;V615502002;QINnJ;1;"2019-11-03 00:00:00";"2019-11-03 00:00:00";16;14286;20;10;0;<FLG>
V6155020;V615502002;QINnJ;1;"2019-11-04 00:00:00";"2019-11-04 00:00:00";16;17285;20;10;0;<FLG>
V6155020;V615502002;QINnJ;1;"2019-11-05 00:00:00";"2019-11-05 00:00:00";16;19928;20;10;0;<FLG>
V6155020;V615502002;QINnJ;1;"2019-11-06 00:00:00";"2019-11-06 00:00:00";16;21431;20;10;0;<FLG>
V6155020;V615502002;QINnJ;1;"2019-11-07 00:00:00";"2019-11-07 00:00:00";16;21529;20;10;0;<FLG>
V6155020;V615502002;QINnJ;1;"2019-11-08 00:00:00";"2019-11-08 23:59:59";16;21455;20;10;0;<FLG>
V6155020;V615502002;QINnJ;1;"2019-11-09 00:00:00";"2019-11-09 23:59:59";16;21012;20;10;0;<FLG>
V6155020;V615502002;QINnJ;1;"2019-11-10 00:00:00";"2019-11-10 23:59:59";16;20120;20;10;0;<FLG>
V6155020;V615502002;QINnJ;1;"2019-11-11 00:00:00";"2019-11-11 23:59:59";16;19424;20;10;0;<FLG>
V6155020;V615502002;QINnJ;1;"2019-11-12 00:00:00";"2019-11-12 23:59:59";16;18947;20;10;0;<FLG>
V6155020;V615502002;QINnJ;1;"2019-11-13 00:00:00";"2019-11-13 12:00:00";16;18708;20;10;0;<FLG>
V6155020;V615502002;QINnJ;1;"2019-11-14 00:00:00";"2019-11-14 00:00:00";16;19135;20;10;0;<FLG>
V6155020;V615502002;QINnJ;1;"2019-11-15 00:00:00";"2019-11-15 00:00:00";16;20725;20;10;0;<FLG>
V6155020;V615502002;QINnJ;1;"2019-11-16 00:00:00";"2019-11-16 00:00:00";16;33862;20;10;0;<FLG>
V6155020;V615502002;QINnJ;1;"2019-11-17 00:00:00";"2019-11-17 00:00:00";16;36476;20;10;0;<FLG>
V6155020;V615502002;QINnJ;1;"2019-11-18 00:00:00";"2019-11-18 23:59:59";16;34515;20;10;0;<FLG>
V6155020;V615502002;QINnJ;1;"2019-11-19 00:00:00";"2019-11-19 23:59:59";16;30594;20;10;0;<FLG>
V6155020;V615502002;QINnJ;1;"2019-11-20 00:00:00";"2019-11-20 12:00:00";16;28633;20;10;0;<FLG>
V6155020;V615502002;QINnJ;1;"2019-11-21 00:00:00";"2019-11-21 00:00:00";16;29287;20;10;0;<FLG>
V6155020;V615502002;QINnJ;1;"2019-11-22 00:00:00";"2019-11-22 00:00:00";16;30594;20;10;0;<FLG>
V6155020;V615502002;QINnJ;1;"2019-11-23 00:00:00";"2019-11-23 00:00:00";16;39380;20;10;0;<FLG>
V6155020;V615502002;QINnJ;1;"2019-11-24 00:00:00";"2019-11-24 00:00:00";16;60062;20;10;0;<FLG>
V6155020;V615502002;QINnJ;1;"2019-11-25 00:00:00";"2019-11-25 00:00:00";16;72373;20;10;0;<FLG>
V6155020;V615502002;QINnJ;1;"2019-11-26 00:00:00";"2019-11-26 00:00:00";16;75104;20;10;0;<FLG>
V6155020;V615502002;QINnJ;1;"2019-11-27 00:00:00";"2019-11-27 00:00:00";16;75104;20;10;0;<FLG>
V6155020;V615502002;QINnJ;1;"2019-11-28 00:00:00";"2019-11-28 23:59:59";16;73682;20;10;0;<FLG>
V6155020;V615502002;QINnJ;1;"2019-11-29 00:00:00";"2019-11-29 23:59:59";16;70837;20;10;0;<FLG>
V6155020;V615502002;QINnJ;1;"2019-11-30 00:00:00";"2019-11-30 12:00:00";16;69415;20;10;0;<FLG>
V6155020;V615502002;QINnJ;1;"2019-12-01 00:00:00";"2019-12-01 00:00:00";16;69415;20;10;0;<FLG>
V6155020;V615502002;QINnJ;1;"2019-12-02 00:00:00";"2019-12-02 00:00:00";16;75104;20;10;0;<FLG>
V6155020;V615502002;QINnJ;1;"2019-12-03 00:00:00";"2019-12-03 23:59:59";16;80172;20;10;0;<FLG>
V6155020;V615502002;QINnJ;1;"2019-12-04 00:00:00";"2019-12-04 23:59:59";16;78929;20;10;0;<FLG>
V6155020;V615502002;QINnJ;1;"2019-12-05 00:00:00";"2019-12-05 23:59:59";16;77597;20;10;0;<FLG>
V6155020;V615502002;QINnJ;1;"2019-12-06 00:00:00";"2019-12-06 23:59:59";16;75935;20;10;0;<FLG>
V6155020;V615502002;QINnJ;1;"2019-12-07 00:00:00";"2019-12-07 12:00:00";16;75104;20;10;0;<FLG>
V6155020;V615502002;QINnJ;1;"2019-12-08 00:00:00";"2019-12-08 23:59:59";16;73625;20;10;0;<FLG>
V6155020;V615502002;QINnJ;1;"2019-12-09 00:00:00";"2019-12-09 23:59:59";16;70781;20;10;0;<FLG>
V6155020;V615502002;QINnJ;1;"2019-12-10 00:00:00";"2019-12-10 12:00:00";16;69415;20;10;0;<FLG>
V6155020;V615502002;QINnJ;1;"2019-12-11 00:00:00";"2019-12-11 00:00:00";16;69415;20;10;0;<FLG>
V6155020;V615502002;QINnJ;1;"2019-12-12 00:00:00";"2019-12-12 23:59:59";16;66571;20;10;0;<FLG>
V6155020;V615502002;QINnJ;1;"2019-12-13 00:00:00";"2019-12-13 23:59:59";16;61955;20;10;0;<FLG>
V6155020;V615502002;QINnJ;1;"2019-12-14 00:00:00";"2019-12-14 12:00:00";16;59664;20;10;0;<FLG>
V6155020;V615502002;QINnJ;1;"2019-12-15 00:00:00";"2019-12-15 23:59:59";16;58900;20;10;0;<FLG>
V6155020;V615502002;QINnJ;1;"2019-12-16 00:00:00";"2019-12-16 23:59:59";16;57373;20;10;0;<FLG>
V6155020;V615502002;QINnJ;1;"2019-12-17 00:00:00";"2019-12-17 23:59:59";16;55845;20;10;0;<FLG>
V6155020;V615502002;QINnJ;1;"2019-12-18 00:00:00";"2019-12-18 12:00:00";16;55081;20;10;0;<FLG>
V6155020;V615502002;QINnJ;1;"2019-12-19 00:00:00";"2019-12-19 00:00:00";16;55081;20;10;0;<FLG>
V6155020;V615502002;QINnJ;1;"2019-12-20 00:00:00";"2019-12-20 00:00:00";16;59664;20;10;0;<FLG>
V6155020;V615502002;QINnJ;1;"2019-12-21 00:00:00";"2019-12-21 00:00:00";16;69415;20;10;0;<FLG>
V6155020;V615502002;QINnJ;1;"2019-12-22 00:00:00";"2019-12-22 00:00:00";16;77949;20;10;0;<FLG>
V6155020;V615502002;QINnJ;1;"2019-12-23 00:00:00";"2019-12-23 00:00:00";16;80793;20;10;0;<FLG>
V6155020;V615502002;QINnJ;1;"2019-12-24 00:00:00";"2019-12-24 23:59:59";16;79371;20;10;0;<FLG>
V6155020;V615502002;QINnJ;1;"2019-12-25 00:00:00";"2019-12-25 23:59:59";16;76527;20;10;0;<FLG>
V6155020;V615502002;QINnJ;1;"2019-12-26 00:00:00";"2019-12-26 12:00:00";16;75104;20;10;0;<FLG>
V6155020;V615502002;QINnJ;1;"2019-12-27 00:00:00";"2019-12-27 00:00:00";16;75104;20;10;0;<FLG>
V6155020;V615502002;QINnJ;1;"2019-12-28 00:00:00";"2019-12-28 00:00:00";16;75104;20;10;0;<FLG>
V6155020;V615502002;QINnJ;1;"2019-12-29 00:00:00";"2019-12-29 23:59:59";16;72260;20;10;0;<FLG>
V6155020;V615502002;QINnJ;1;"2019-12-30 00:00:00";"2019-12-30 23:59:59";16;66571;20;10;0;<FLG>
V6155020;V615502002;QINnJ;1;"2019-12-31 00:00:00";"2019-12-31 23:59:59";16;63101;20;10;0;<FLG>
V6155020;V615502002;QINnJ;1;"2020-01-01 00:00:00";"2020-01-01 23:59:59";16;60809;20;10;0;<FLG>
V6155020;V615502002;QINnJ;1;"2020-01-02 00:00:00";"2020-01-02 12:00:00";16;59664;20;10;0;<FLG>
V6155020;V615502002;QINnJ;1;"2020-01-03 00:00:00";"2020-01-03 00:00:00";16;59664;20;10;0;<FLG>
V6155020;V615502002;QINnJ;1;"2020-01-04 00:00:00";"2020-01-04 23:59:59";16;57373;20;10;0;<FLG>
V6155020;V615502002;QINnJ;1;"2020-01-05 00:00:00";"2020-01-05 23:59:59";16;53936;20;10;0;<FLG>
V6155020;V615502002;QINnJ;1;"2020-01-06 00:00:00";"2020-01-06 23:59:59";16;51645;20;10;0;<FLG>
V6155020;V615502002;QINnJ;1;"2020-01-07 00:00:00";"2020-01-07 23:59:59";16;48208;20;10;0;<FLG>
V6155020;V615502002;QINnJ;1;"2020-01-08 00:00:00";"2020-01-08 23:59:59";16;44844;20;10;0;<FLG>
V6155020;V615502002;QINnJ;1;"2020-01-09 00:00:00";"2020-01-09 23:59:59";16;43283;20;10;0;<FLG>
V6155020;V615502002;QINnJ;1;"2020-01-10 00:00:00";"2020-01-10 23:59:59";16;40941;20;10;0;<FLG>
V6155020;V615502002;QINnJ;1;"2020-01-11 00:00:00";"2020-01-11 23:59:59";16;38599;20;10;0;<FLG>
V6155020;V615502002;QINnJ;1;"2020-01-12 00:00:00";"2020-01-12 23:59:59";16;37129;20;10;0;<FLG>
V6155020;V615502002;QINnJ;1;"2020-01-13 00:00:00";"2020-01-13 23:59:59";16;36084;20;10;0;<FLG>
V6155020;V615502002;QINnJ;1;"2020-01-14 00:00:00";"2020-01-14 23:59:59";16;35299;20;10;0;<FLG>
V6155020;V615502002;QINnJ;1;"2020-01-15 00:00:00";"2020-01-15 23:59:59";16;34515;20;10;0;<FLG>
V6155020;V615502002;QINnJ;1;"2020-01-16 00:00:00";"2020-01-16 23:59:59";16;33731;20;10;0;<FLG>
V6155020;V615502002;QINnJ;1;"2020-01-17 00:00:00";"2020-01-17 23:59:59";16;33208;20;10;0;<FLG>
V6155020;V615502002;QINnJ;1;"2020-01-18 00:00:00";"2020-01-18 23:59:59";16;32860;20;10;0;<FLG>
V6155020;V615502002;QINnJ;1;"2020-01-19 00:00:00";"2020-01-19 23:59:59";16;32424;20;10;0;<FLG>
V6155020;V615502002;QINnJ;1;"2020-01-20 00:00:00";"2020-01-20 23:59:59";16;31988;20;10;0;<FLG>
V6155020;V615502002;QINnJ;1;"2020-01-21 00:00:00";"2020-01-21 23:59:59";16;31378;20;10;0;<FLG>
V6155020;V615502002;QINnJ;1;"2020-01-22 00:00:00";"2020-01-22 23:59:59";16;30594;20;10;0;<FLG>
V6155020;V615502002;QINnJ;1;"2020-01-23 00:00:00";"2020-01-23 23:59:59";16;29810;20;10;0;<FLG>
V6155020;V615502002;QINnJ;1;"2020-01-24 00:00:00";"2020-01-24 23:59:59";16;29025;20;10;0;<FLG>
V6155020;V615502002;QINnJ;1;"2020-01-25 00:00:00";"2020-01-25 23:59:59";16;28241;20;10;0;<FLG>
V6155020;V615502002;QINnJ;1;"2020-01-26 00:00:00";"2020-01-26 23:59:59";16;27588;20;10;0;<FLG>
V6155020;V615502002;QINnJ;1;"2020-01-27 00:00:00";"2020-01-27 23:59:59";16;27132;20;10;0;<FLG>
V6155020;V615502002;QINnJ;1;"2020-01-28 00:00:00";"2020-01-28 23:59:59";16;26696;20;10;0;<FLG>
V6155020;V615502002;QINnJ;1;"2020-01-29 00:00:00";"2020-01-29 23:59:59";16;26198;20;10;0;<FLG>
V6155020;V615502002;QINnJ;1;"2020-01-30 00:00:00";"2020-01-30 23:59:59";16;25700;20;10;0;<FLG>
V6155020;V615502002;QINnJ;1;"2020-01-31 00:00:00";"2020-01-31 23:59:59";16;25139;20;10;0;<FLG>
V6155020;V615502002;QINnJ;1;"2020-02-01 00:00:00";"2020-02-01 23:59:59";16;24516;20;10;0;<FLG>
V6155020;V615502002;QINnJ;1;"2020-02-02 00:00:00";"2020-02-02 23:59:59";16;23896;20;10;0;<FLG>
V6155020;V615502002;QINnJ;1;"2020-02-03 00:00:00";"2020-02-03 23:59:59";16;23548;20;10;0;<FLG>
V6155020;V615502002;QINnJ;1;"2020-02-04 00:00:00";"2020-02-04 23:59:59";16;23251;20;10;0;<FLG>
V6155020;V615502002;QINnJ;1;"2020-02-05 00:00:00";"2020-02-05 23:59:59";16;23062;20;10;0;<FLG>
V6155020;V615502002;QINnJ;1;"2020-02-06 00:00:00";"2020-02-06 23:59:59";16;22982;20;10;0;<FLG>
V6155020;V615502002;QINnJ;1;"2020-02-07 00:00:00";"2020-02-07 23:59:59";16;22903;20;10;0;<FLG>
V6155020;V615502002;QINnJ;1;"2020-02-08 00:00:00";"2020-02-08 23:59:59";16;22357;20;10;0;<FLG>
V6155020;V615502002;QINnJ;1;"2020-02-09 00:00:00";"2020-02-09 23:59:59";16;21536;20;10;0;<FLG>
V6155020;V615502002;QINnJ;1;"2020-02-10 00:00:00";"2020-02-10 23:59:59";16;21327;20;10;0;<FLG>
V6155020;V615502002;QINnJ;1;"2020-02-11 00:00:00";"2020-02-11 23:59:59";16;21160;20;10;0;<FLG>
V6155020;V615502002;QINnJ;1;"2020-02-12 00:00:00";"2020-02-12 23:59:59";16;20993;20;10;0;<FLG>
V6155020;V615502002;QINnJ;1;"2020-02-13 00:00:00";"2020-02-13 12:00:00";16;20909;20;10;0;<FLG>
V6155020;V615502002;QINnJ;1;"2020-02-14 00:00:00";"2020-02-14 00:00:00";16;20909;20;10;0;<FLG>
V6155020;V615502002;QINnJ;1;"2020-02-15 00:00:00";"2020-02-15 23:59:59";16;20694;20;10;0;<FLG>
V6155020;V615502002;QINnJ;1;"2020-02-16 00:00:00";"2020-02-16 23:59:59";16;20337;20;10;0;<FLG>
V6155020;V615502002;QINnJ;1;"2020-02-17 00:00:00";"2020-02-17 23:59:59";16;20075;20;10;0;<FLG>
V6155020;V615502002;QINnJ;1;"2020-02-18 00:00:00";"2020-02-18 23:59:59";16;19892;20;10;0;<FLG>
V6155020;V615502002;QINnJ;1;"2020-02-19 00:00:00";"2020-02-19 23:59:59";16;19621;20;10;0;<FLG>
V6155020;V615502002;QINnJ;1;"2020-02-20 00:00:00";"2020-02-20 23:59:59";16;19397;20;10;0;<FLG>
V6155020;V615502002;QINnJ;1;"2020-02-21 00:00:00";"2020-02-21 23:59:59";16;19220;20;10;0;<FLG>
V6155020;V615502002;QINnJ;1;"2020-02-22 00:00:00";"2020-02-22 23:59:59";16;19036;20;10;0;<FLG>
V6155020;V615502002;QINnJ;1;"2020-02-23 00:00:00";"2020-02-23 23:59:59";16;18854;20;10;0;<FLG>
V6155020;V615502002;QINnJ;1;"2020-02-24 00:00:00";"2020-02-24 23:59:59";16;18702;20;10;0;<FLG>
V6155020;V615502002;QINnJ;1;"2020-02-25 00:00:00";"2020-02-25 23:59:59";16;18580;20;10;0;<FLG>
V6155020;V615502002;QINnJ;1;"2020-02-26 00:00:00";"2020-02-26 23:59:59";16;18449;20;10;0;<FLG>
V6155020;V615502002;QINnJ;1;"2020-02-27 00:00:00";"2020-02-27 23:59:59";16;18301;20;10;0;<FLG>
V6155020;V615502002;QINnJ;1;"2020-02-28 00:00:00";"2020-02-28 23:59:59";16;18153;20;10;0;<FLG>
V6155020;V615502002;QINnJ;1;"2020-02-29 00:00:00";"2020-02-29 12:00:00";16;18079;20;10;0;<FLG>
V6155020;V615502002;QINnJ;1;"2020-03-01 00:00:00";"2020-03-01 00:00:00";16;18082;20;10;0;<FLG>
V6155020;V615502002;QINnJ;1;"2020-03-02 00:00:00";"2020-03-02 00:00:00";16;18088;20;10;0;<FLG>
V6155020;V615502002;QINnJ;1;"2020-03-03 00:00:00";"2020-03-03 00:00:00";16;19534;20;10;0;<FLG>
V6155020;V615502002;QINnJ;1;"2020-03-04 00:00:00";"2020-03-04 00:00:00";16;25637;20;10;0;<FLG>
V6155020;V615502002;QINnJ;1;"2020-03-05 00:00:00";"2020-03-05 00:00:00";16;27588;20;10;0;<FLG>
V6155020;V615502002;QINnJ;1;"2020-03-06 00:00:00";"2020-03-06 00:00:00";16;28110;20;10;0;<FLG>
V6155020;V615502002;QINnJ;1;"2020-03-07 00:00:00";"2020-03-07 00:00:00";16;29548;20;10;0;<FLG>
V6155020;V615502002;QINnJ;1;"2020-03-08 00:00:00";"2020-03-08 00:00:00";16;30921;20;10;0;<FLG>
V6155020;V615502002;QINnJ;1;"2020-03-09 00:00:00";"2020-03-09 23:59:59";16;30529;20;10;0;<FLG>
V6155020;V615502002;QINnJ;1;"2020-03-10 00:00:00";"2020-03-10 23:59:59";16;28568;20;10;0;<FLG>
V6155020;V615502002;QINnJ;1;"2020-03-11 00:00:00";"2020-03-11 23:59:59";16;26478;20;10;0;<FLG>
V6155020;V615502002;QINnJ;1;"2020-03-12 00:00:00";"2020-03-12 23:59:59";16;24797;20;10;0;<FLG>
V6155020;V615502002;QINnJ;1;"2020-03-13 00:00:00";"2020-03-13 23:59:59";16;23697;20;10;0;<FLG>
V6155020;V615502002;QINnJ;1;"2020-03-14 00:00:00";"2020-03-14 23:59:59";16;22982;20;10;0;<FLG>
V6155020;V615502002;QINnJ;1;"2020-03-15 00:00:00";"2020-03-15 23:59:59";16;22208;20;10;0;<FLG>
V6155020;V615502002;QINnJ;1;"2020-03-16 00:00:00";"2020-03-16 23:59:59";16;21497;20;10;0;<FLG>
V6155020;V615502002;QINnJ;1;"2020-03-17 00:00:00";"2020-03-17 23:59:59";16;21195;20;10;0;<FLG>
V6155020;V615502002;QINnJ;1;"2020-03-18 00:00:00";"2020-03-18 23:59:59";16;20896;20;10;0;<FLG>
V6155020;V615502002;QINnJ;1;"2020-03-19 00:00:00";"2020-03-19 23:59:59";16;20690;20;10;0;<FLG>
V6155020;V615502002;QINnJ;1;"2020-03-20 00:00:00";"2020-03-20 23:59:59";16;20485;20;10;0;<FLG>
V6155020;V615502002;QINnJ;1;"2020-03-21 00:00:00";"2020-03-21 23:59:59";16;20064;20;10;0;<FLG>
V6155020;V615502002;QINnJ;1;"2020-03-22 00:00:00";"2020-03-22 23:59:59";16;19739;20;10;0;<FLG>
V6155020;V615502002;QINnJ;1;"2020-03-23 00:00:00";"2020-03-23 23:59:59";16;19452;20;10;0;<FLG>
V6155020;V615502002;QINnJ;1;"2020-03-24 00:00:00";"2020-03-24 23:59:59";16;19236;20;10;0;<FLG>
V6155020;V615502002;QINnJ;1;"2020-03-25 00:00:00";"2020-03-25 23:59:59";16;19012;20;10;0;<FLG>
V6155020;V615502002;QINnJ;1;"2020-03-26 00:00:00";"2020-03-26 23:59:59";16;18824;20;10;0;<FLG>
V6155020;V615502002;QINnJ;1;"2020-03-27 00:00:00";"2020-03-27 23:59:59";16;18631;20;10;0;<FLG>
V6155020;V615502002;QINnJ;1;"2020-03-28 00:00:00";"2020-03-28 23:59:59";16;18433;20;10;0;<FLG>
V6155020;V615502002;QINnJ;1;"2020-03-29 00:00:00";"2020-03-29 23:59:59";16;18235;20;10;0;<FLG>
V6155020;V615502002;QINnJ;1;"2020-03-30 00:00:00";"2020-03-30 23:59:59";16;18037;20;10;0;<FLG>
V6155020;V615502002;QINnJ;1;"2020-03-31 00:00:00";"2020-03-31 23:59:59";16;17838;20;10;0;<FLG>
V6155020;V615502002;QINnJ;1;"2020-04-01 00:00:00";"2020-04-01 23:59:59";16;17676;20;10;0;<FLG>
V6155020;V615502002;QINnJ;1;"2020-04-02 00:00:00";"2020-04-02 23:59:59";16;17548;20;10;0;<FLG>
V6155020;V615502002;QINnJ;1;"2020-04-03 00:00:00";"2020-04-03 23:59:59";16;17421;20;10;0;<FLG>
V6155020;V615502002;QINnJ;1;"2020-04-04 00:00:00";"2020-04-04 23:59:59";16;17170;20;10;0;<FLG>
V6155020;V615502002;QINnJ;1;"2020-04-05 00:00:00";"2020-04-05 23:59:59";16;16868;20;10;0;<FLG>
V6155020;V615502002;QINnJ;1;"2020-04-06 00:00:00";"2020-04-06 23:59:59";16;16652;20;10;0;<FLG>
V6155020;V615502002;QINnJ;1;"2020-04-07 00:00:00";"2020-04-07 23:59:59";16;16436;20;10;0;<FLG>
V6155020;V615502002;QINnJ;1;"2020-04-08 00:00:00";"2020-04-08 23:59:59";16;16244;20;10;0;<FLG>
V6155020;V615502002;QINnJ;1;"2020-04-09 00:00:00";"2020-04-09 23:59:59";16;16076;20;10;0;<FLG>
V6155020;V615502002;QINnJ;1;"2020-04-10 00:00:00";"2020-04-10 23:59:59";16;15907;20;10;0;<FLG>
V6155020;V615502002;QINnJ;1;"2020-04-11 00:00:00";"2020-04-11 23:59:59";16;15767;20;10;0;<FLG>
V6155020;V615502002;QINnJ;1;"2020-04-12 00:00:00";"2020-04-12 23:59:59";16;15656;20;10;0;<FLG>
V6155020;V615502002;QINnJ;1;"2020-04-13 00:00:00";"2020-04-13 23:59:59";16;15544;20;10;0;<FLG>
V6155020;V615502002;QINnJ;1;"2020-04-14 00:00:00";"2020-04-14 23:59:59";16;15382;20;10;0;<FLG>
V6155020;V615502002;QINnJ;1;"2020-04-15 00:00:00";"2020-04-15 23:59:59";16;15217;20;10;0;<FLG>
V6155020;V615502002;QINnJ;1;"2020-04-16 00:00:00";"2020-04-16 23:59:59";16;15100;20;10;0;<FLG>
V6155020;V615502002;QINnJ;1;"2020-04-17 00:00:00";"2020-04-17 23:59:59";16;14979;20;10;0;<FLG>
V6155020;V615502002;QINnJ;1;"2020-04-18 00:00:00";"2020-04-18 23:59:59";16;14869;20;10;0;<FLG>
V6155020;V615502002;QINnJ;1;"2020-04-19 00:00:00";"2020-04-19 23:59:59";16;14796;20;10;0;<FLG>
V6155020;V615502002;QINnJ;1;"2020-04-20 00:00:00";"2020-04-20 23:59:59";16;14723;20;10;0;<FLG>
V6155020;V615502002;QINnJ;1;"2020-04-21 00:00:00";"2020-04-21 23:59:59";16;14649;20;10;0;<FLG>
V6155020;V615502002;QINnJ;1;"2020-04-22 00:00:00";"2020-04-22 23:59:59";16;14539;20;10;0;<FLG>
V6155020;V615502002;QINnJ;1;"2020-04-23 00:00:00";"2020-04-23 12:00:00";16;14466;20;10;0;<FLG>
V6155020;V615502002;QINnJ;1;"2020-04-24 00:00:00";"2020-04-24 00:00:00";16;14501;20;10;0;<FLG>
V6155020;V615502002;QINnJ;1;"2020-04-25 00:00:00";"2020-04-25 00:00:00";16;14571;20;10;0;<FLG>
V6155020;V615502002;QINnJ;1;"2020-04-26 00:00:00";"2020-04-26 00:00:00";16;14641;20;10;0;<FLG>
V6155020;V615502002;QINnJ;1;"2020-04-27 00:00:00";"2020-04-27 00:00:00";16;14711;20;10;0;<FLG>
V6155020;V615502002;QINnJ;1;"2020-04-28 00:00:00";"2020-04-28 00:00:00";16;14919;20;10;0;<FLG>
V6155020;V615502002;QINnJ;1;"2020-04-29 00:00:00";"2020-04-29 00:00:00";16;15278;20;10;0;<FLG>
V6155020;V615502002;QINnJ;1;"2020-04-30 00:00:00";"2020-04-30 00:00:00";16;15720;20;10;0;<FLG>
V6155020;V615502002;QINnJ;1;"2020-05-01 00:00:00";"2020-05-01 23:59:59";16;16000;20;10;0;<FLG>
V6155020;V615502002;QINnJ;1;"2020-05-02 00:00:00";"2020-05-02 23:59:59";16;15875;20;10;0;<FLG>
V6155020;V615502002;QINnJ;1;"2020-05-03 00:00:00";"2020-05-03 23:59:59";16;15724;20;10;0;<FLG>
V6155020;V615502002;QINnJ;1;"2020-05-04 00:00:00";"2020-05-04 23:59:59";16;15547;20;10;0;<FLG>
V6155020;V615502002;QINnJ;1;"2020-05-05 00:00:00";"2020-05-05 23:59:59";16;15370;20;10;0;<FLG>
V6155020;V615502002;QINnJ;1;"2020-05-06 00:00:00";"2020-05-06 23:59:59";16;15186;20;10;0;<FLG>
V6155020;V615502002;QINnJ;1;"2020-05-07 00:00:00";"2020-05-07 23:59:59";16;14996;20;10;0;<FLG>
V6155020;V615502002;QINnJ;1;"2020-05-08 00:00:00";"2020-05-08 23:59:59";16;14758;20;10;0;<FLG>
V6155020;V615502002;QINnJ;1;"2020-05-09 00:00:00";"2020-05-09 12:00:00";16;14639;20;10;0;<FLG>
V6155020;V615502002;QINnJ;1;"2020-05-10 00:00:00";"2020-05-10 00:00:00";16;15931;20;10;0;<FLG>
V6155020;V615502002;QINnJ;1;"2020-05-11 00:00:00";"2020-05-11 00:00:00";16;18248;20;10;0;<FLG>
V6155020;V615502002;QINnJ;1;"2020-05-12 00:00:00";"2020-05-12 00:00:00";16;20086;20;10;0;<FLG>
V6155020;V615502002;QINnJ;1;"2020-05-13 00:00:00";"2020-05-13 00:00:00";16;25170;20;10;0;<FLG>
V6155020;V615502002;QINnJ;1;"2020-05-14 00:00:00";"2020-05-14 23:59:59";16;25170;20;10;0;<FLG>
V6155020;V615502002;QINnJ;1;"2020-05-15 00:00:00";"2020-05-15 23:59:59";16;23638;20;10;0;<FLG>
V6155020;V615502002;QINnJ;1;"2020-05-16 00:00:00";"2020-05-16 23:59:59";16;22982;20;10;0;<FLG>
V6155020;V615502002;QINnJ;1;"2020-05-17 00:00:00";"2020-05-17 12:00:00";16;22863;20;10;0;<FLG>
V6155020;V615502002;QINnJ;1;"2020-05-18 00:00:00";"2020-05-18 00:00:00";16;24703;20;10;0;<FLG>
V6155020;V615502002;QINnJ;1;"2020-05-19 00:00:00";"2020-05-19 00:00:00";16;29156;20;10;0;<FLG>
V6155020;V615502002;QINnJ;1;"2020-05-20 00:00:00";"2020-05-20 23:59:59";16;30071;20;10;0;<FLG>
V6155020;V615502002;QINnJ;1;"2020-05-21 00:00:00";"2020-05-21 23:59:59";16;27718;20;10;0;<FLG>
V6155020;V615502002;QINnJ;1;"2020-05-22 00:00:00";"2020-05-22 23:59:59";16;26011;20;10;0;<FLG>
V6155020;V615502002;QINnJ;1;"2020-05-23 00:00:00";"2020-05-23 23:59:59";16;23956;20;10;0;<FLG>
V6155020;V615502002;QINnJ;1;"2020-05-24 00:00:00";"2020-05-24 23:59:59";16;22267;20;10;0;<FLG>
V6155020;V615502002;QINnJ;1;"2020-05-25 00:00:00";"2020-05-25 23:59:59";16;21273;20;10;0;<FLG>
V6155020;V615502002;QINnJ;1;"2020-05-26 00:00:00";"2020-05-26 23:59:59";16;20765;20;10;0;<FLG>
V6155020;V615502002;QINnJ;1;"2020-05-27 00:00:00";"2020-05-27 23:59:59";16;20375;20;10;0;<FLG>
V6155020;V615502002;QINnJ;1;"2020-05-28 00:00:00";"2020-05-28 23:59:59";16;19919;20;10;0;<FLG>
V6155020;V615502002;QINnJ;1;"2020-05-29 00:00:00";"2020-05-29 23:59:59";16;19492;20;10;0;<FLG>
V6155020;V615502002;QINnJ;1;"2020-05-30 00:00:00";"2020-05-30 23:59:59";16;19211;20;10;0;<FLG>
V6155020;V615502002;QINnJ;1;"2020-05-31 00:00:00";"2020-05-31 23:59:59";16;18879;20;10;0;<FLG>
V6155020;V615502002;QINnJ;1;"2020-06-01 00:00:00";"2020-06-01 23:59:59";16;18534;20;10;0;<FLG>
V6155020;V615502002;QINnJ;1;"2020-06-02 00:00:00";"2020-06-02 23:59:59";16;18228;20;10;0;<FLG>
V6155020;V615502002;QINnJ;1;"2020-06-03 00:00:00";"2020-06-03 23:59:59";16;17940;20;10;0;<FLG>
V6155020;V615502002;QINnJ;1;"2020-06-04 00:00:00";"2020-06-04 23:59:59";16;17763;20;10;0;<FLG>
V6155020;V615502002;QINnJ;1;"2020-06-05 00:00:00";"2020-06-05 23:59:59";16;17687;20;10;0;<FLG>
V6155020;V615502002;QINnJ;1;"2020-06-06 00:00:00";"2020-06-06 23:59:59";16;17534;20;10;0;<FLG>
V6155020;V615502002;QINnJ;1;"2020-06-07 00:00:00";"2020-06-07 23:59:59";16;17310;20;10;0;<FLG>
V6155020;V615502002;QINnJ;1;"2020-06-08 00:00:00";"2020-06-08 23:59:59";16;17056;20;10;0;<FLG>
V6155020;V615502002;QINnJ;1;"2020-06-09 00:00:00";"2020-06-09 23:59:59";16;16812;20;10;0;<FLG>
V6155020;V615502002;QINnJ;1;"2020-06-10 00:00:00";"2020-06-10 23:59:59";16;16570;20;10;0;<FLG>
V6155020;V615502002;QINnJ;1;"2020-06-11 00:00:00";"2020-06-11 23:59:59";16;16396;20;10;0;<FLG>
V6155020;V615502002;QINnJ;1;"2020-06-12 00:00:00";"2020-06-12 23:59:59";16;16288;20;10;0;<FLG>
V6155020;V615502002;QINnJ;1;"2020-06-13 00:00:00";"2020-06-13 23:59:59";16;16180;20;10;0;<FLG>
V6155020;V615502002;QINnJ;1;"2020-06-14 00:00:00";"2020-06-14 12:00:00";16;16126;20;10;0;<FLG>
V6155020;V615502002;QINnJ;1;"2020-06-15 00:00:00";"2020-06-15 00:00:00";16;16386;20;10;0;<FLG>
V6155020;V615502002;QINnJ;1;"2020-06-16 00:00:00";"2020-06-16 23:59:59";16;16368;20;10;0;<FLG>
V6155020;V615502002;QINnJ;1;"2020-06-17 00:00:00";"2020-06-17 23:59:59";16;16144;20;10;0;<FLG>
V6155020;V615502002;QINnJ;1;"2020-06-18 00:00:00";"2020-06-18 23:59:59";16;15882;20;10;0;<FLG>
V6155020;V615502002;QINnJ;1;"2020-06-19 00:00:00";"2020-06-19 23:59:59";16;15619;20;10;0;<FLG>
V6155020;V615502002;QINnJ;1;"2020-06-20 00:00:00";"2020-06-20 23:59:59";16;15369;20;10;0;<FLG>
V6155020;V615502002;QINnJ;1;"2020-06-21 00:00:00";"2020-06-21 23:59:59";16;15134;20;10;0;<FLG>
V6155020;V615502002;QINnJ;1;"2020-06-22 00:00:00";"2020-06-22 23:59:59";16;14878;20;10;0;<FLG>
V6155020;V615502002;QINnJ;1;"2020-06-23 00:00:00";"2020-06-23 23:59:59";16;14599;20;10;0;<FLG>
V6155020;V615502002;QINnJ;1;"2020-06-24 00:00:00";"2020-06-24 23:59:59";16;14350;20;10;0;<FLG>
V6155020;V615502002;QINnJ;1;"2020-06-25 00:00:00";"2020-06-25 23:59:59";16;14116;20;10;0;<FLG>
V6155020;V615502002;QINnJ;1;"2020-06-26 00:00:00";"2020-06-26 23:59:59";16;13891;20;10;0;<FLG>
V6155020;V615502002;QINnJ;1;"2020-06-27 00:00:00";"2020-06-27 23:59:59";16;13675;20;10;0;<FLG>
V6155020;V615502002;QINnJ;1;"2020-06-28 00:00:00";"2020-06-28 23:59:59";16;13481;20;10;0;<FLG>
V6155020;V615502002;QINnJ;1;"2020-06-29 00:00:00";"2020-06-29 23:59:59";16;13309;20;10;0;<FLG>
V6155020;V615502002;QINnJ;1;"2020-06-30 00:00:00";"2020-06-30 23:59:59";16;13137;20;10;0;<FLG>
V6155020;V615502002;QINnJ;1;"2020-07-01 00:00:00";"2020-07-01 23:59:59";16;12966;20;10;0;<FLG>
V6155020;V615502002;QINnJ;1;"2020-07-02 00:00:00";"2020-07-02 23:59:59";16;12793;20;10;0;<FLG>
V6155020;V615502002;QINnJ;1;"2020-07-03 00:00:00";"2020-07-03 23:59:59";16;12603;20;10;0;<FLG>
V6155020;V615502002;QINnJ;1;"2020-07-04 00:00:00";"2020-07-04 23:59:59";16;12418;20;10;0;<FLG>
V6155020;V615502002;QINnJ;1;"2020-07-05 00:00:00";"2020-07-05 23:59:59";16;12257;20;10;0;<FLG>
V6155020;V615502002;QINnJ;1;"2020-07-06 00:00:00";"2020-07-06 23:59:59";16;12096;20;10;0;<FLG>
V6155020;V615502002;QINnJ;1;"2020-07-07 00:00:00";"2020-07-07 23:59:59";16;11875;20;10;0;<FLG>
V6155020;V615502002;QINnJ;1;"2020-07-08 00:00:00";"2020-07-08 23:59:59";16;11593;20;10;0;<FLG>
V6155020;V615502002;QINnJ;1;"2020-07-09 00:00:00";"2020-07-09 12:00:00";16;11452;20;10;0;<FLG>
V6155020;V615502002;QINnJ;1;"2020-07-10 00:00:00";"2020-07-10 23:59:59";16;11458;20;10;0;<FLG>
V6155020;V615502002;QINnJ;1;"2020-07-11 00:00:00";"2020-07-11 23:59:59";16;11390;20;10;0;<FLG>
V6155020;V615502002;QINnJ;1;"2020-07-12 00:00:00";"2020-07-12 23:59:59";16;11283;20;10;0;<FLG>
V6155020;V615502002;QINnJ;1;"2020-07-13 00:00:00";"2020-07-13 23:59:59";16;11138;20;10;0;<FLG>
V6155020;V615502002;QINnJ;1;"2020-07-14 00:00:00";"2020-07-14 23:59:59";16;10993;20;10;0;<FLG>
V6155020;V615502002;QINnJ;1;"2020-07-15 00:00:00";"2020-07-15 23:59:59";16;10848;20;10;0;<FLG>
V6155020;V615502002;QINnJ;1;"2020-07-16 00:00:00";"2020-07-16 23:59:59";16;10703;20;10;0;<FLG>
V6155020;V615502002;QINnJ;1;"2020-07-17 00:00:00";"2020-07-17 23:59:59";16;10558;20;10;0;<FLG>
V6155020;V615502002;QINnJ;1;"2020-07-18 00:00:00";"2020-07-18 23:59:59";16;10430;20;10;0;<FLG>
V6155020;V615502002;QINnJ;1;"2020-07-19 00:00:00";"2020-07-19 23:59:59";16;10320;20;10;0;<FLG>
V6155020;V615502002;QINnJ;1;"2020-07-20 00:00:00";"2020-07-20 23:59:59";16;10209;20;10;0;<FLG>
V6155020;V615502002;QINnJ;1;"2020-07-21 00:00:00";"2020-07-21 23:59:59";16;10098;20;10;0;<FLG>
V6155020;V615502002;QINnJ;1;"2020-07-22 00:00:00";"2020-07-22 23:59:59";16;9987;20;10;0;<FLG>
V6155020;V615502002;QINnJ;1;"2020-07-23 00:00:00";"2020-07-23 23:59:59";16;9894;20;10;0;<FLG>
V6155020;V615502002;QINnJ;1;"2020-07-24 00:00:00";"2020-07-24 23:59:59";16;9801;20;10;0;<FLG>
V6155020;V615502002;QINnJ;1;"2020-07-25 00:00:00";"2020-07-25 23:59:59";16;9715;20;10;0;<FLG>
V6155020;V615502002;QINnJ;1;"2020-07-26 00:00:00";"2020-07-26 23:59:59";16;9636;20;10;0;<FLG>
V6155020;V615502002;QINnJ;1;"2020-07-27 00:00:00";"2020-07-27 23:59:59";16;9540;20;10;0;<FLG>
V6155020;V615502002;QINnJ;1;"2020-07-28 00:00:00";"2020-07-28 23:59:59";16;9429;20;10;0;<FLG>
V6155020;V615502002;QINnJ;1;"2020-07-29 00:00:00";"2020-07-29 23:59:59";16;9317;20;10;0;<FLG>
V6155020;V615502002;QINnJ;1;"2020-07-30 00:00:00";"2020-07-30 23:59:59";16;9205;20;10;0;<FLG>
V6155020;V615502002;QINnJ;1;"2020-07-31 00:00:00";"2020-07-31 23:59:59";16;9126;20;10;0;<FLG>
V6155020;V615502002;QINnJ;1;"2020-08-01 00:00:00";"2020-08-01 23:59:59";16;9080;20;10;0;<FLG>
V6155020;V615502002;QINnJ;1;"2020-08-02 00:00:00";"2020-08-02 23:59:59";16;9033;20;10;0;<FLG>
V6155020;V615502002;QINnJ;1;"2020-08-03 00:00:00";"2020-08-03 23:59:59";16;8979;20;10;0;<FLG>
V6155020;V615502002;QINnJ;1;"2020-08-04 00:00:00";"2020-08-04 23:59:59";16;8917;20;10;0;<FLG>
V6155020;V615502002;QINnJ;1;"2020-08-05 00:00:00";"2020-08-05 23:59:59";16;8855;20;10;0;<FLG>
V6155020;V615502002;QINnJ;1;"2020-08-06 00:00:00";"2020-08-06 23:59:59";16;8765;20;10;0;<FLG>
V6155020;V615502002;QINnJ;1;"2020-08-07 00:00:00";"2020-08-07 23:59:59";16;8649;20;10;0;<FLG>
V6155020;V615502002;QINnJ;1;"2020-08-08 00:00:00";"2020-08-08 23:59:59";16;8552;20;10;0;<FLG>
V6155020;V615502002;QINnJ;1;"2020-08-09 00:00:00";"2020-08-09 23:59:59";16;8474;20;10;0;<FLG>
V6155020;V615502002;QINnJ;1;"2020-08-10 00:00:00";"2020-08-10 23:59:59";16;8397;20;10;0;<FLG>
V6155020;V615502002;QINnJ;1;"2020-08-11 00:00:00";"2020-08-11 23:59:59";16;8323;20;10;0;<FLG>
V6155020;V615502002;QINnJ;1;"2020-08-12 00:00:00";"2020-08-12 23:59:59";16;8253;20;10;0;<FLG>
V6155020;V615502002;QINnJ;1;"2020-08-13 00:00:00";"2020-08-13 23:59:59";16;8183;20;10;0;<FLG>
V6155020;V615502002;QINnJ;1;"2020-08-14 00:00:00";"2020-08-14 23:59:59";16;8114;20;10;0;<FLG>
V6155020;V615502002;QINnJ;1;"2020-08-15 00:00:00";"2020-08-15 23:59:59";16;8065;20;10;0;<FLG>
V6155020;V615502002;QINnJ;1;"2020-08-16 00:00:00";"2020-08-16 23:59:59";16;8037;20;10;0;<FLG>
V6155020;V615502002;QINnJ;1;"2020-08-17 00:00:00";"2020-08-17 23:59:59";16;8009;20;10;0;<FLG>
V6155020;V615502002;QINnJ;1;"2020-08-18 00:00:00";"2020-08-18 23:59:59";16;7981;20;10;0;<FLG>
V6155020;V615502002;QINnJ;1;"2020-08-19 00:00:00";"2020-08-19 23:59:59";16;7953;20;10;0;<FLG>
V6155020;V615502002;QINnJ;1;"2020-08-20 00:00:00";"2020-08-20 23:59:59";16;7916;20;10;0;<FLG>
V6155020;V615502002;QINnJ;1;"2020-08-21 00:00:00";"2020-08-21 23:59:59";16;7869;20;10;0;<FLG>
V6155020;V615502002;QINnJ;1;"2020-08-22 00:00:00";"2020-08-22 23:59:59";16;7834;20;10;0;<FLG>
V6155020;V615502002;QINnJ;1;"2020-08-23 00:00:00";"2020-08-23 23:59:59";16;7809;20;10;0;<FLG>
V6155020;V615502002;QINnJ;1;"2020-08-24 00:00:00";"2020-08-24 23:59:59";16;7784;20;10;0;<FLG>
V6155020;V615502002;QINnJ;1;"2020-08-25 00:00:00";"2020-08-25 23:59:59";16;7725;20;10;0;<FLG>
V6155020;V615502002;QINnJ;1;"2020-08-26 00:00:00";"2020-08-26 23:59:59";16;7626;20;10;0;<FLG>
V6155020;V615502002;QINnJ;1;"2020-08-27 00:00:00";"2020-08-27 12:00:00";16;7572;20;10;0;<FLG>
V6155020;V615502002;QINnJ;1;"2020-08-28 00:00:00";"2020-08-28 00:00:00";16;7572;20;10;0;<FLG>
V6155020;V615502002;QINnJ;1;"2020-08-29 00:00:00";"2020-08-29 00:00:00";16;7572;20;10;0;<FLG>
V6155020;V615502002;QINnJ;1;"2020-08-30 00:00:00";"2020-08-30 23:59:59";16;7507;20;10;0;<FLG>
V6155020;V615502002;QINnJ;1;"2020-08-31 00:00:00";"2020-08-31 23:59:59";16;7399;20;10;0;<FLG>
V6155020;V615502002;QINnJ;1;"2020-09-01 00:00:00";"2020-09-01 23:59:59";16;7332;20;10;0;<FLG>
V6155020;V615502002;QINnJ;1;"2020-09-02 00:00:00";"2020-09-02 23:59:59";16;7284;20;10;0;<FLG>
V6155020;V615502002;QINnJ;1;"2020-09-03 00:00:00";"2020-09-03 23:59:59";16;7236;20;10;0;<FLG>
V6155020;V615502002;QINnJ;1;"2020-09-04 00:00:00";"2020-09-04 23:59:59";16;7189;20;10;0;<FLG>
V6155020;V615502002;QINnJ;1;"2020-09-05 00:00:00";"2020-09-05 23:59:59";16;7141;20;10;0;<FLG>
V6155020;V615502002;QINnJ;1;"2020-09-06 00:00:00";"2020-09-06 23:59:59";16;7097;20;10;0;<FLG>
V6155020;V615502002;QINnJ;1;"2020-09-07 00:00:00";"2020-09-07 23:59:59";16;7057;20;10;0;<FLG>
V6155020;V615502002;QINnJ;1;"2020-09-08 00:00:00";"2020-09-08 23:59:59";16;7016;20;10;0;<FLG>
V6155020;V615502002;QINnJ;1;"2020-09-09 00:00:00";"2020-09-09 23:59:59";16;6975;20;10;0;<FLG>
V6155020;V615502002;QINnJ;1;"2020-09-10 00:00:00";"2020-09-10 23:59:59";16;6942;20;10;0;<FLG>
V6155020;V615502002;QINnJ;1;"2020-09-11 00:00:00";"2020-09-11 23:59:59";16;6915;20;10;0;<FLG>
V6155020;V615502002;QINnJ;1;"2020-09-12 00:00:00";"2020-09-12 23:59:59";16;6879;20;10;0;<FLG>
V6155020;V615502002;QINnJ;1;"2020-09-13 00:00:00";"2020-09-13 23:59:59";16;6836;20;10;0;<FLG>
V6155020;V615502002;QINnJ;1;"2020-09-14 00:00:00";"2020-09-14 23:59:59";16;6793;20;10;0;<FLG>
V6155020;V615502002;QINnJ;1;"2020-09-15 00:00:00";"2020-09-15 23:59:59";16;6750;20;10;0;<FLG>
V6155020;V615502002;QINnJ;1;"2020-09-16 00:00:00";"2020-09-16 23:59:59";16;6706;20;10;0;<FLG>
V6155020;V615502002;QINnJ;1;"2020-09-17 00:00:00";"2020-09-17 12:00:00";16;6685;20;10;0;<FLG>
V6155020;V615502002;QINnJ;1;"2020-09-18 00:00:00";"2020-09-18 00:00:00";16;6701;20;10;0;<FLG>
V6155020;V615502002;QINnJ;1;"2020-09-19 00:00:00";"2020-09-19 00:00:00";16;6733;20;10;0;<FLG>
V6155020;V615502002;QINnJ;1;"2020-09-20 00:00:00";"2020-09-20 00:00:00";16;6766;20;10;0;<FLG>
V6155020;V615502002;QINnJ;1;"2020-09-21 00:00:00";"2020-09-21 00:00:00";16;6798;20;10;0;<FLG>
V6155020;V615502002;QINnJ;1;"2020-09-22 00:00:00";"2020-09-22 00:00:00";16;6831;20;10;0;<FLG>
V6155020;V615502002;QINnJ;1;"2020-09-23 00:00:00";"2020-09-23 00:00:00";16;6928;20;10;0;<FLG>
V6155020;V615502002;QINnJ;1;"2020-09-24 00:00:00";"2020-09-24 00:00:00";16;7009;20;10;0;<FLG>
V6155020;V615502002;QINnJ;1;"2020-09-25 00:00:00";"2020-09-25 00:00:00";16;7009;20;10;0;<FLG>
V6155020;V615502002;QINnJ;1;"2020-09-26 00:00:00";"2020-09-26 00:00:00";16;7009;20;10;0;<FLG>
V6155020;V615502002;QINnJ;1;"2020-09-27 00:00:00";"2020-09-27 00:00:00";16;7009;20;10;0;<FLG>
V6155020;V615502002;QINnJ;1;"2020-09-28 00:00:00";"2020-09-28 23:59:59";16;6966;20;10;0;<FLG>
V6155020;V615502002;QINnJ;1;"2020-09-29 00:00:00";"2020-09-29 23:59:59";16;6904;20;10;0;<FLG>
V6155020;V615502002;QINnJ;1;"2020-09-30 00:00:00";"2020-09-30 23:59:59";16;6866;20;10;0;<FLG>
V6155020;V615502002;QINnJ;1;"2020-10-01 00:00:00";"2020-10-01 12:00:00";16;6847;20;10;0;<FLG>
V6155020;V615502002;QINnJ;1;"2020-10-02 00:00:00";"2020-10-02 00:00:00";16;7212;20;10;0;<FLG>
V6155020;V615502002;QINnJ;1;"2020-10-03 00:00:00";"2020-10-03 00:00:00";16;7904;20;10;0;<FLG>
V6155020;V615502002;QINnJ;1;"2020-10-04 00:00:00";"2020-10-04 00:00:00";16;8814;20;10;0;<FLG>
V6155020;V615502002;QINnJ;1;"2020-10-05 00:00:00";"2020-10-05 23:59:59";16;9460;20;10;0;<FLG>
V6155020;V615502002;QINnJ;1;"2020-10-06 00:00:00";"2020-10-06 23:59:59";16;9336;20;10;0;<FLG>
V6155020;V615502002;QINnJ;1;"2020-10-07 00:00:00";"2020-10-07 23:59:59";16;9211;20;10;0;<FLG>
V6155020;V615502002;QINnJ;1;"2020-10-08 00:00:00";"2020-10-08 23:59:59";16;9068;20;10;0;<FLG>
V6155020;V615502002;QINnJ;1;"2020-10-09 00:00:00";"2020-10-09 23:59:59";16;8905;20;10;0;<FLG>
V6155020;V615502002;QINnJ;1;"2020-10-10 00:00:00";"2020-10-10 23:59:59";16;8730;20;10;0;<FLG>
V6155020;V615502002;QINnJ;1;"2020-10-11 00:00:00";"2020-10-11 23:59:59";16;8544;20;10;0;<FLG>
V6155020;V615502002;QINnJ;1;"2020-10-12 00:00:00";"2020-10-12 23:59:59";16;8358;20;10;0;<FLG>
V6155020;V615502002;QINnJ;1;"2020-10-13 00:00:00";"2020-10-13 23:59:59";16;8186;20;10;0;<FLG>
V6155020;V615502002;QINnJ;1;"2020-10-14 00:00:00";"2020-10-14 23:59:59";16;8028;20;10;0;<FLG>
V6155020;V615502002;QINnJ;1;"2020-10-15 00:00:00";"2020-10-15 23:59:59";16;7869;20;10;0;<FLG>
V6155020;V615502002;QINnJ;1;"2020-10-16 00:00:00";"2020-10-16 23:59:59";16;7711;20;10;0;<FLG>
V6155020;V615502002;QINnJ;1;"2020-10-17 00:00:00";"2020-10-17 23:59:59";16;7534;20;10;0;<FLG>
V6155020;V615502002;QINnJ;1;"2020-10-18 00:00:00";"2020-10-18 23:59:59";16;7388;20;10;0;<FLG>
V6155020;V615502002;QINnJ;1;"2020-10-19 00:00:00";"2020-10-19 23:59:59";16;7280;20;10;0;<FLG>
V6155020;V615502002;QINnJ;1;"2020-10-20 00:00:00";"2020-10-20 23:59:59";16;7171;20;10;0;<FLG>
V6155020;V615502002;QINnJ;1;"2020-10-21 00:00:00";"2020-10-21 23:59:59";16;7063;20;10;0;<FLG>
V6155020;V615502002;QINnJ;1;"2020-10-22 00:00:00";"2020-10-22 12:00:00";16;7009;20;10;0;<FLG>
V6155020;V615502002;QINnJ;1;"2020-10-23 00:00:00";"2020-10-23 00:00:00";16;7415;20;10;0;<FLG>
V6155020;V615502002;QINnJ;1;"2020-10-24 00:00:00";"2020-10-24 00:00:00";16;8149;20;10;0;<FLG>
V6155020;V615502002;QINnJ;1;"2020-10-25 00:00:00";"2020-10-25 00:00:00";16;9103;20;10;0;<FLG>
V6155020;V615502002;QINnJ;1;"2020-10-26 00:00:00";"2020-10-26 12:00:00";16;9615;20;10;0;<FLG>
V6155020;V615502002;QINnJ;1;"2020-10-27 00:00:00";"2020-10-27 00:00:00";16;9801;20;10;0;<FLG>
V6155020;V615502002;QINnJ;1;"2020-10-28 00:00:00";"2020-10-28 23:59:59";16;10103;20;10;0;<FLG>
V6155020;V615502002;QINnJ;1;"2020-10-29 00:00:00";"2020-10-29 23:59:59";16;9661;20;10;0;<FLG>
V6155020;V615502002;QINnJ;1;"2020-10-30 00:00:00";"2020-10-30 23:59:59";16;9289;20;10;0;<FLG>
V6155020;V615502002;QINnJ;1;"2020-10-31 00:00:00";"2020-10-31 23:59:59";16;8971;20;10;0;<FLG>
V6155020;V615502002;QINnJ;1;"2020-11-01 00:00:00";"2020-11-01 23:59:59";16;8707;20;10;0;<FLG>
V6155020;V615502002;QINnJ;1;"2020-11-02 00:00:00";"2020-11-02 23:59:59";16;8443;20;10;0;<FLG>
V6155020;V615502002;QINnJ;1;"2020-11-03 00:00:00";"2020-11-03 23:59:59";16;8218;20;10;0;<FLG>
V6155020;V615502002;QINnJ;1;"2020-11-04 00:00:00";"2020-11-04 23:59:59";16;8032;20;10;0;<FLG>
V6155020;V615502002;QINnJ;1;"2020-11-05 00:00:00";"2020-11-05 23:59:59";16;7846;20;10;0;<FLG>
V6155020;V615502002;QINnJ;1;"2020-11-06 00:00:00";"2020-11-06 23:59:59";16;7658;20;10;0;<FLG>
V6155020;V615502002;QINnJ;1;"2020-11-07 00:00:00";"2020-11-07 12:00:00";16;7550;20;10;0;<FLG>
V6155020;V615502002;QINnJ;1;"2020-11-08 00:00:00";"2020-11-08 00:00:00";16;7823;20;10;0;<FLG>
V6155020;V615502002;QINnJ;1;"2020-11-09 00:00:00";"2020-11-09 00:00:00";16;8335;20;10;0;<FLG>
V6155020;V615502002;QINnJ;1;"2020-11-10 00:00:00";"2020-11-10 00:00:00";16;8719;20;10;0;<FLG>
V6155020;V615502002;QINnJ;1;"2020-11-11 00:00:00";"2020-11-11 00:00:00";16;8975;20;10;0;<FLG>
V6155020;V615502002;QINnJ;1;"2020-11-12 00:00:00";"2020-11-12 23:59:59";16;8777;20;10;0;<FLG>
V6155020;V615502002;QINnJ;1;"2020-11-13 00:00:00";"2020-11-13 23:59:59";16;8591;20;10;0;<FLG>
V6155020;V615502002;QINnJ;1;"2020-11-14 00:00:00";"2020-11-14 23:59:59";16;8474;20;10;0;<FLG>
V6155020;V615502002;QINnJ;1;"2020-11-15 00:00:00";"2020-11-15 23:59:59";16;8440;20;10;0;<FLG>
V6155020;V615502002;QINnJ;1;"2020-11-16 00:00:00";"2020-11-16 23:59:59";16;8416;20;10;0;<FLG>
V6155020;V615502002;QINnJ;1;"2020-11-17 00:00:00";"2020-11-17 12:00:00";16;8405;20;10;0;<FLG>
V6155020;V615502002;QINnJ;1;"2020-11-18 00:00:00";"2020-11-18 00:00:00";16;8451;20;10;0;<FLG>
V6155020;V615502002;QINnJ;1;"2020-11-19 00:00:00";"2020-11-19 23:59:59";16;8358;20;10;0;<FLG>
V6155020;V615502002;QINnJ;1;"2020-11-20 00:00:00";"2020-11-20 23:59:59";16;8265;20;10;0;<FLG>
V6155020;V615502002;QINnJ;1;"2020-11-21 00:00:00";"2020-11-21 23:59:59";16;8195;20;10;0;<FLG>
V6155020;V615502002;QINnJ;1;"2020-11-22 00:00:00";"2020-11-22 23:59:59";16;8110;20;10;0;<FLG>
V6155020;V615502002;QINnJ;1;"2020-11-23 00:00:00";"2020-11-23 23:59:59";16;7986;20;10;0;<FLG>
V6155020;V615502002;QINnJ;1;"2020-11-24 00:00:00";"2020-11-24 23:59:59";16;7861;20;10;0;<FLG>
V6155020;V615502002;QINnJ;1;"2020-11-25 00:00:00";"2020-11-25 23:59:59";16;7748;20;10;0;<FLG>
V6155020;V615502002;QINnJ;1;"2020-11-26 00:00:00";"2020-11-26 23:59:59";16;7642;20;10;0;<FLG>
V6155020;V615502002;QINnJ;1;"2020-11-27 00:00:00";"2020-11-27 23:59:59";16;7523;20;10;0;<FLG>
V6155020;V615502002;QINnJ;1;"2020-11-28 00:00:00";"2020-11-28 23:59:59";16;7404;20;10;0;<FLG>
V6155020;V615502002;QINnJ;1;"2020-11-29 00:00:00";"2020-11-29 23:59:59";16;7285;20;10;0;<FLG>
V6155020;V615502002;QINnJ;1;"2020-11-30 00:00:00";"2020-11-30 23:59:59";16;7171;20;10;0;<FLG>
V6155020;V615502002;QINnJ;1;"2020-12-01 00:00:00";"2020-12-01 23:59:59";16;7099;20;10;0;<FLG>
V6155020;V615502002;QINnJ;1;"2020-12-02 00:00:00";"2020-12-02 23:59:59";16;7063;20;10;0;<FLG>
V6155020;V615502002;QINnJ;1;"2020-12-03 00:00:00";"2020-12-03 23:59:59";16;7027;20;10;0;<FLG>
V6155020;V615502002;QINnJ;1;"2020-12-04 00:00:00";"2020-12-04 23:59:59";16;6998;20;10;0;<FLG>
V6155020;V615502002;QINnJ;1;"2020-12-05 00:00:00";"2020-12-05 23:59:59";16;6966;20;10;0;<FLG>
V6155020;V615502002;QINnJ;1;"2020-12-06 00:00:00";"2020-12-06 23:59:59";16;6923;20;10;0;<FLG>
V6155020;V615502002;QINnJ;1;"2020-12-07 00:00:00";"2020-12-07 23:59:59";16;6883;20;10;0;<FLG>
V6155020;V615502002;QINnJ;1;"2020-12-08 00:00:00";"2020-12-08 23:59:59";16;6847;20;10;0;<FLG>
V6155020;V615502002;QINnJ;1;"2020-12-09 00:00:00";"2020-12-09 23:59:59";16;6811;20;10;0;<FLG>
V6155020;V615502002;QINnJ;1;"2020-12-10 00:00:00";"2020-12-10 12:00:00";16;6793;20;10;0;<FLG>
V6155020;V615502002;QINnJ;1;"2020-12-11 00:00:00";"2020-12-11 00:00:00";16;6793;20;10;0;<FLG>
V6155020;V615502002;QINnJ;1;"2020-12-12 00:00:00";"2020-12-12 00:00:00";16;6793;20;10;0;<FLG>
V6155020;V615502002;QINnJ;1;"2020-12-13 00:00:00";"2020-12-13 00:00:00";16;7388;20;10;0;<FLG>
V6155020;V615502002;QINnJ;1;"2020-12-14 00:00:00";"2020-12-14 00:00:00";16;8242;20;10;0;<FLG>
V6155020;V615502002;QINnJ;1;"2020-12-15 00:00:00";"2020-12-15 00:00:00";16;8591;20;10;0;<FLG>
V6155020;V615502002;QINnJ;1;"2020-12-16 00:00:00";"2020-12-16 00:00:00";16;8893;20;10;0;<FLG>
V6155020;V615502002;QINnJ;1;"2020-12-17 00:00:00";"2020-12-17 00:00:00";16;10236;20;10;0;<FLG>
V6155020;V615502002;QINnJ;1;"2020-12-18 00:00:00";"2020-12-18 00:00:00";16;11605;20;10;0;<FLG>
V6155020;V615502002;QINnJ;1;"2020-12-19 00:00:00";"2020-12-19 00:00:00";16;12016;20;10;0;<FLG>
V6155020;V615502002;QINnJ;1;"2020-12-20 00:00:00";"2020-12-20 00:00:00";16;12016;20;10;0;<FLG>
V6155020;V615502002;QINnJ;1;"2020-12-21 00:00:00";"2020-12-21 00:00:00";16;12197;20;10;0;<FLG>
V6155020;V615502002;QINnJ;1;"2020-12-22 00:00:00";"2020-12-22 00:00:00";16;13017;20;10;0;<FLG>
V6155020;V615502002;QINnJ;1;"2020-12-23 00:00:00";"2020-12-23 23:59:59";16;13533;20;10;0;<FLG>
V6155020;V615502002;QINnJ;1;"2020-12-24 00:00:00";"2020-12-24 23:59:59";16;13260;20;10;0;<FLG>
V6155020;V615502002;QINnJ;1;"2020-12-25 00:00:00";"2020-12-25 23:59:59";16;13127;20;10;0;<FLG>
V6155020;V615502002;QINnJ;1;"2020-12-26 00:00:00";"2020-12-26 23:59:59";16;12932;20;10;0;<FLG>
V6155020;V615502002;QINnJ;1;"2020-12-27 00:00:00";"2020-12-27 23:59:59";16;12654;20;10;0;<FLG>
V6155020;V615502002;QINnJ;1;"2020-12-28 00:00:00";"2020-12-28 23:59:59";16;12328;20;10;0;<FLG>
V6155020;V615502002;QINnJ;1;"2020-12-29 00:00:00";"2020-12-29 23:59:59";16;12001;20;10;0;<FLG>
V6155020;V615502002;QINnJ;1;"2020-12-30 00:00:00";"2020-12-30 23:59:59";16;11691;20;10;0;<FLG>
V6155020;V615502002;QINnJ;1;"2020-12-31 00:00:00";"2020-12-31 23:59:59";16;11398;20;10;0;<FLG>
V6155020;V615502002;QINnJ;1;"2021-01-01 00:00:00";"2021-01-01 12:00:00";16;11251;20;10;0;<FLG>
V6155020;V615502002;QINnJ;1;"2021-01-02 00:00:00";"2021-01-02 00:00:00";16;11271;20;10;0;<FLG>
V6155020;V615502002;QINnJ;1;"2021-01-03 00:00:00";"2021-01-03 00:00:00";16;11371;20;10;0;<FLG>
V6155020;V615502002;QINnJ;1;"2021-01-04 00:00:00";"2021-01-04 23:59:59";16;11178;20;10;0;<FLG>
V6155020;V615502002;QINnJ;1;"2021-01-05 00:00:00";"2021-01-05 23:59:59";16;10953;20;10;0;<FLG>
V6155020;V615502002;QINnJ;1;"2021-01-06 00:00:00";"2021-01-06 23:59:59";16;10727;20;10;0;<FLG>
V6155020;V615502002;QINnJ;1;"2021-01-07 00:00:00";"2021-01-07 23:59:59";16;10502;20;10;0;<FLG>
V6155020;V615502002;QINnJ;1;"2021-01-08 00:00:00";"2021-01-08 23:59:59";16;10276;20;10;0;<FLG>
V6155020;V615502002;QINnJ;1;"2021-01-09 00:00:00";"2021-01-09 23:59:59";16;10057;20;10;0;<FLG>
V6155020;V615502002;QINnJ;1;"2021-01-10 00:00:00";"2021-01-10 23:59:59";16;9840;20;10;0;<FLG>
V6155020;V615502002;QINnJ;1;"2021-01-11 00:00:00";"2021-01-11 23:59:59";16;9638;20;10;0;<FLG>
V6155020;V615502002;QINnJ;1;"2021-01-12 00:00:00";"2021-01-12 23:59:59";16;9436;20;10;0;<FLG>
V6155020;V615502002;QINnJ;1;"2021-01-13 00:00:00";"2021-01-13 12:00:00";16;9336;20;10;0;<FLG>
V6155020;V615502002;QINnJ;1;"2021-01-14 00:00:00";"2021-01-14 00:00:00";16;9412;20;10;0;<FLG>
V6155020;V615502002;QINnJ;1;"2021-01-15 00:00:00";"2021-01-15 00:00:00";16;9564;20;10;0;<FLG>
V6155020;V615502002;QINnJ;1;"2021-01-16 00:00:00";"2021-01-16 00:00:00";16;9716;20;10;0;<FLG>
V6155020;V615502002;QINnJ;1;"2021-01-17 00:00:00";"2021-01-17 00:00:00";16;9806;20;10;0;<FLG>
V6155020;V615502002;QINnJ;1;"2021-01-18 00:00:00";"2021-01-18 23:59:59";16;9809;20;10;0;<FLG>
V6155020;V615502002;QINnJ;1;"2021-01-19 00:00:00";"2021-01-19 23:59:59";16;9731;20;10;0;<FLG>
V6155020;V615502002;QINnJ;1;"2021-01-20 00:00:00";"2021-01-20 23:59:59";16;9654;20;10;0;<FLG>
V6155020;V615502002;QINnJ;1;"2021-01-21 00:00:00";"2021-01-21 12:00:00";16;9615;20;10;0;<FLG>
V6155020;V615502002;QINnJ;1;"2021-01-22 00:00:00";"2021-01-22 00:00:00";16;10566;20;10;0;<FLG>
V6155020;V615502002;QINnJ;1;"2021-01-23 00:00:00";"2021-01-23 00:00:00";16;13300;20;10;0;<FLG>
V6155020;V615502002;QINnJ;1;"2021-01-24 00:00:00";"2021-01-24 00:00:00";16;16275;20;10;0;<FLG>
V6155020;V615502002;QINnJ;1;"2021-01-25 00:00:00";"2021-01-25 00:00:00";16;17836;20;10;0;<FLG>
V6155020;V615502002;QINnJ;1;"2021-01-26 00:00:00";"2021-01-26 23:59:59";16;17546;20;10;0;<FLG>
V6155020;V615502002;QINnJ;1;"2021-01-27 00:00:00";"2021-01-27 23:59:59";16;16873;20;10;0;<FLG>
V6155020;V615502002;QINnJ;1;"2021-01-28 00:00:00";"2021-01-28 23:59:59";16;16494;20;10;0;<FLG>
V6155020;V615502002;QINnJ;1;"2021-01-29 00:00:00";"2021-01-29 23:59:59";16;16454;20;10;0;<FLG>
V6155020;V615502002;QINnJ;1;"2021-01-30 00:00:00";"2021-01-30 12:00:00";16;16434;20;10;0;<FLG>
V6155020;V615502002;QINnJ;1;"2021-01-31 00:00:00";"2021-01-31 00:00:00";16;16580;20;10;0;<FLG>
V6155020;V615502002;QINnJ;1;"2021-02-01 00:00:00";"2021-02-01 00:00:00";16;16966;20;10;0;<FLG>
V6155020;V615502002;QINnJ;1;"2021-02-02 00:00:00";"2021-02-02 00:00:00";16;17459;20;10;0;<FLG>
V6155020;V615502002;QINnJ;1;"2021-02-03 00:00:00";"2021-02-03 00:00:00";16;18152;20;10;0;<FLG>
V6155020;V615502002;QINnJ;1;"2021-02-04 00:00:00";"2021-02-04 00:00:00";16;18806;20;10;0;<FLG>
V6155020;V615502002;QINnJ;1;"2021-02-05 00:00:00";"2021-02-05 23:59:59";16;18784;20;10;0;<FLG>
V6155020;V615502002;QINnJ;1;"2021-02-06 00:00:00";"2021-02-06 23:59:59";16;18414;20;10;0;<FLG>
V6155020;V615502002;QINnJ;1;"2021-02-07 00:00:00";"2021-02-07 23:59:59";16;18157;20;10;0;<FLG>
V6155020;V615502002;QINnJ;1;"2021-02-08 00:00:00";"2021-02-08 12:00:00";16;18122;20;10;0;<FLG>
V6155020;V615502002;QINnJ;1;"2021-02-09 00:00:00";"2021-02-09 00:00:00";16;18195;20;10;0;<FLG>
V6155020;V615502002;QINnJ;1;"2021-02-10 00:00:00";"2021-02-10 00:00:00";16;18294;20;10;0;<FLG>
V6155020;V615502002;QINnJ;1;"2021-02-11 00:00:00";"2021-02-11 00:00:00";16;18688;20;10;0;<FLG>
V6155020;V615502002;QINnJ;1;"2021-02-12 00:00:00";"2021-02-12 00:00:00";16;19399;20;10;0;<FLG>
V6155020;V615502002;QINnJ;1;"2021-02-13 00:00:00";"2021-02-13 23:59:59";16;19748;20;10;0;<FLG>
V6155020;V615502002;QINnJ;1;"2021-02-14 00:00:00";"2021-02-14 23:59:59";16;19271;20;10;0;<FLG>
V6155020;V615502002;QINnJ;1;"2021-02-15 00:00:00";"2021-02-15 23:59:59";16;18839;20;10;0;<FLG>
V6155020;V615502002;QINnJ;1;"2021-02-16 00:00:00";"2021-02-16 23:59:59";16;18447;20;10;0;<FLG>
V6155020;V615502002;QINnJ;1;"2021-02-17 00:00:00";"2021-02-17 23:59:59";16;18114;20;10;0;<FLG>
V6155020;V615502002;QINnJ;1;"2021-02-18 00:00:00";"2021-02-18 23:59:59";16;17798;20;10;0;<FLG>
V6155020;V615502002;QINnJ;1;"2021-02-19 00:00:00";"2021-02-19 23:59:59";16;17451;20;10;0;<FLG>
V6155020;V615502002;QINnJ;1;"2021-02-20 00:00:00";"2021-02-20 12:00:00";16;17274;20;10;0;<FLG>
V6155020;V615502002;QINnJ;1;"2021-02-21 00:00:00";"2021-02-21 23:59:59";16;17751;20;10;0;<FLG>
V6155020;V615502002;QINnJ;1;"2021-02-22 00:00:00";"2021-02-22 23:59:59";16;16394;20;10;0;<FLG>
V6155020;V615502002;QINnJ;1;"2021-02-23 00:00:00";"2021-02-23 23:59:59";16;16110;20;10;0;<FLG>
V6155020;V615502002;QINnJ;1;"2021-02-24 00:00:00";"2021-02-24 23:59:59";16;15929;20;10;0;<FLG>
V6155020;V615502002;QINnJ;1;"2021-02-25 00:00:00";"2021-02-25 23:59:59";16;15743;20;10;0;<FLG>
V6155020;V615502002;QINnJ;1;"2021-02-26 00:00:00";"2021-02-26 23:59:59";16;15549;20;10;0;<FLG>
V6155020;V615502002;QINnJ;1;"2021-02-27 00:00:00";"2021-02-27 23:59:59";16;15353;20;10;0;<FLG>
V6155020;V615502002;QINnJ;1;"2021-02-28 00:00:00";"2021-02-28 23:59:59";16;15114;20;10;0;<FLG>
V6155020;V615502002;QINnJ;1;"2021-03-01 00:00:00";"2021-03-01 23:59:59";16;14823;20;10;0;<FLG>
V6155020;V615502002;QINnJ;1;"2021-03-02 00:00:00";"2021-03-02 23:59:59";16;14499;20;10;0;<FLG>
V6155020;V615502002;QINnJ;1;"2021-03-03 00:00:00";"2021-03-03 23:59:59";16;14183;20;10;0;<FLG>
V6155020;V615502002;QINnJ;1;"2021-03-04 00:00:00";"2021-03-04 23:59:59";16;13911;20;10;0;<FLG>
V6155020;V615502002;QINnJ;1;"2021-03-05 00:00:00";"2021-03-05 23:59:59";16;13666;20;10;0;<FLG>
V6155020;V615502002;QINnJ;1;"2021-03-06 00:00:00";"2021-03-06 23:59:59";16;13422;20;10;0;<FLG>
V6155020;V615502002;QINnJ;1;"2021-03-07 00:00:00";"2021-03-07 23:59:59";16;13190;20;10;0;<FLG>
V6155020;V615502002;QINnJ;1;"2021-03-08 00:00:00";"2021-03-08 23:59:59";16;13007;20;10;0;<FLG>
V6155020;V615502002;QINnJ;1;"2021-03-09 00:00:00";"2021-03-09 23:59:59";16;12850;20;10;0;<FLG>
V6155020;V615502002;QINnJ;1;"2021-03-10 00:00:00";"2021-03-10 23:59:59";16;12630;20;10;0;<FLG>
V6155020;V615502002;QINnJ;1;"2021-03-11 00:00:00";"2021-03-11 23:59:59";16;12328;20;10;0;<FLG>
V6155020;V615502002;QINnJ;1;"2021-03-12 00:00:00";"2021-03-12 23:59:59";16;12086;20;10;0;<FLG>
V6155020;V615502002;QINnJ;1;"2021-03-13 00:00:00";"2021-03-13 23:59:59";16;11905;20;10;0;<FLG>
V6155020;V615502002;QINnJ;1;"2021-03-14 00:00:00";"2021-03-14 23:59:59";16;11700;20;10;0;<FLG>
V6155020;V615502002;QINnJ;1;"2021-03-15 00:00:00";"2021-03-15 23:59:59";16;11472;20;10;0;<FLG>
V6155020;V615502002;QINnJ;1;"2021-03-16 00:00:00";"2021-03-16 23:59:59";16;11244;20;10;0;<FLG>
V6155020;V615502002;QINnJ;1;"2021-03-17 00:00:00";"2021-03-17 23:59:59";16;11056;20;10;0;<FLG>
V6155020;V615502002;QINnJ;1;"2021-03-18 00:00:00";"2021-03-18 23:59:59";16;10908;20;10;0;<FLG>
V6155020;V615502002;QINnJ;1;"2021-03-19 00:00:00";"2021-03-19 23:59:59";16;10761;20;10;0;<FLG>
V6155020;V615502002;QINnJ;1;"2021-03-20 00:00:00";"2021-03-20 23:59:59";16;10606;20;10;0;<FLG>
V6155020;V615502002;QINnJ;1;"2021-03-21 00:00:00";"2021-03-21 23:59:59";16;10445;20;10;0;<FLG>
V6155020;V615502002;QINnJ;1;"2021-03-22 00:00:00";"2021-03-22 23:59:59";16;10289;20;10;0;<FLG>
V6155020;V615502002;QINnJ;1;"2021-03-23 00:00:00";"2021-03-23 23:59:59";16;10138;20;10;0;<FLG>
V6155020;V615502002;QINnJ;1;"2021-03-24 00:00:00";"2021-03-24 23:59:59";16;9970;20;10;0;<FLG>
V6155020;V615502002;QINnJ;1;"2021-03-25 00:00:00";"2021-03-25 23:59:59";16;9795;20;10;0;<FLG>
V6155020;V615502002;QINnJ;1;"2021-03-26 00:00:00";"2021-03-26 23:59:59";16;9592;20;10;0;<FLG>
V6155020;V615502002;QINnJ;1;"2021-03-27 00:00:00";"2021-03-27 23:59:59";16;9359;20;10;0;<FLG>
V6155020;V615502002;QINnJ;1;"2021-03-28 00:00:00";"2021-03-28 23:59:59";16;9208;20;10;0;<FLG>
V6155020;V615502002;QINnJ;1;"2021-03-29 00:00:00";"2021-03-29 23:59:59";16;9138;20;10;0;<FLG>
V6155020;V615502002;QINnJ;1;"2021-03-30 00:00:00";"2021-03-30 23:59:59";16;9072;20;10;0;<FLG>
V6155020;V615502002;QINnJ;1;"2021-03-31 00:00:00";"2021-03-31 23:59:59";16;9010;20;10;0;<FLG>
V6155020;V615502002;QINnJ;1;"2021-04-01 00:00:00";"2021-04-01 23:59:59";16;8948;20;10;0;<FLG>
V6155020;V615502002;QINnJ;1;"2021-04-02 00:00:00";"2021-04-02 23:59:59";16;8791;20;10;0;<FLG>
V6155020;V615502002;QINnJ;1;"2021-04-03 00:00:00";"2021-04-03 23:59:59";16;8620;20;10;0;<FLG>
V6155020;V615502002;QINnJ;1;"2021-04-04 00:00:00";"2021-04-04 23:59:59";16;8530;20;10;0;<FLG>
V6155020;V615502002;QINnJ;1;"2021-04-05 00:00:00";"2021-04-05 23:59:59";16;8440;20;10;0;<FLG>
V6155020;V615502002;QINnJ;1;"2021-04-06 00:00:00";"2021-04-06 23:59:59";16;8350;20;10;0;<FLG>
V6155020;V615502002;QINnJ;1;"2021-04-07 00:00:00";"2021-04-07 23:59:59";16;8260;20;10;0;<FLG>
V6155020;V615502002;QINnJ;1;"2021-04-08 00:00:00";"2021-04-08 23:59:59";16;8170;20;10;0;<FLG>
V6155020;V615502002;QINnJ;1;"2021-04-09 00:00:00";"2021-04-09 23:59:59";16;8102;20;10;0;<FLG>
V6155020;V615502002;QINnJ;1;"2021-04-10 00:00:00";"2021-04-10 23:59:59";16;8055;20;10;0;<FLG>
V6155020;V615502002;QINnJ;1;"2021-04-11 00:00:00";"2021-04-11 12:00:00";16;8032;20;10;0;<FLG>
V6155020;V615502002;QINnJ;1;"2021-04-12 00:00:00";"2021-04-12 00:00:00";16;8079;20;10;0;<FLG>
V6155020;V615502002;QINnJ;1;"2021-04-13 00:00:00";"2021-04-13 00:00:00";16;8996;20;10;0;<FLG>
V6155020;V615502002;QINnJ;1;"2021-04-14 00:00:00";"2021-04-14 00:00:00";16;9973;20;10;0;<FLG>
V6155020;V615502002;QINnJ;1;"2021-04-15 00:00:00";"2021-04-15 23:59:59";16;10066;20;10;0;<FLG>
V6155020;V615502002;QINnJ;1;"2021-04-16 00:00:00";"2021-04-16 23:59:59";16;10012;20;10;0;<FLG>
V6155020;V615502002;QINnJ;1;"2021-04-17 00:00:00";"2021-04-17 23:59:59";16;9913;20;10;0;<FLG>
V6155020;V615502002;QINnJ;1;"2021-04-18 00:00:00";"2021-04-18 23:59:59";16;9814;20;10;0;<FLG>
V6155020;V615502002;QINnJ;1;"2021-04-19 00:00:00";"2021-04-19 23:59:59";16;9750;20;10;0;<FLG>
V6155020;V615502002;QINnJ;1;"2021-04-20 00:00:00";"2021-04-20 23:59:59";16;9722;20;10;0;<FLG>
V6155020;V615502002;QINnJ;1;"2021-04-21 00:00:00";"2021-04-21 23:59:59";16;9669;20;10;0;<FLG>
V6155020;V615502002;QINnJ;1;"2021-04-22 00:00:00";"2021-04-22 23:59:59";16;9592;20;10;0;<FLG>
V6155020;V615502002;QINnJ;1;"2021-04-23 00:00:00";"2021-04-23 23:59:59";16;9514;20;10;0;<FLG>
V6155020;V615502002;QINnJ;1;"2021-04-24 00:00:00";"2021-04-24 23:59:59";16;9429;20;10;0;<FLG>
V6155020;V615502002;QINnJ;1;"2021-04-25 00:00:00";"2021-04-25 23:59:59";16;9336;20;10;0;<FLG>
V6155020;V615502002;QINnJ;1;"2021-04-26 00:00:00";"2021-04-26 23:59:59";16;9243;20;10;0;<FLG>
V6155020;V615502002;QINnJ;1;"2021-04-27 00:00:00";"2021-04-27 23:59:59";16;9149;20;10;0;<FLG>
V6155020;V615502002;QINnJ;1;"2021-04-28 00:00:00";"2021-04-28 12:00:00";16;9103;20;10;0;<FLG>
V6155020;V615502002;QINnJ;1;"2021-04-29 00:00:00";"2021-04-29 00:00:00";16;9638;20;10;0;<FLG>
V6155020;V615502002;QINnJ;1;"2021-04-30 00:00:00";"2021-04-30 00:00:00";16;12757;20;10;0;<FLG>
V6155020;V615502002;QINnJ;1;"2021-05-01 00:00:00";"2021-05-01 00:00:00";16;15762;20;10;0;<FLG>
V6155020;V615502002;QINnJ;1;"2021-05-02 00:00:00";"2021-05-02 00:00:00";16;18383;20;10;0;<FLG>
V6155020;V615502002;QINnJ;1;"2021-05-03 00:00:00";"2021-05-03 00:00:00";16;26385;20;10;0;<FLG>
V6155020;V615502002;QINnJ;1;"2021-05-04 00:00:00";"2021-05-04 23:59:59";16;30986;20;10;0;<FLG>
V6155020;V615502002;QINnJ;1;"2021-05-05 00:00:00";"2021-05-05 23:59:59";16;28045;20;10;0;<FLG>
V6155020;V615502002;QINnJ;1;"2021-05-06 00:00:00";"2021-05-06 23:59:59";16;25871;20;10;0;<FLG>
V6155020;V615502002;QINnJ;1;"2021-05-07 00:00:00";"2021-05-07 23:59:59";16;23161;20;10;0;<FLG>
V6155020;V615502002;QINnJ;1;"2021-05-08 00:00:00";"2021-05-08 23:59:59";16;21204;20;10;0;<FLG>
V6155020;V615502002;QINnJ;1;"2021-05-09 00:00:00";"2021-05-09 23:59:59";16;20130;20;10;0;<FLG>
V6155020;V615502002;QINnJ;1;"2021-05-10 00:00:00";"2021-05-10 12:00:00";16;19811;20;10;0;<FLG>
V6155020;V615502002;QINnJ;1;"2021-05-11 00:00:00";"2021-05-11 00:00:00";16;20140;20;10;0;<FLG>
V6155020;V615502002;QINnJ;1;"2021-05-12 00:00:00";"2021-05-12 00:00:00";16;24236;20;10;0;<FLG>
V6155020;V615502002;QINnJ;1;"2021-05-13 00:00:00";"2021-05-13 00:00:00";16;37391;20;10;0;<FLG>
V6155020;V615502002;QINnJ;1;"2021-05-14 00:00:00";"2021-05-14 23:59:59";16;37260;20;10;0;<FLG>
V6155020;V615502002;QINnJ;1;"2021-05-15 00:00:00";"2021-05-15 23:59:59";16;35430;20;10;0;<FLG>
V6155020;V615502002;QINnJ;1;"2021-05-16 00:00:00";"2021-05-16 23:59:59";16;33470;20;10;0;<FLG>
V6155020;V615502002;QINnJ;1;"2021-05-17 00:00:00";"2021-05-17 12:00:00";16;32555;20;10;0;<FLG>
V6155020;V615502002;QINnJ;1;"2021-05-18 00:00:00";"2021-05-18 23:59:59";16;31640;20;10;0;<FLG>
V6155020;V615502002;QINnJ;1;"2021-05-19 00:00:00";"2021-05-19 23:59:59";16;27522;20;10;0;<FLG>
V6155020;V615502002;QINnJ;1;"2021-05-20 00:00:00";"2021-05-20 23:59:59";16;25497;20;10;0;<FLG>
V6155020;V615502002;QINnJ;1;"2021-05-21 00:00:00";"2021-05-21 23:59:59";16;23519;20;10;0;<FLG>
V6155020;V615502002;QINnJ;1;"2021-05-22 00:00:00";"2021-05-22 23:59:59";16;22267;20;10;0;<FLG>
V6155020;V615502002;QINnJ;1;"2021-05-23 00:00:00";"2021-05-23 23:59:59";16;21500;20;10;0;<FLG>
V6155020;V615502002;QINnJ;1;"2021-05-24 00:00:00";"2021-05-24 23:59:59";16;21116;20;10;0;<FLG>
V6155020;V615502002;QINnJ;1;"2021-05-25 00:00:00";"2021-05-25 23:59:59";16;20705;20;10;0;<FLG>
V6155020;V615502002;QINnJ;1;"2021-05-26 00:00:00";"2021-05-26 23:59:59";16;20221;20;10;0;<FLG>
V6155020;V615502002;QINnJ;1;"2021-05-27 00:00:00";"2021-05-27 23:59:59";16;19752;20;10;0;<FLG>
V6155020;V615502002;QINnJ;1;"2021-05-28 00:00:00";"2021-05-28 23:59:59";16;19301;20;10;0;<FLG>
V6155020;V615502002;QINnJ;1;"2021-05-29 00:00:00";"2021-05-29 23:59:59";16;18934;20;10;0;<FLG>
V6155020;V615502002;QINnJ;1;"2021-05-30 00:00:00";"2021-05-30 23:59:59";16;18537;20;10;0;<FLG>
V6155020;V615502002;QINnJ;1;"2021-05-31 00:00:00";"2021-05-31 23:59:59";16;18225;20;10;0;<FLG>
V6155020;V615502002;QINnJ;1;"2021-06-01 00:00:00";"2021-06-01 23:59:59";16;17971;20;10;0;<FLG>
V6155020;V615502002;QINnJ;1;"2021-06-02 00:00:00";"2021-06-02 23:59:59";16;17645;20;10;0;<FLG>
V6155020;V615502002;QINnJ;1;"2021-06-03 00:00:00";"2021-06-03 23:59:59";16;17310;20;10;0;<FLG>
V6155020;V615502002;QINnJ;1;"2021-06-04 00:00:00";"2021-06-04 23:59:59";16;16975;20;10;0;<FLG>
V6155020;V615502002;QINnJ;1;"2021-06-05 00:00:00";"2021-06-05 23:59:59";16;16675;20;10;0;<FLG>
V6155020;V615502002;QINnJ;1;"2021-06-06 00:00:00";"2021-06-06 23:59:59";16;16373;20;10;0;<FLG>
V6155020;V615502002;QINnJ;1;"2021-06-07 00:00:00";"2021-06-07 23:59:59";16;16089;20;10;0;<FLG>
V6155020;V615502002;QINnJ;1;"2021-06-08 00:00:00";"2021-06-08 23:59:59";16;15823;20;10;0;<FLG>
V6155020;V615502002;QINnJ;1;"2021-06-09 00:00:00";"2021-06-09 23:59:59";16;15588;20;10;0;<FLG>
V6155020;V615502002;QINnJ;1;"2021-06-10 00:00:00";"2021-06-10 23:59:59";16;15385;20;10;0;<FLG>
V6155020;V615502002;QINnJ;1;"2021-06-11 00:00:00";"2021-06-11 23:59:59";16;15181;20;10;0;<FLG>
V6155020;V615502002;QINnJ;1;"2021-06-12 00:00:00";"2021-06-12 23:59:59";16;14949;20;10;0;<FLG>
V6155020;V615502002;QINnJ;1;"2021-06-13 00:00:00";"2021-06-13 23:59:59";16;14649;20;10;0;<FLG>
V6155020;V615502002;QINnJ;1;"2021-06-14 00:00:00";"2021-06-14 23:59:59";16;14390;20;10;0;<FLG>
V6155020;V615502002;QINnJ;1;"2021-06-15 00:00:00";"2021-06-15 23:59:59";16;14172;20;10;0;<FLG>
V6155020;V615502002;QINnJ;1;"2021-06-16 00:00:00";"2021-06-16 23:59:59";16;13954;20;10;0;<FLG>
V6155020;V615502002;QINnJ;1;"2021-06-17 00:00:00";"2021-06-17 23:59:59";16;13736;20;10;0;<FLG>
V6155020;V615502002;QINnJ;1;"2021-06-18 00:00:00";"2021-06-18 23:59:59";16;13508;20;10;0;<FLG>
V6155020;V615502002;QINnJ;1;"2021-06-19 00:00:00";"2021-06-19 23:59:59";16;13272;20;10;0;<FLG>
V6155020;V615502002;QINnJ;1;"2021-06-20 00:00:00";"2021-06-20 23:59:59";16;13035;20;10;0;<FLG>
V6155020;V615502002;QINnJ;1;"2021-06-21 00:00:00";"2021-06-21 23:59:59";16;12798;20;10;0;<FLG>
V6155020;V615502002;QINnJ;1;"2021-06-22 00:00:00";"2021-06-22 23:59:59";16;12547;20;10;0;<FLG>
V6155020;V615502002;QINnJ;1;"2021-06-23 00:00:00";"2021-06-23 23:59:59";16;12271;20;10;0;<FLG>
V6155020;V615502002;QINnJ;1;"2021-06-24 00:00:00";"2021-06-24 23:59:59";16;11975;20;10;0;<FLG>
V6155020;V615502002;QINnJ;1;"2021-06-25 00:00:00";"2021-06-25 23:59:59";16;11680;20;10;0;<FLG>
V6155020;V615502002;QINnJ;1;"2021-06-26 00:00:00";"2021-06-26 23:59:59";16;11464;20;10;0;<FLG>
V6155020;V615502002;QINnJ;1;"2021-06-27 00:00:00";"2021-06-27 23:59:59";16;11327;20;10;0;<FLG>
V6155020;V615502002;QINnJ;1;"2021-06-28 00:00:00";"2021-06-28 23:59:59";16;11190;20;10;0;<FLG>
V6155020;V615502002;QINnJ;1;"2021-06-29 00:00:00";"2021-06-29 23:59:59";16;10965;20;10;0;<FLG>
V6155020;V615502002;QINnJ;1;"2021-06-30 00:00:00";"2021-06-30 23:59:59";16;10742;20;10;0;<FLG>
V6155020;V615502002;QINnJ;1;"2021-07-01 00:00:00";"2021-07-01 23:59:59";16;10611;20;10;0;<FLG>
V6155020;V615502002;QINnJ;1;"2021-07-02 00:00:00";"2021-07-02 23:59:59";16;10480;20;10;0;<FLG>
V6155020;V615502002;QINnJ;1;"2021-07-03 00:00:00";"2021-07-03 23:59:59";16;10349;20;10;0;<FLG>
V6155020;V615502002;QINnJ;1;"2021-07-04 00:00:00";"2021-07-04 23:59:59";16;10218;20;10;0;<FLG>
V6155020;V615502002;QINnJ;1;"2021-07-05 00:00:00";"2021-07-05 23:59:59";16;10092;20;10;0;<FLG>
V6155020;V615502002;QINnJ;1;"2021-07-06 00:00:00";"2021-07-06 23:59:59";16;9952;20;10;0;<FLG>
V6155020;V615502002;QINnJ;1;"2021-07-07 00:00:00";"2021-07-07 23:59:59";16;9813;20;10;0;<FLG>
V6155020;V615502002;QINnJ;1;"2021-07-08 00:00:00";"2021-07-08 23:59:59";16;9673;20;10;0;<FLG>
V6155020;V615502002;QINnJ;1;"2021-07-09 00:00:00";"2021-07-09 23:59:59";16;9533;20;10;0;<FLG>
V6155020;V615502002;QINnJ;1;"2021-07-10 00:00:00";"2021-07-10 23:59:59";16;9394;20;10;0;<FLG>
V6155020;V615502002;QINnJ;1;"2021-07-11 00:00:00";"2021-07-11 23:59:59";16;9281;20;10;0;<FLG>
V6155020;V615502002;QINnJ;1;"2021-07-12 00:00:00";"2021-07-12 23:59:59";16;9188;20;10;0;<FLG>
V6155020;V615502002;QINnJ;1;"2021-07-13 00:00:00";"2021-07-13 23:59:59";16;9095;20;10;0;<FLG>
V6155020;V615502002;QINnJ;1;"2021-07-14 00:00:00";"2021-07-14 23:59:59";16;9002;20;10;0;<FLG>
V6155020;V615502002;QINnJ;1;"2021-07-15 00:00:00";"2021-07-15 23:59:59";16;8909;20;10;0;<FLG>
V6155020;V615502002;QINnJ;1;"2021-07-16 00:00:00";"2021-07-16 23:59:59";16;8796;20;10;0;<FLG>
V6155020;V615502002;QINnJ;1;"2021-07-17 00:00:00";"2021-07-17 23:59:59";16;8670;20;10;0;<FLG>
V6155020;V615502002;QINnJ;1;"2021-07-18 00:00:00";"2021-07-18 23:59:59";16;8543;20;10;0;<FLG>
V6155020;V615502002;QINnJ;1;"2021-07-19 00:00:00";"2021-07-19 23:59:59";16;8416;20;10;0;<FLG>
V6155020;V615502002;QINnJ;1;"2021-07-20 00:00:00";"2021-07-20 23:59:59";16;8290;20;10;0;<FLG>
V6155020;V615502002;QINnJ;1;"2021-07-21 00:00:00";"2021-07-21 23:59:59";16;8193;20;10;0;<FLG>
V6155020;V615502002;QINnJ;1;"2021-07-22 00:00:00";"2021-07-22 23:59:59";16;8119;20;10;0;<FLG>
V6155020;V615502002;QINnJ;1;"2021-07-23 00:00:00";"2021-07-23 23:59:59";16;8044;20;10;0;<FLG>
V6155020;V615502002;QINnJ;1;"2021-07-24 00:00:00";"2021-07-24 23:59:59";16;7969;20;10;0;<FLG>
V6155020;V615502002;QINnJ;1;"2021-07-25 00:00:00";"2021-07-25 23:59:59";16;7894;20;10;0;<FLG>
V6155020;V615502002;QINnJ;1;"2021-07-26 00:00:00";"2021-07-26 23:59:59";16;7819;20;10;0;<FLG>
V6155020;V615502002;QINnJ;1;"2021-07-27 00:00:00";"2021-07-27 23:59:59";16;7745;20;10;0;<FLG>
V6155020;V615502002;QINnJ;1;"2021-07-28 00:00:00";"2021-07-28 23:59:59";16;7670;20;10;0;<FLG>
V6155020;V615502002;QINnJ;1;"2021-07-29 00:00:00";"2021-07-29 23:59:59";16;7583;20;10;0;<FLG>
V6155020;V615502002;QINnJ;1;"2021-07-30 00:00:00";"2021-07-30 23:59:59";16;7496;20;10;0;<FLG>
V6155020;V615502002;QINnJ;1;"2021-07-31 00:00:00";"2021-07-31 23:59:59";16;7417;20;10;0;<FLG>
V6155020;V615502002;QINnJ;1;"2021-08-01 00:00:00";"2021-08-01 23:59:59";16;7353;20;10;0;<FLG>
V6155020;V615502002;QINnJ;1;"2021-08-02 00:00:00";"2021-08-02 23:59:59";16;7288;20;10;0;<FLG>
V6155020;V615502002;QINnJ;1;"2021-08-03 00:00:00";"2021-08-03 23:59:59";16;7223;20;10;0;<FLG>
V6155020;V615502002;QINnJ;1;"2021-08-04 00:00:00";"2021-08-04 23:59:59";16;7158;20;10;0;<FLG>
V6155020;V615502002;QINnJ;1;"2021-08-05 00:00:00";"2021-08-05 23:59:59";16;7088;20;10;0;<FLG>
V6155020;V615502002;QINnJ;1;"2021-08-06 00:00:00";"2021-08-06 23:59:59";16;7011;20;10;0;<FLG>
V6155020;V615502002;QINnJ;1;"2021-08-07 00:00:00";"2021-08-07 23:59:59";16;6933;20;10;0;<FLG>
V6155020;V615502002;QINnJ;1;"2021-08-08 00:00:00";"2021-08-08 23:59:59";16;6870;20;10;0;<FLG>
V6155020;V615502002;QINnJ;1;"2021-08-09 00:00:00";"2021-08-09 23:59:59";16;6815;20;10;0;<FLG>
V6155020;V615502002;QINnJ;1;"2021-08-10 00:00:00";"2021-08-10 23:59:59";16;6761;20;10;0;<FLG>
V6155020;V615502002;QINnJ;1;"2021-08-11 00:00:00";"2021-08-11 23:59:59";16;6707;20;10;0;<FLG>
V6155020;V615502002;QINnJ;1;"2021-08-12 00:00:00";"2021-08-12 23:59:59";16;6653;20;10;0;<FLG>
V6155020;V615502002;QINnJ;1;"2021-08-13 00:00:00";"2021-08-13 23:59:59";16;6599;20;10;0;<FLG>
V6155020;V615502002;QINnJ;1;"2021-08-14 00:00:00";"2021-08-14 23:59:59";16;6559;20;10;0;<FLG>
V6155020;V615502002;QINnJ;1;"2021-08-15 00:00:00";"2021-08-15 23:59:59";16;6529;20;10;0;<FLG>
V6155020;V615502002;QINnJ;1;"2021-08-16 00:00:00";"2021-08-16 23:59:59";16;6499;20;10;0;<FLG>
V6155020;V615502002;QINnJ;1;"2021-08-17 00:00:00";"2021-08-17 23:59:59";16;6469;20;10;0;<FLG>
V6155020;V615502002;QINnJ;1;"2021-08-18 00:00:00";"2021-08-18 23:59:59";16;6439;20;10;0;<FLG>
V6155020;V615502002;QINnJ;1;"2021-08-19 00:00:00";"2021-08-19 23:59:59";16;6409;20;10;0;<FLG>
V6155020;V615502002;QINnJ;1;"2021-08-20 00:00:00";"2021-08-20 23:59:59";16;6379;20;10;0;<FLG>
V6155020;V615502002;QINnJ;1;"2021-08-21 00:00:00";"2021-08-21 23:59:59";16;6349;20;10;0;<FLG>
V6155020;V615502002;QINnJ;1;"2021-08-22 00:00:00";"2021-08-22 23:59:59";16;6318;20;10;0;<FLG>
V6155020;V615502002;QINnJ;1;"2021-08-23 00:00:00";"2021-08-23 23:59:59";16;6287;20;10;0;<FLG>
V6155020;V615502002;QINnJ;1;"2021-08-24 00:00:00";"2021-08-24 23:59:59";16;6256;20;10;0;<FLG>
V6155020;V615502002;QINnJ;1;"2021-08-25 00:00:00";"2021-08-25 23:59:59";16;6225;20;10;0;<FLG>
V6155020;V615502002;QINnJ;1;"2021-08-26 00:00:00";"2021-08-26 23:59:59";16;6194;20;10;0;<FLG>
V6155020;V615502002;QINnJ;1;"2021-08-27 00:00:00";"2021-08-27 23:59:59";16;6163;20;10;0;<FLG>
V6155020;V615502002;QINnJ;1;"2021-08-28 00:00:00";"2021-08-28 23:59:59";16;6117;20;10;0;<FLG>
V6155020;V615502002;QINnJ;1;"2021-08-29 00:00:00";"2021-08-29 23:59:59";16;6045;20;10;0;<FLG>
V6155020;V615502002;QINnJ;1;"2021-08-30 00:00:00";"2021-08-30 23:59:59";16;5971;20;10;0;<FLG>
V6155020;V615502002;QINnJ;1;"2021-08-31 00:00:00";"2021-08-31 23:59:59";16;5910;20;10;0;<FLG>
V6155020;V615502002;QINnJ;1;"2021-09-01 00:00:00";"2021-09-01 23:59:59";16;5869;20;10;0;<FLG>
V6155020;V615502002;QINnJ;1;"2021-09-02 00:00:00";"2021-09-02 23:59:59";16;5827;20;10;0;<FLG>
V6155020;V615502002;QINnJ;1;"2021-09-03 00:00:00";"2021-09-03 23:59:59";16;5786;20;10;0;<FLG>
V6155020;V615502002;QINnJ;1;"2021-09-04 00:00:00";"2021-09-04 23:59:59";16;5750;20;10;0;<FLG>
V6155020;V615502002;QINnJ;1;"2021-09-05 00:00:00";"2021-09-05 23:59:59";16;5722;20;10;0;<FLG>
V6155020;V615502002;QINnJ;1;"2021-09-06 00:00:00";"2021-09-06 23:59:59";16;5695;20;10;0;<FLG>
V6155020;V615502002;QINnJ;1;"2021-09-07 00:00:00";"2021-09-07 23:59:59";16;5667;20;10;0;<FLG>
V6155020;V615502002;QINnJ;1;"2021-09-08 00:00:00";"2021-09-08 23:59:59";16;5640;20;10;0;<FLG>
V6155020;V615502002;QINnJ;1;"2021-09-09 00:00:00";"2021-09-09 23:59:59";16;5614;20;10;0;<FLG>
V6155020;V615502002;QINnJ;1;"2021-09-10 00:00:00";"2021-09-10 23:59:59";16;5589;20;10;0;<FLG>
V6155020;V615502002;QINnJ;1;"2021-09-11 00:00:00";"2021-09-11 15:00:00";16;5573;20;10;0;<FLG>
V6155020;V615502002;QINnJ;1;"2021-09-12 00:00:00";"2021-09-12 00:00:00";16;5596;20;10;0;<FLG>
V6155020;V615502002;QINnJ;1;"2021-09-13 00:00:00";"2021-09-13 00:00:00";16;5658;20;10;0;<FLG>
V6155020;V615502002;QINnJ;1;"2021-09-14 00:00:00";"2021-09-14 00:00:00";16;5720;20;10;0;<FLG>
V6155020;V615502002;QINnJ;1;"2021-09-15 00:00:00";"2021-09-15 00:00:00";16;5782;20;10;0;<FLG>
V6155020;V615502002;QINnJ;1;"2021-09-16 00:00:00";"2021-09-16 00:00:00";16;5844;20;10;0;<FLG>
V6155020;V615502002;QINnJ;1;"2021-09-17 00:00:00";"2021-09-17 00:00:00";16;5902;20;10;0;<FLG>
V6155020;V615502002;QINnJ;1;"2021-09-18 00:00:00";"2021-09-18 23:59:59";16;5908;20;10;0;<FLG>
V6155020;V615502002;QINnJ;1;"2021-09-19 00:00:00";"2021-09-19 23:59:59";16;5830;20;10;0;<FLG>
V6155020;V615502002;QINnJ;1;"2021-09-20 00:00:00";"2021-09-20 23:59:59";16;5704;20;10;0;<FLG>
V6155020;V615502002;QINnJ;1;"2021-09-21 00:00:00";"2021-09-21 23:59:59";16;5578;20;10;0;<FLG>
V6155020;V615502002;QINnJ;1;"2021-09-22 00:00:00";"2021-09-22 23:59:59";16;5453;20;10;0;<FLG>
V6155020;V615502002;QINnJ;1;"2021-09-23 00:00:00";"2021-09-23 15:00:00";16;5374;20;10;0;<FLG>
V6155020;V615502002;QINnJ;1;"2021-09-24 00:00:00";"2021-09-24 00:00:00";16;5472;20;10;0;<FLG>
V6155020;V615502002;QINnJ;1;"2021-09-25 00:00:00";"2021-09-25 00:00:00";16;5734;20;10;0;<FLG>
V6155020;V615502002;QINnJ;1;"2021-09-26 00:00:00";"2021-09-26 00:00:00";16;5996;20;10;0;<FLG>
V6155020;V615502002;QINnJ;1;"2021-09-27 00:00:00";"2021-09-27 00:00:00";16;6254;20;10;0;<FLG>
V6155020;V615502002;QINnJ;1;"2021-09-28 00:00:00";"2021-09-28 23:59:59";16;6224;20;10;0;<FLG>
V6155020;V615502002;QINnJ;1;"2021-09-29 00:00:00";"2021-09-29 23:59:59";16;6083;20;10;0;<FLG>
V6155020;V615502002;QINnJ;1;"2021-09-30 00:00:00";"2021-09-30 23:59:59";16;5938;20;10;0;<FLG>
V6155020;V615502002;QINnJ;1;"2021-10-01 00:00:00";"2021-10-01 22:45:00";16;5793;20;10;0;<FLG>
V6155020;V615502002;QINnJ;1;"2021-10-02 00:00:00";"2021-10-02 21:00:00";16;5672;20;10;0;<FLG>
V6155020;V615502002;QINnJ;1;"2021-10-03 00:00:00";"2021-10-03 22:45:00";16;5628;20;10;0;<FLG>
V6155020;V615502002;QINnJ;1;"2021-10-04 00:00:00";"2021-10-04 00:00:00";16;5639;20;10;0;<FLG>
V6155020;V615502002;QINnJ;1;"2021-10-05 00:00:00";"2021-10-05 00:00:00";16;16530;20;10;0;<FLG>
V6155020;V615502002;QINnJ;1;"2021-10-06 00:00:00";"2021-10-06 23:59:59";16;17310;20;10;0;<FLG>
V6155020;V615502002;QINnJ;1;"2021-10-07 00:00:00";"2021-10-07 23:59:59";16;15579;20;10;0;<FLG>
V6155020;V615502002;QINnJ;1;"2021-10-08 00:00:00";"2021-10-08 23:59:59";16;14406;20;10;0;<FLG>
V6155020;V615502002;QINnJ;1;"2021-10-09 00:00:00";"2021-10-09 23:59:59";16;13286;20;10;0;<FLG>
V6155020;V615502002;QINnJ;1;"2021-10-10 00:00:00";"2021-10-10 23:59:59";16;12378;20;10;0;<FLG>
V6155020;V615502002;QINnJ;1;"2021-10-11 00:00:00";"2021-10-11 23:45:00";16;11669;20;10;0;<FLG>
V6155020;V615502002;QINnJ;1;"2021-10-12 00:00:00";"2021-10-12 23:59:59";16;11098;20;10;0;<FLG>
V6155020;V615502002;QINnJ;1;"2021-10-13 00:00:00";"2021-10-13 23:59:59";16;10542;20;10;0;<FLG>
V6155020;V615502002;QINnJ;1;"2021-10-14 00:00:00";"2021-10-14 23:30:00";16;10090;20;10;0;<FLG>
V6155020;V615502002;QINnJ;1;"2021-10-15 00:00:00";"2021-10-15 23:45:00";16;9671;20;10;0;<FLG>
V6155020;V615502002;QINnJ;1;"2021-10-16 00:00:00";"2021-10-16 23:45:00";16;9326;20;10;0;<FLG>
V6155020;V615502002;QINnJ;1;"2021-10-17 00:00:00";"2021-10-17 23:59:59";16;8982;20;10;0;<FLG>
V6155020;V615502002;QINnJ;1;"2021-10-18 00:00:00";"2021-10-18 23:59:59";16;8647;20;10;0;<FLG>
V6155020;V615502002;QINnJ;1;"2021-10-19 00:00:00";"2021-10-19 23:45:00";16;8405;20;10;0;<FLG>
V6155020;V615502002;QINnJ;1;"2021-10-20 00:00:00";"2021-10-20 23:15:00";16;8246;20;10;0;<FLG>
V6155020;V615502002;QINnJ;1;"2021-10-21 00:00:00";"2021-10-21 23:45:00";16;8060;20;10;0;<FLG>
V6155020;V615502002;QINnJ;1;"2021-10-22 00:00:00";"2021-10-22 23:15:00";16;7893;20;10;0;<FLG>
V6155020;V615502002;QINnJ;1;"2021-10-23 00:00:00";"2021-10-23 23:45:00";16;7716;20;10;0;<FLG>
V6155020;V615502002;QINnJ;1;"2021-10-24 00:00:00";"2021-10-24 23:45:00";16;7528;20;10;0;<FLG>
V6155020;V615502002;QINnJ;1;"2021-10-25 00:00:00";"2021-10-25 23:45:00";16;7366;20;10;0;<FLG>
V6155020;V615502002;QINnJ;1;"2021-10-26 00:00:00";"2021-10-26 22:45:00";16;7226;20;10;0;<FLG>
V6155020;V615502002;QINnJ;1;"2021-10-27 00:00:00";"2021-10-27 23:59:59";16;7085;20;10;0;<FLG>
V6155020;V615502002;QINnJ;1;"2021-10-28 00:00:00";"2021-10-28 23:15:00";16;6988;20;10;0;<FLG>
V6155020;V615502002;QINnJ;1;"2021-10-29 00:00:00";"2021-10-29 20:30:00";16;6912;20;10;0;<FLG>
V6155020;V615502002;QINnJ;1;"2021-10-30 00:00:00";"2021-10-30 21:30:00";16;6815;20;10;0;<FLG>
V6155020;V615502002;QINnJ;1;"2021-10-31 00:00:00";"2021-10-31 00:00:00";16;6825;20;10;0;<FLG>
V6155020;V615502002;QINnJ;1;"2021-11-01 00:00:00";"2021-11-01 00:00:00";16;7995;20;10;0;<FLG>
V6155020;V615502002;QINnJ;1;"2021-11-02 00:00:00";"2021-11-02 00:00:00";16;12900;20;10;0;<FLG>
V6155020;V615502002;QINnJ;1;"2021-11-03 00:00:00";"2021-11-03 23:59:59";16;15175;20;10;0;<FLG>
V6155020;V615502002;QINnJ;1;"2021-11-04 00:00:00";"2021-11-04 23:59:59";16;14380;20;10;0;<FLG>
V6155020;V615502002;QINnJ;1;"2021-11-05 00:00:00";"2021-11-05 23:59:59";16;13466;20;10;0;<FLG>
V6155020;V615502002;QINnJ;1;"2021-11-06 00:00:00";"2021-11-06 23:59:59";16;12747;20;10;0;<FLG>
V6155020;V615502002;QINnJ;1;"2021-11-07 00:00:00";"2021-11-07 23:59:59";16;12064;20;10;0;<FLG>
V6155020;V615502002;QINnJ;1;"2021-11-08 00:00:00";"2021-11-08 23:59:59";16;11476;20;10;0;<FLG>
V6155020;V615502002;QINnJ;1;"2021-11-09 00:00:00";"2021-11-09 23:45:00";16;10953;20;10;0;<FLG>
V6155020;V615502002;QINnJ;1;"2021-11-10 00:00:00";"2021-11-10 23:59:59";16;10542;20;10;0;<FLG>
V6155020;V615502002;QINnJ;1;"2021-11-11 00:00:00";"2021-11-11 23:45:00";16;10180;20;10;0;<FLG>
V6155020;V615502002;QINnJ;1;"2021-11-12 00:00:00";"2021-11-12 23:45:00";16;9885;20;10;0;<FLG>
V6155020;V615502002;QINnJ;1;"2021-11-13 00:00:00";"2021-11-13 23:45:00";16;9596;20;10;0;<FLG>
V6155020;V615502002;QINnJ;1;"2021-11-14 00:00:00";"2021-11-14 23:45:00";16;9345;20;10;0;<FLG>
V6155020;V615502002;QINnJ;1;"2021-11-15 00:00:00";"2021-11-15 23:15:00";16;9121;20;10;0;<FLG>
V6155020;V615502002;QINnJ;1;"2021-11-16 00:00:00";"2021-11-16 23:00:00";16;8963;20;10;0;<FLG>
V6155020;V615502002;QINnJ;1;"2021-11-17 00:00:00";"2021-11-17 23:45:00";16;8796;20;10;0;<FLG>
V6155020;V615502002;QINnJ;1;"2021-11-18 00:00:00";"2021-11-18 23:45:00";16;8609;20;10;0;<FLG>
V6155020;V615502002;QINnJ;1;"2021-11-19 00:00:00";"2021-11-19 23:45:00";16;8433;20;10;0;<FLG>
V6155020;V615502002;QINnJ;1;"2021-11-20 00:00:00";"2021-11-20 23:30:00";16;8321;20;10;0;<FLG>
V6155020;V615502002;QINnJ;1;"2021-11-21 00:00:00";"2021-11-21 23:30:00";16;8256;20;10;0;<FLG>
V6155020;V615502002;QINnJ;1;"2021-11-22 00:00:00";"2021-11-22 23:45:00";16;8144;20;10;0;<FLG>
V6155020;V615502002;QINnJ;1;"2021-11-23 00:00:00";"2021-11-23 23:30:00";16;7995;20;10;0;<FLG>
V6155020;V615502002;QINnJ;1;"2021-11-24 00:00:00";"2021-11-24 23:15:00";16;7893;20;10;0;<FLG>
V6155020;V615502002;QINnJ;1;"2021-11-25 00:00:00";"2021-11-25 10:15:00";16;7865;20;10;0;<FLG>
V6155020;V615502002;QINnJ;1;"2021-11-26 00:00:00";"2021-11-26 00:00:00";16;7911;20;10;0;<FLG>
V6155020;V615502002;QINnJ;1;"2021-11-27 00:00:00";"2021-11-27 00:00:00";16;8125;20;10;0;<FLG>
V6155020;V615502002;QINnJ;1;"2021-11-28 00:00:00";"2021-11-28 19:00:00";16;8209;20;10;0;<FLG>
V6155020;V615502002;QINnJ;1;"2021-11-29 00:00:00";"2021-11-29 23:15:00";16;8069;20;10;0;<FLG>
V6155020;V615502002;QINnJ;1;"2021-11-30 00:00:00";"2021-11-30 22:15:00";16;7920;20;10;0;<FLG>
V6155020;V615502002;QINnJ;1;"2021-12-01 00:00:00";"2021-12-01 21:00:00";16;7846;20;10;0;<FLG>
V6155020;V615502002;QINnJ;1;"2021-12-02 00:00:00";"2021-12-02 23:00:00";16;7809;20;10;0;<FLG>
V6155020;V615502002;QINnJ;1;"2021-12-03 00:00:00";"2021-12-03 22:45:00";16;7753;20;10;0;<FLG>
V6155020;V615502002;QINnJ;1;"2021-12-04 00:00:00";"2021-12-04 00:15:00";16;7744;20;10;0;<FLG>
V6155020;V615502002;QINnJ;1;"2021-12-05 00:00:00";"2021-12-05 00:00:00";16;7920;20;10;0;<FLG>
V6155020;V615502002;QINnJ;1;"2021-12-06 00:00:00";"2021-12-06 00:00:00";16;9224;20;10;0;<FLG>
V6155020;V615502002;QINnJ;1;"2021-12-07 00:00:00";"2021-12-07 01:00:00";16;9634;20;10;0;<FLG>
V6155020;V615502002;QINnJ;1;"2021-12-08 00:00:00";"2021-12-08 03:00:00";16;9680;20;10;0;<FLG>
V6155020;V615502002;QINnJ;1;"2021-12-09 00:00:00";"2021-12-09 00:00:00";16;14413;20;10;0;<FLG>
V6155020;V615502002;QINnJ;1;"2021-12-10 00:00:00";"2021-12-10 00:00:00";16;16774;20;10;0;<FLG>
V6155020;V615502002;QINnJ;1;"2021-12-11 00:00:00";"2021-12-11 23:59:59";16;16142;20;10;0;<FLG>
V6155020;V615502002;QINnJ;1;"2021-12-12 00:00:00";"2021-12-12 23:59:59";16;15377;20;10;0;<FLG>
V6155020;V615502002;QINnJ;1;"2021-12-13 00:00:00";"2021-12-13 23:45:00";16;14813;20;10;0;<FLG>
V6155020;V615502002;QINnJ;1;"2021-12-14 00:00:00";"2021-12-14 23:59:59";16;14226;20;10;0;<FLG>
V6155020;V615502002;QINnJ;1;"2021-12-15 00:00:00";"2021-12-15 23:59:59";16;13713;20;10;0;<FLG>
V6155020;V615502002;QINnJ;1;"2021-12-16 00:00:00";"2021-12-16 23:59:59";16;13313;20;10;0;<FLG>
V6155020;V615502002;QINnJ;1;"2021-12-17 00:00:00";"2021-12-17 23:15:00";16;13040;20;10;0;<FLG>
V6155020;V615502002;QINnJ;1;"2021-12-18 00:00:00";"2021-12-18 23:45:00";16;12827;20;10;0;<FLG>
V6155020;V615502002;QINnJ;1;"2021-12-19 00:00:00";"2021-12-19 23:59:59";16;12644;20;10;0;<FLG>
V6155020;V615502002;QINnJ;1;"2021-12-20 00:00:00";"2021-12-20 23:59:59";16;12475;20;10;0;<FLG>
V6155020;V615502002;QINnJ;1;"2021-12-21 00:00:00";"2021-12-21 23:45:00";16;12201;20;10;0;<FLG>
V6155020;V615502002;QINnJ;1;"2021-12-22 00:00:00";"2021-12-22 23:45:00";16;11903;20;10;0;<FLG>
V6155020;V615502002;QINnJ;1;"2021-12-23 00:00:00";"2021-12-23 23:59:59";16;11645;20;10;0;<FLG>
V6155020;V615502002;QINnJ;1;"2021-12-24 00:00:00";"2021-12-24 22:00:00";16;11508;20;10;0;<FLG>
V6155020;V615502002;QINnJ;1;"2021-12-25 00:00:00";"2021-12-25 00:45:00";16;11508;20;10;0;<FLG>
V6155020;V615502002;QINnJ;1;"2021-12-26 00:00:00";"2021-12-26 00:00:00";16;15122;20;10;0;<FLG>
V6155020;V615502002;QINnJ;1;"2021-12-27 00:00:00";"2021-12-27 00:00:00";16;18041;20;10;0;<FLG>
V6155020;V615502002;QINnJ;1;"2021-12-28 00:00:00";"2021-12-28 00:00:00";16;18556;20;10;0;<FLG>
V6155020;V615502002;QINnJ;1;"2021-12-29 00:00:00";"2021-12-29 00:00:00";16;19090;20;10;0;<FLG>
V6155020;V615502002;QINnJ;1;"2021-12-30 00:00:00";"2021-12-30 00:00:00";16;21086;20;10;0;<FLG>
V6155020;V615502002;QINnJ;1;"2021-12-31 00:00:00";"2021-12-31 23:15:00";16;21263;20;10;0;<FLG>
V6155020;V615502002;QINnJ;1;"2022-01-01 00:00:00";"2022-01-01 23:15:00";16;20705;20;10;0;<FLG>
V6155020;V615502002;QINnJ;1;"2022-01-02 00:00:00";"2022-01-02 23:45:00";16;19811;20;10;0;<FLG>
V6155020;V615502002;QINnJ;1;"2022-01-03 00:00:00";"2022-01-03 23:59:59";16;19145;20;10;0;<FLG>
V6155020;V615502002;QINnJ;1;"2022-01-04 00:00:00";"2022-01-04 23:59:59";16;18658;20;10;0;<FLG>
V6155020;V615502002;QINnJ;1;"2022-01-05 00:00:00";"2022-01-05 23:59:59";16;18221;20;10;0;<FLG>
V6155020;V615502002;QINnJ;1;"2022-01-06 00:00:00";"2022-01-06 23:59:59";16;17786;20;10;0;<FLG>
V6155020;V615502002;QINnJ;1;"2022-01-07 00:00:00";"2022-01-07 23:59:59";16;17315;20;10;0;<FLG>
V6155020;V615502002;QINnJ;1;"2022-01-08 00:00:00";"2022-01-08 23:59:59";16;16822;20;10;0;<FLG>
V6155020;V615502002;QINnJ;1;"2022-01-09 00:00:00";"2022-01-09 23:59:59";16;16418;20;10;0;<FLG>
V6155020;V615502002;QINnJ;1;"2022-01-10 00:00:00";"2022-01-10 23:59:59";16;16004;20;10;0;<FLG>
V6155020;V615502002;QINnJ;1;"2022-01-11 00:00:00";"2022-01-11 23:59:59";16;15573;20;10;0;<FLG>
V6155020;V615502002;QINnJ;1;"2022-01-12 00:00:00";"2022-01-12 23:45:00";16;15191;20;10;0;<FLG>
V6155020;V615502002;QINnJ;1;"2022-01-13 00:00:00";"2022-01-13 23:59:59";16;14766;20;10;0;<FLG>
V6155020;V615502002;QINnJ;1;"2022-01-14 00:00:00";"2022-01-14 23:59:59";16;14373;20;10;0;<FLG>
V6155020;V615502002;QINnJ;1;"2022-01-15 00:00:00";"2022-01-15 23:59:59";16;14040;20;10;0;<FLG>
V6155020;V615502002;QINnJ;1;"2022-01-16 00:00:00";"2022-01-16 23:45:00";16;13713;20;10;0;<FLG>
V6155020;V615502002;QINnJ;1;"2022-01-17 00:00:00";"2022-01-17 23:59:59";16;13400;20;10;0;<FLG>
V6155020;V615502002;QINnJ;1;"2022-01-18 00:00:00";"2022-01-18 23:30:00";16;13100;20;10;0;<FLG>
V6155020;V615502002;QINnJ;1;"2022-01-19 00:00:00";"2022-01-19 23:59:59";16;12840;20;10;0;<FLG>
V6155020;V615502002;QINnJ;1;"2022-01-20 00:00:00";"2022-01-20 23:59:59";16;12644;20;10;0;<FLG>
V6155020;V615502002;QINnJ;1;"2022-01-21 00:00:00";"2022-01-21 23:59:59";16;12362;20;10;0;<FLG>
V6155020;V615502002;QINnJ;1;"2022-01-22 00:00:00";"2022-01-22 23:30:00";16;12088;20;10;0;<FLG>
V6155020;V615502002;QINnJ;1;"2022-01-23 00:00:00";"2022-01-23 23:59:59";16;11798;20;10;0;<FLG>
V6155020;V615502002;QINnJ;1;"2022-01-24 00:00:00";"2022-01-24 23:45:00";16;11541;20;10;0;<FLG>
V6155020;V615502002;QINnJ;1;"2022-01-25 00:00:00";"2022-01-25 23:30:00";16;11307;20;10;0;<FLG>
V6155020;V615502002;QINnJ;1;"2022-01-26 00:00:00";"2022-01-26 23:15:00";16;11106;20;10;0;<FLG>
V6155020;V615502002;QINnJ;1;"2022-01-27 00:00:00";"2022-01-27 23:59:59";16;10912;20;10;0;<FLG>
V6155020;V615502002;QINnJ;1;"2022-01-28 00:00:00";"2022-01-28 23:15:00";16;10711;20;10;0;<FLG>
V6155020;V615502002;QINnJ;1;"2022-01-29 00:00:00";"2022-01-29 22:45:00";16;10534;20;10;0;<FLG>
V6155020;V615502002;QINnJ;1;"2022-01-30 00:00:00";"2022-01-30 23:15:00";16;10397;20;10;0;<FLG>
V6155020;V615502002;QINnJ;1;"2022-01-31 00:00:00";"2022-01-31 23:45:00";16;10284;20;10;0;<FLG>
V6155020;V615502002;QINnJ;1;"2022-02-01 00:00:00";"2022-02-01 23:59:59";16;10139;20;10;0;<FLG>
V6155020;V615502002;QINnJ;1;"2022-02-02 00:00:00";"2022-02-02 23:15:00";16;9987;20;10;0;<FLG>
V6155020;V615502002;QINnJ;1;"2022-02-03 00:00:00";"2022-02-03 23:00:00";16;9801;20;10;0;<FLG>
V6155020;V615502002;QINnJ;1;"2022-02-04 00:00:00";"2022-02-04 23:59:59";16;9634;20;10;0;<FLG>
V6155020;V615502002;QINnJ;1;"2022-02-05 00:00:00";"2022-02-05 23:00:00";16;9475;20;10;0;<FLG>
V6155020;V615502002;QINnJ;1;"2022-02-06 00:00:00";"2022-02-06 22:30:00";16;9317;20;10;0;<FLG>
V6155020;V615502002;QINnJ;1;"2022-02-07 00:00:00";"2022-02-07 23:00:00";16;9168;20;10;0;<FLG>
V6155020;V615502002;QINnJ;1;"2022-02-08 00:00:00";"2022-02-08 23:59:59";16;9000;20;10;0;<FLG>
V6155020;V615502002;QINnJ;1;"2022-02-09 00:00:00";"2022-02-09 22:15:00";16;8861;20;10;0;<FLG>
V6155020;V615502002;QINnJ;1;"2022-02-10 00:00:00";"2022-02-10 22:15:00";16;8758;20;10;0;<FLG>
V6155020;V615502002;QINnJ;1;"2022-02-11 00:00:00";"2022-02-11 23:59:59";16;8656;20;10;0;<FLG>
V6155020;V615502002;QINnJ;1;"2022-02-12 00:00:00";"2022-02-12 23:15:00";16;8563;20;10;0;<FLG>
V6155020;V615502002;QINnJ;1;"2022-02-13 00:00:00";"2022-02-13 23:00:00";16;8488;20;10;0;<FLG>
V6155020;V615502002;QINnJ;1;"2022-02-14 00:00:00";"2022-02-14 15:45:00";16;8470;20;10;0;<FLG>
V6155020;V615502002;QINnJ;1;"2022-02-15 00:00:00";"2022-02-15 00:00:00";16;8591;20;10;0;<FLG>
V6155020;V615502002;QINnJ;1;"2022-02-16 00:00:00";"2022-02-16 00:00:00";16;10196;20;10;0;<FLG>
V6155020;V615502002;QINnJ;1;"2022-02-17 00:00:00";"2022-02-17 00:15:00";16;10502;20;10;0;<FLG>
V6155020;V615502002;QINnJ;1;"2022-02-18 00:00:00";"2022-02-18 00:00:00";16;10784;20;10;0;<FLG>
V6155020;V615502002;QINnJ;1;"2022-02-19 00:00:00";"2022-02-19 00:00:00";16;11508;20;10;0;<FLG>
V6155020;V615502002;QINnJ;1;"2022-02-20 00:00:00";"2022-02-20 23:59:59";16;11557;20;10;0;<FLG>
V6155020;V615502002;QINnJ;1;"2022-02-21 00:00:00";"2022-02-21 23:59:59";16;11275;20;10;0;<FLG>
V6155020;V615502002;QINnJ;1;"2022-02-22 00:00:00";"2022-02-22 23:59:59";16;10985;20;10;0;<FLG>
V6155020;V615502002;QINnJ;1;"2022-02-23 00:00:00";"2022-02-23 23:30:00";16;10695;20;10;0;<FLG>
V6155020;V615502002;QINnJ;1;"2022-02-24 00:00:00";"2022-02-24 23:45:00";16;10453;20;10;0;<FLG>
V6155020;V615502002;QINnJ;1;"2022-02-25 00:00:00";"2022-02-25 23:00:00";16;10268;20;10;0;<FLG>
V6155020;V615502002;QINnJ;1;"2022-02-26 00:00:00";"2022-02-26 23:30:00";16;10053;20;10;0;<FLG>
V6155020;V615502002;QINnJ;1;"2022-02-27 00:00:00";"2022-02-27 23:59:59";16;9810;20;10;0;<FLG>
V6155020;V615502002;QINnJ;1;"2022-02-28 00:00:00";"2022-02-28 23:45:00";16;9624;20;10;0;<FLG>
V6155020;V615502002;QINnJ;1;"2022-03-01 00:00:00";"2022-03-01 23:59:59";16;9429;20;10;0;<FLG>
V6155020;V615502002;QINnJ;1;"2022-03-02 00:00:00";"2022-03-02 23:15:00";16;9289;20;10;0;<FLG>
V6155020;V615502002;QINnJ;1;"2022-03-03 00:00:00";"2022-03-03 23:00:00";16;9187;20;10;0;<FLG>
V6155020;V615502002;QINnJ;1;"2022-03-04 00:00:00";"2022-03-04 23:30:00";16;9084;20;10;0;<FLG>
V6155020;V615502002;QINnJ;1;"2022-03-05 00:00:00";"2022-03-05 23:59:59";16;8954;20;10;0;<FLG>
V6155020;V615502002;QINnJ;1;"2022-03-06 00:00:00";"2022-03-06 23:45:00";16;8824;20;10;0;<FLG>
V6155020;V615502002;QINnJ;1;"2022-03-07 00:00:00";"2022-03-07 23:15:00";16;8693;20;10;0;<FLG>
V6155020;V615502002;QINnJ;1;"2022-03-08 00:00:00";"2022-03-08 23:15:00";16;8544;20;10;0;<FLG>
V6155020;V615502002;QINnJ;1;"2022-03-09 00:00:00";"2022-03-09 23:15:00";16;8395;20;10;0;<FLG>
V6155020;V615502002;QINnJ;1;"2022-03-10 00:00:00";"2022-03-10 22:45:00";16;8284;20;10;0;<FLG>
V6155020;V615502002;QINnJ;1;"2022-03-11 00:00:00";"2022-03-11 21:45:00";16;8172;20;10;0;<FLG>
V6155020;V615502002;QINnJ;1;"2022-03-12 00:00:00";"2022-03-12 21:45:00";16;8088;20;10;0;<FLG>
V6155020;V615502002;QINnJ;1;"2022-03-13 00:00:00";"2022-03-13 22:15:00";16;7986;20;10;0;<FLG>
V6155020;V615502002;QINnJ;1;"2022-03-14 00:00:00";"2022-03-14 21:15:00";16;7920;20;10;0;<FLG>
V6155020;V615502002;QINnJ;1;"2022-03-15 00:00:00";"2022-03-15 00:00:00";16;7920;20;10;0;<FLG>
V6155020;V615502002;QINnJ;1;"2022-03-16 00:00:00";"2022-03-16 00:00:00";16;8023;20;10;0;<FLG>
V6155020;V615502002;QINnJ;1;"2022-03-17 00:00:00";"2022-03-17 00:00:00";16;8237;20;10;0;<FLG>
V6155020;V615502002;QINnJ;1;"2022-03-18 00:00:00";"2022-03-18 00:00:00";16;8395;20;10;0;<FLG>
V6155020;V615502002;QINnJ;1;"2022-03-19 00:00:00";"2022-03-19 00:00:00";16;8433;20;10;0;<FLG>
V6155020;V615502002;QINnJ;1;"2022-03-20 00:00:00";"2022-03-20 23:45:00";16;8358;20;10;0;<FLG>
V6155020;V615502002;QINnJ;1;"2022-03-21 00:00:00";"2022-03-21 23:45:00";16;8218;20;10;0;<FLG>
V6155020;V615502002;QINnJ;1;"2022-03-22 00:00:00";"2022-03-22 23:00:00";16;8069;20;10;0;<FLG>
V6155020;V615502002;QINnJ;1;"2022-03-23 00:00:00";"2022-03-23 22:45:00";16;7967;20;10;0;<FLG>
V6155020;V615502002;QINnJ;1;"2022-03-24 00:00:00";"2022-03-24 23:00:00";16;7874;20;10;0;<FLG>
V6155020;V615502002;QINnJ;1;"2022-03-25 00:00:00";"2022-03-25 22:30:00";16;7790;20;10;0;<FLG>
V6155020;V615502002;QINnJ;1;"2022-03-26 00:00:00";"2022-03-26 23:45:00";16;7688;20;10;0;<FLG>
V6155020;V615502002;QINnJ;1;"2022-03-27 00:00:00";"2022-03-27 23:15:00";16;7582;20;10;0;<FLG>
V6155020;V615502002;QINnJ;1;"2022-03-28 00:00:00";"2022-03-28 21:15:00";16;7507;20;10;0;<FLG>
V6155020;V615502002;QINnJ;1;"2022-03-29 00:00:00";"2022-03-29 23:15:00";16;7463;20;10;0;<FLG>
V6155020;V615502002;QINnJ;1;"2022-03-30 00:00:00";"2022-03-30 00:00:00";16;7463;20;10;0;<FLG>
V6155020;V615502002;QINnJ;1;"2022-03-31 00:00:00";"2022-03-31 00:00:00";16;7474;20;10;0;<FLG>
V6155020;V615502002;QINnJ;1;"2022-04-01 00:00:00";"2022-04-01 23:00:00";16;7420;20;10;0;<FLG>
V6155020;V615502002;QINnJ;1;"2022-04-02 00:00:00";"2022-04-02 23:59:59";16;7301;20;10;0;<FLG>
V6155020;V615502002;QINnJ;1;"2022-04-03 00:00:00";"2022-04-03 23:45:00";16;7150;20;10;0;<FLG>
V6155020;V615502002;QINnJ;1;"2022-04-04 00:00:00";"2022-04-04 23:45:00";16;7020;20;10;0;<FLG>
V6155020;V615502002;QINnJ;1;"2022-04-05 00:00:00";"2022-04-05 21:45:00";16;6955;20;10;0;<FLG>
V6155020;V615502002;QINnJ;1;"2022-04-06 00:00:00";"2022-04-06 21:15:00";16;6890;20;10;0;<FLG>
V6155020;V615502002;QINnJ;1;"2022-04-07 00:00:00";"2022-04-07 23:45:00";16;6815;20;10;0;<FLG>
V6155020;V615502002;QINnJ;1;"2022-04-08 00:00:00";"2022-04-08 23:45:00";16;6771;20;10;0;<FLG>
V6155020;V615502002;QINnJ;1;"2022-04-09 00:00:00";"2022-04-09 23:15:00";16;6728;20;10;0;<FLG>
V6155020;V615502002;QINnJ;1;"2022-04-10 00:00:00";"2022-04-10 22:15:00";16;6663;20;10;0;<FLG>
V6155020;V615502002;QINnJ;1;"2022-04-11 00:00:00";"2022-04-11 21:45:00";16;6577;20;10;0;<FLG>
V6155020;V615502002;QINnJ;1;"2022-04-12 00:00:00";"2022-04-12 22:00:00";16;6512;20;10;0;<FLG>
V6155020;V615502002;QINnJ;1;"2022-04-13 00:00:00";"2022-04-13 23:45:00";16;6458;20;10;0;<FLG>
V6155020;V615502002;QINnJ;1;"2022-04-14 00:00:00";"2022-04-14 23:15:00";16;6404;20;10;0;<FLG>
V6155020;V615502002;QINnJ;1;"2022-04-15 00:00:00";"2022-04-15 23:15:00";16;6360;20;10;0;<FLG>
V6155020;V615502002;QINnJ;1;"2022-04-16 00:00:00";"2022-04-16 23:15:00";16;6328;20;10;0;<FLG>
V6155020;V615502002;QINnJ;1;"2022-04-17 00:00:00";"2022-04-17 12:00:00";16;6295;20;10;0;<FLG>
V6155020;V615502002;QINnJ;1;"2022-04-18 00:00:00";"2022-04-18 13:45:00";16;6263;20;10;0;<FLG>
V6155020;V615502002;QINnJ;1;"2022-04-19 00:00:00";"2022-04-19 12:30:00";16;6241;20;10;0;<FLG>
V6155020;V615502002;QINnJ;1;"2022-04-20 00:00:00";"2022-04-20 16:00:00";16;6198;20;10;0;<FLG>
V6155020;V615502002;QINnJ;1;"2022-04-21 00:00:00";"2022-04-21 15:30:00";16;6187;20;10;0;<FLG>
V6155020;V615502002;QINnJ;1;"2022-04-22 00:00:00";"2022-04-22 00:00:00";16;6209;20;10;0;<FLG>
V6155020;V615502002;QINnJ;1;"2022-04-23 00:00:00";"2022-04-23 00:00:00";16;6901;20;10;0;<FLG>
V6155020;V615502002;QINnJ;1;"2022-04-24 00:00:00";"2022-04-24 00:00:00";16;8451;20;10;0;<FLG>
V6155020;V615502002;QINnJ;1;"2022-04-25 00:00:00";"2022-04-25 00:00:00";16;16541;20;10;0;<FLG>
V6155020;V615502002;QINnJ;1;"2022-04-26 00:00:00";"2022-04-26 00:00:00";16;18093;20;10;0;<FLG>
V6155020;V615502002;QINnJ;1;"2022-04-27 00:00:00";"2022-04-27 23:59:59";16;17999;20;10;0;<FLG>
V6155020;V615502002;QINnJ;1;"2022-04-28 00:00:00";"2022-04-28 23:59:59";16;17003;20;10;0;<FLG>
V6155020;V615502002;QINnJ;1;"2022-04-29 00:00:00";"2022-04-29 23:59:59";16;16014;20;10;0;<FLG>
V6155020;V615502002;QINnJ;1;"2022-04-30 00:00:00";"2022-04-30 23:59:59";12;15297;20;10;0;<FLG>
V6155020;V615502002;QINnJ;1;"2022-05-01 00:00:00";"2022-05-01 23:59:59";12;14621;20;10;0;<FLG>
V6155020;V615502002;QINnJ;1;"2022-05-02 00:00:00";"2022-05-02 23:59:59";12;13998;20;10;0;<FLG>
V6155020;V615502002;QINnJ;1;"2022-05-03 00:00:00";"2022-05-03 23:59:59";12;13344;20;10;0;<FLG>
V6155020;V615502002;QINnJ;1;"2022-05-04 00:00:00";"2022-05-04 23:59:59";12;12849;20;10;0;<FLG>
V6155020;V615502002;QINnJ;1;"2022-05-05 00:00:00";"2022-05-05 23:59:59";12;12501;20;10;0;<FLG>
V6155020;V615502002;QINnJ;1;"2022-05-06 00:00:00";"2022-05-06 23:59:59";12;12147;20;10;0;<FLG>
V6155020;V615502002;QINnJ;1;"2022-05-07 00:00:00";"2022-05-07 23:59:59";12;11820;20;10;0;<FLG>
V6155020;V615502002;QINnJ;1;"2022-05-08 00:00:00";"2022-05-08 00:15:00";12;11820;20;10;0;<FLG>
V6155020;V615502002;QINnJ;1;"2022-05-09 00:00:00";"2022-05-09 00:00:00";12;12056;20;10;0;<FLG>
V6155020;V615502002;QINnJ;1;"2022-05-10 00:00:00";"2022-05-10 00:00:00";12;14020;20;10;0;<FLG>
V6155020;V615502002;QINnJ;1;"2022-05-11 00:00:00";"2022-05-11 23:59:59";12;14671;20;10;0;<FLG>
V6155020;V615502002;QINnJ;1;"2022-05-12 00:00:00";"2022-05-12 23:59:59";12;14318;20;10;0;<FLG>
V6155020;V615502002;QINnJ;1;"2022-05-13 00:00:00";"2022-05-13 23:59:59";12;13895;20;10;0;<FLG>
V6155020;V615502002;QINnJ;1;"2022-05-14 00:00:00";"2022-05-14 23:59:59";12;13472;20;10;0;<FLG>
V6155020;V615502002;QINnJ;1;"2022-05-15 00:00:00";"2022-05-15 23:59:59";12;13063;20;10;0;<FLG>
V6155020;V615502002;QINnJ;1;"2022-05-16 00:00:00";"2022-05-16 23:59:59";12;12656;20;10;0;<FLG>
V6155020;V615502002;QINnJ;1;"2022-05-17 00:00:00";"2022-05-17 23:59:59";12;12187;20;10;0;<FLG>
V6155020;V615502002;QINnJ;1;"2022-05-18 00:00:00";"2022-05-18 23:59:59";12;11750;20;10;0;<FLG>
V6155020;V615502002;QINnJ;1;"2022-05-19 00:00:00";"2022-05-19 23:59:59";12;11349;20;10;0;<FLG>
V6155020;V615502002;QINnJ;1;"2022-05-20 00:00:00";"2022-05-20 23:59:59";12;11008;20;10;0;<FLG>
V6155020;V615502002;QINnJ;1;"2022-05-21 00:00:00";"2022-05-21 23:59:59";12;10754;20;10;0;<FLG>
V6155020;V615502002;QINnJ;1;"2022-05-22 00:00:00";"2022-05-22 23:59:59";12;10532;20;10;0;<FLG>
V6155020;V615502002;QINnJ;1;"2022-05-23 00:00:00";"2022-05-23 23:59:59";12;10309;20;10;0;<FLG>
V6155020;V615502002;QINnJ;1;"2022-05-24 00:00:00";"2022-05-24 23:59:59";12;10073;20;10;0;<FLG>
V6155020;V615502002;QINnJ;1;"2022-05-25 00:00:00";"2022-05-25 23:59:59";12;9788;20;10;0;<FLG>
V6155020;V615502002;QINnJ;1;"2022-05-26 00:00:00";"2022-05-26 23:59:59";12;9514;20;10;0;<FLG>
V6155020;V615502002;QINnJ;1;"2022-05-27 00:00:00";"2022-05-27 23:59:59";12;9292;20;10;0;<FLG>
V6155020;V615502002;QINnJ;1;"2022-05-28 00:00:00";"2022-05-28 23:59:59";12;9125;20;10;0;<FLG>
V6155020;V615502002;QINnJ;1;"2022-05-29 00:00:00";"2022-05-29 23:59:59";12;8970;20;10;0;<FLG>
V6155020;V615502002;QINnJ;1;"2022-05-30 00:00:00";"2022-05-30 23:59:59";12;8769;20;10;0;<FLG>
V6155020;V615502002;QINnJ;1;"2022-05-31 00:00:00";"2022-05-31 23:59:59";12;8556;20;10;0;<FLG>
V6155020;V615502002;QINnJ;1;"2022-06-01 00:00:00";"2022-06-01 23:59:59";12;8364;20;10;0;<FLG>
V6155020;V615502002;QINnJ;1;"2022-06-02 00:00:00";"2022-06-02 23:59:59";12;8197;20;10;0;<FLG>
V6155020;V615502002;QINnJ;1;"2022-06-03 00:00:00";"2022-06-03 23:59:59";12;8045;20;10;0;<FLG>
V6155020;V615502002;QINnJ;1;"2022-06-04 00:00:00";"2022-06-04 23:59:59";12;7900;20;10;0;<FLG>
V6155020;V615502002;QINnJ;1;"2022-06-05 00:00:00";"2022-06-05 23:59:59";12;7771;20;10;0;<FLG>
V6155020;V615502002;QINnJ;1;"2022-06-06 00:00:00";"2022-06-06 23:00:00";12;7640;20;10;0;<FLG>
V6155020;V615502002;QINnJ;1;"2022-06-07 00:00:00";"2022-06-07 23:59:59";12;7529;20;10;0;<FLG>
V6155020;V615502002;QINnJ;1;"2022-06-08 00:00:00";"2022-06-08 23:59:59";12;7407;20;10;0;<FLG>
V6155020;V615502002;QINnJ;1;"2022-06-09 00:00:00";"2022-06-09 23:59:59";12;7288;20;10;0;<FLG>
V6155020;V615502002;QINnJ;1;"2022-06-10 00:00:00";"2022-06-10 23:59:59";12;7174;20;10;0;<FLG>
V6155020;V615502002;QINnJ;1;"2022-06-11 00:00:00";"2022-06-11 23:59:59";12;7030;20;10;0;<FLG>
V6155020;V615502002;QINnJ;1;"2022-06-12 00:00:00";"2022-06-12 23:15:00";12;6934;20;10;0;<FLG>
V6155020;V615502002;QINnJ;1;"2022-06-13 00:00:00";"2022-06-13 23:59:59";12;6850;20;10;0;<FLG>
V6155020;V615502002;QINnJ;1;"2022-06-14 00:00:00";"2022-06-14 23:59:59";12;6765;20;10;0;<FLG>
V6155020;V615502002;QINnJ;1;"2022-06-15 00:00:00";"2022-06-15 23:59:59";12;6688;20;10;0;<FLG>
V6155020;V615502002;QINnJ;1;"2022-06-16 00:00:00";"2022-06-16 23:59:59";12;6590;20;10;0;<FLG>
V6155020;V615502002;QINnJ;1;"2022-06-17 00:00:00";"2022-06-17 23:59:59";12;6503;20;10;0;<FLG>
V6155020;V615502002;QINnJ;1;"2022-06-18 00:00:00";"2022-06-18 17:30:00";12;6436;20;10;0;<FLG>
V6155020;V615502002;QINnJ;1;"2022-06-19 00:00:00";"2022-06-19 23:59:59";12;6376;20;10;0;<FLG>
V6155020;V615502002;QINnJ;1;"2022-06-20 00:00:00";"2022-06-20 23:59:59";12;6323;20;10;0;<FLG>
V6155020;V615502002;QINnJ;1;"2022-06-21 00:00:00";"2022-06-21 20:45:00";12;6255;20;10;0;<FLG>
V6155020;V615502002;QINnJ;1;"2022-06-22 00:00:00";"2022-06-22 23:59:59";12;6196;20;10;0;<FLG>
V6155020;V615502002;QINnJ;1;"2022-06-23 00:00:00";"2022-06-23 21:45:00";12;6144;20;10;0;<FLG>
V6155020;V615502002;QINnJ;1;"2022-06-24 00:00:00";"2022-06-24 11:00:00";12;6098;20;10;0;<FLG>
V6155020;V615502002;QINnJ;1;"2022-06-25 00:00:00";"2022-06-25 23:59:59";12;6073;20;10;0;<FLG>
V6155020;V615502002;QINnJ;1;"2022-06-26 00:00:00";"2022-06-26 23:59:59";12;5998;20;10;0;<FLG>
V6155020;V615502002;QINnJ;1;"2022-06-27 00:00:00";"2022-06-27 23:45:00";12;5925;20;10;0;<FLG>
V6155020;V615502002;QINnJ;1;"2022-06-28 00:00:00";"2022-06-28 23:59:59";12;5874;20;10;0;<FLG>
V6155020;V615502002;QINnJ;1;"2022-06-29 00:00:00";"2022-06-29 23:45:00";12;5826;20;10;0;<FLG>
V6155020;V615502002;QINnJ;1;"2022-06-30 00:00:00";"2022-06-30 23:59:59";12;5769;20;10;0;<FLG>
V6155020;V615502002;QINnJ;1;"2022-07-01 00:00:00";"2022-07-01 23:59:59";12;5716;20;10;0;<FLG>
V6155020;V615502002;QINnJ;1;"2022-07-02 00:00:00";"2022-07-02 21:30:00";12;5650;20;10;0;<FLG>
V6155020;V615502002;QINnJ;1;"2022-07-03 00:00:00";"2022-07-03 23:59:59";12;5606;20;10;0;<FLG>
V6155020;V615502002;QINnJ;1;"2022-07-04 00:00:00";"2022-07-04 23:59:59";12;5560;20;10;0;<FLG>
V6155020;V615502002;QINnJ;1;"2022-07-05 00:00:00";"2022-07-05 23:59:59";12;5508;20;10;0;<FLG>
V6155020;V615502002;QINnJ;1;"2022-07-06 00:00:00";"2022-07-06 23:59:59";12;5478;20;10;0;<FLG>
V6155020;V615502002;QINnJ;1;"2022-07-07 00:00:00";"2022-07-07 23:59:59";12;5436;20;10;0;<FLG>
V6155020;V615502002;QINnJ;1;"2022-07-08 00:00:00";"2022-07-08 21:15:00";12;5385;20;10;0;<FLG>
V6155020;V615502002;QINnJ;1;"2022-07-09 00:00:00";"2022-07-09 23:59:59";12;5345;20;10;0;<FLG>
V6155020;V615502002;QINnJ;1;"2022-07-10 00:00:00";"2022-07-10 10:45:00";12;5308;20;10;0;<FLG>
V6155020;V615502002;QINnJ;1;"2022-07-11 00:00:00";"2022-07-11 22:15:00";12;5275;20;10;0;<FLG>
V6155020;V615502002;QINnJ;1;"2022-07-12 00:00:00";"2022-07-12 11:00:00";12;5231;20;10;0;<FLG>
V6155020;V615502002;QINnJ;1;"2022-07-13 00:00:00";"2022-07-13 23:59:59";12;5188;20;10;0;<FLG>
V6155020;V615502002;QINnJ;1;"2022-07-14 00:00:00";"2022-07-14 13:15:00";12;5176;20;10;0;<FLG>
V6155020;V615502002;QINnJ;1;"2022-07-15 00:00:00";"2022-07-15 17:00:00";12;5139;20;10;0;<FLG>
V6155020;V615502002;QINnJ;1;"2022-07-16 00:00:00";"2022-07-16 23:59:59";12;5116;20;10;0;<FLG>
V6155020;V615502002;QINnJ;1;"2022-07-17 00:00:00";"2022-07-17 12:45:00";12;5076;20;10;0;<FLG>
V6155020;V615502002;QINnJ;1;"2022-07-18 00:00:00";"2022-07-18 23:59:59";12;5041;20;10;0;<FLG>
V6155020;V615502002;QINnJ;1;"2022-07-19 00:00:00";"2022-07-19 05:30:00";12;5021;20;10;0;<FLG>
V6155020;V615502002;QINnJ;1;"2022-07-20 00:00:00";"2022-07-20 17:30:00";12;4988;20;10;0;<FLG>
V6155020;V615502002;QINnJ;1;"2022-07-21 00:00:00";"2022-07-21 23:59:59";12;4970;20;10;0;<FLG>
V6155020;V615502002;QINnJ;1;"2022-07-22 00:00:00";"2022-07-22 07:30:00";12;4944;20;10;0;<FLG>
V6155020;V615502002;QINnJ;1;"2022-07-23 00:00:00";"2022-07-23 23:59:59";12;4903;20;10;0;<FLG>
V6155020;V615502002;QINnJ;1;"2022-07-24 00:00:00";"2022-07-24 23:59:59";12;4898;20;10;0;<FLG>
V6155020;V615502002;QINnJ;1;"2022-07-25 00:00:00";"2022-07-25 11:00:00";12;4864;20;10;0;<FLG>
V6155020;V615502002;QINnJ;1;"2022-07-26 00:00:00";"2022-07-26 22:45:00";4;4856;16;8;0;<FLG>
V6155020;V615502002;QINnJ;1;"2022-07-27 00:00:00";"2022-07-27 07:45:00";4;4823;16;8;0;<FLG>
V6155020;V615502002;QINnJ;1;"2022-07-28 00:00:00";"2022-07-28 22:30:00";4;4779;16;8;0;<FLG>
V6155020;V615502002;QINnJ;1;"2022-07-29 00:00:00";"2022-07-29 11:45:00";4;4768;16;8;0;<FLG>
V6155020;V615502002;QINnJ;1;"2022-07-30 00:00:00";"2022-07-30 11:45:00";4;4723;16;8;0;<FLG>
V6155020;V615502002;QINnJ;1;"2022-07-31 00:00:00";"2022-07-31 23:45:00";4;4712;16;8;0;<FLG>
V6155020;V615502002;QINnJ;1;"2022-08-01 00:00:00";"2022-08-01 02:00:00";4;4701;16;8;0;<FLG>
V6155020;V615502002;QINnJ;1;"2022-08-02 00:00:00";"2022-08-02 14:15:00";4;4668;16;8;0;<FLG>
V6155020;V615502002;QINnJ;1;"2022-08-03 00:00:00";"2022-08-03 23:15:00";4;4635;16;8;0;<FLG>
V6155020;V615502002;QINnJ;1;"2022-08-04 00:00:00";"2022-08-04 06:45:00";4;4624;16;8;0;<FLG>
V6155020;V615502002;QINnJ;1;"2022-08-05 00:00:00";"2022-08-05 19:45:00";4;4602;16;8;0;<FLG>
V6155020;V615502002;QINnJ;1;"2022-08-06 00:00:00";"2022-08-06 06:45:00";4;4580;16;8;0;<FLG>
V6155020;V615502002;QINnJ;1;"2022-08-07 00:00:00";"2022-08-07 07:00:00";4;4558;16;8;0;<FLG>
V6155020;V615502002;QINnJ;1;"2022-08-08 00:00:00";"2022-08-08 22:30:00";4;4536;16;8;0;<FLG>
V6155020;V615502002;QINnJ;1;"2022-08-09 00:00:00";"2022-08-09 08:45:00";4;4503;16;8;0;<FLG>
V6155020;V615502002;QINnJ;1;"2022-08-10 00:00:00";"2022-08-10 10:30:00";4;4492;16;8;0;<FLG>
V6155020;V615502002;QINnJ;1;"2022-08-11 00:00:00";"2022-08-11 00:00:00";4;4492;16;8;0;<FLG>
V6155020;V615502002;QINnJ;1;"2022-08-12 00:00:00";"2022-08-12 12:45:00";4;4470;16;8;0;<FLG>
V6155020;V615502002;QINnJ;1;"2022-08-13 00:00:00";"2022-08-13 00:00:00";4;4481;16;8;0;<FLG>
V6155020;V615502002;QINnJ;1;"2022-08-14 00:00:00";"2022-08-14 16:00:00";4;4430;16;8;0;<FLG>
V6155020;V615502002;QINnJ;1;"2022-08-15 00:00:00";"2022-08-15 00:45:00";4;4448;16;8;0;<FLG>
V6155020;V615502002;QINnJ;1;"2022-08-16 00:00:00";"2022-08-16 23:15:00";4;4448;16;8;0;<FLG>
V6155020;V615502002;QINnJ;1;"2022-08-17 00:00:00";"2022-08-17 20:00:00";4;4394;16;8;0;<FLG>
V6155020;V615502002;QINnJ;1;"2022-08-18 00:00:00";"2022-08-18 00:00:00";4;4403;16;8;0;<FLG>
V6155020;V615502002;QINnJ;1;"2022-08-19 00:00:00";"2022-08-19 00:15:00";4;4412;16;8;0;<FLG>
V6155020;V615502002;QINnJ;1;"2022-08-20 00:00:00";"2022-08-20 21:15:00";4;4385;16;8;0;<FLG>
V6155020;V615502002;QINnJ;1;"2022-08-21 00:00:00";"2022-08-21 07:15:00";4;4367;16;8;0;<FLG>
V6155020;V615502002;QINnJ;1;"2022-08-22 00:00:00";"2022-08-22 07:00:00";4;4358;16;8;0;<FLG>
V6155020;V615502002;QINnJ;1;"2022-08-23 00:00:00";"2022-08-23 21:45:00";4;4348;16;8;0;<FLG>
V6155020;V615502002;QINnJ;1;"2022-08-24 00:00:00";"2022-08-24 23:59:59";4;4303;16;8;0;<FLG>
V6155020;V615502002;QINnJ;1;"2022-08-25 00:00:00";"2022-08-25 09:45:00";4;4294;16;8;0;<FLG>
V6155020;V615502002;QINnJ;1;"2022-08-26 00:00:00";"2022-08-26 00:15:00";4;4312;16;8;0;<FLG>
V6155020;V615502002;QINnJ;1;"2022-08-27 00:00:00";"2022-08-27 12:45:00";4;4285;16;8;0;<FLG>
V6155020;V615502002;QINnJ;1;"2022-08-28 00:00:00";"2022-08-28 11:30:00";4;4267;16;8;0;<FLG>
V6155020;V615502002;QINnJ;1;"2022-08-29 00:00:00";"2022-08-29 00:15:00";4;4258;16;8;0;<FLG>
V6155020;V615502002;QINnJ;1;"2022-08-30 00:00:00";"2022-08-30 21:45:00";4;4249;16;8;0;<FLG>
V6155020;V615502002;QINnJ;1;"2022-08-31 00:00:00";"2022-08-31 00:45:00";4;4240;16;8;0;<FLG>
V6155020;V615502002;QINnJ;1;"2022-09-01 00:00:00";"2022-09-01 02:45:00";4;4249;16;8;0;<FLG>
V6155020;V615502002;QINnJ;1;"2022-09-02 00:00:00";"2022-09-02 23:15:00";4;4267;16;8;0;<FLG>
V6155020;V615502002;QINnJ;1;"2022-09-03 00:00:00";"2022-09-03 23:30:00";4;4231;16;8;0;<FLG>
V6155020;V615502002;QINnJ;1;"2022-09-04 00:00:00";"2022-09-04 00:30:00";4;4222;16;8;0;<FLG>
V6155020;V615502002;QINnJ;1;"2022-09-05 00:00:00";"2022-09-05 08:00:00";4;4321;16;8;0;<FLG>
V6155020;V615502002;QINnJ;1;"2022-09-06 00:00:00";"2022-09-06 23:15:00";4;4294;16;8;0;<FLG>
V6155020;V615502002;QINnJ;1;"2022-09-07 00:00:00";"2022-09-07 01:30:00";4;4267;16;8;0;<FLG>
V6155020;V615502002;QINnJ;1;"2022-09-08 00:00:00";"2022-09-08 00:00:00";4;4294;16;8;0;<FLG>
V6155020;V615502002;QINnJ;1;"2022-09-09 00:00:00";"2022-09-09 23:45:00";4;4430;16;8;0;<FLG>
V6155020;V615502002;QINnJ;1;"2022-09-10 00:00:00";"2022-09-10 23:45:00";4;4367;16;8;0;<FLG>
V6155020;V615502002;QINnJ;1;"2022-09-11 00:00:00";"2022-09-11 12:30:00";4;4348;16;8;0;<FLG>
V6155020;V615502002;QINnJ;1;"2022-09-12 00:00:00";"2022-09-12 23:45:00";4;4294;16;8;0;<FLG>
V6155020;V615502002;QINnJ;1;"2022-09-13 00:00:00";"2022-09-13 15:30:00";4;4258;16;8;0;<FLG>
V6155020;V615502002;QINnJ;1;"2022-09-14 00:00:00";"2022-09-14 04:00:00";4;4231;16;8;0;<FLG>
V6155020;V615502002;QINnJ;1;"2022-09-15 00:00:00";"2022-09-15 00:30:00";4;4231;16;8;0;<FLG>
V6155020;V615502002;QINnJ;1;"2022-09-16 00:00:00";"2022-09-16 23:00:00";4;4185;16;8;0;<FLG>
V6155020;V615502002;QINnJ;1;"2022-09-17 00:00:00";"2022-09-17 05:15:00";4;4158;16;8;0;<FLG>
V6155020;V615502002;QINnJ;1;"2022-09-18 00:00:00";"2022-09-18 03:00:00";4;4149;16;8;0;<FLG>
V6155020;V615502002;QINnJ;1;"2022-09-19 00:00:00";"2022-09-19 23:15:00";4;4133;16;8;0;<FLG>
V6155020;V615502002;QINnJ;1;"2022-09-20 00:00:00";"2022-09-20 08:15:00";4;4114;16;8;0;<FLG>
V6155020;V615502002;QINnJ;1;"2022-09-21 00:00:00";"2022-09-21 09:45:00";4;4101;16;8;0;<FLG>
V6155020;V615502002;QINnJ;1;"2022-09-22 00:00:00";"2022-09-22 10:15:00";4;4107;16;8;0;<FLG>
V6155020;V615502002;QINnJ;1;"2022-09-23 00:00:00";"2022-09-23 10:00:00";4;4087;20;8;0;<FLG>
V6155020;V615502002;QINnJ;1;"2022-09-24 00:00:00";"2022-09-24 00:30:00";4;4087;20;8;0;<FLG>
V6155020;V615502002;QINnJ;1;"2022-09-25 00:00:00";"2022-09-25 00:00:00";4;4376;20;8;0;<FLG>
V6155020;V615502002;QINnJ;1;"2022-09-26 00:00:00";"2022-09-26 22:45:00";4;4492;20;8;0;<FLG>
V6155020;V615502002;QINnJ;1;"2022-09-27 00:00:00";"2022-09-27 22:15:00";4;4421;20;8;0;<FLG>
V6155020;V615502002;QINnJ;1;"2022-09-28 00:00:00";"2022-09-28 22:30:00";4;4403;20;8;0;<FLG>
V6155020;V615502002;QINnJ;1;"2022-09-29 00:00:00";"2022-09-29 23:45:00";4;4321;20;8;0;<FLG>
V6155020;V615502002;QINnJ;1;"2022-09-30 00:00:00";"2022-09-30 23:59:59";4;4222;20;8;0;<FLG>
V6155020;V615502002;QINnJ;1;"2022-10-01 00:00:00";"2022-10-01 04:45:00";4;4194;20;8;0;<FLG>
V6155020;V615502002;QINnJ;1;"2022-10-02 00:00:00";"2022-10-02 23:45:00";4;4158;20;8;0;<FLG>
V6155020;V615502002;QINnJ;1;"2022-10-03 00:00:00";"2022-10-03 19:15:00";4;4127;20;8;0;<FLG>
V6155020;V615502002;QINnJ;1;"2022-10-04 00:00:00";"2022-10-04 07:00:00";4;4101;20;8;0;<FLG>
V6155020;V615502002;QINnJ;1;"2022-10-05 00:00:00";"2022-10-05 09:00:00";4;4094;20;8;0;<FLG>
V6155020;V615502002;QINnJ;1;"2022-10-06 00:00:00";"2022-10-06 22:15:00";4;4068;20;8;0;<FLG>
V6155020;V615502002;QINnJ;1;"2022-10-07 00:00:00";"2022-10-07 10:45:00";4;4054;20;8;0;<FLG>
V6155020;V615502002;QINnJ;1;"2022-10-08 00:00:00";"2022-10-08 00:00:00";4;4068;20;8;0;<FLG>
V6155020;V615502002;QINnJ;1;"2022-10-09 00:00:00";"2022-10-09 22:30:00";4;4061;20;8;0;<FLG>
V6155020;V615502002;QINnJ;1;"2022-10-10 00:00:00";"2022-10-10 23:30:00";4;4035;20;8;0;<FLG>
V6155020;V615502002;QINnJ;1;"2022-10-11 00:00:00";"2022-10-11 00:15:00";4;4035;20;8;0;<FLG>
V6155020;V615502002;QINnJ;1;"2022-10-12 00:00:00";"2022-10-12 00:00:00";4;4041;20;8;0;<FLG>
V6155020;V615502002;QINnJ;1;"2022-10-13 00:00:00";"2022-10-13 22:30:00";4;4022;20;8;0;<FLG>
V6155020;V615502002;QINnJ;1;"2022-10-14 00:00:00";"2022-10-14 03:45:00";4;4015;20;8;0;<FLG>
V6155020;V615502002;QINnJ;1;"2022-10-15 00:00:00";"2022-10-15 00:30:00";4;4022;20;8;0;<FLG>
V6155020;V615502002;QINnJ;1;"2022-10-16 00:00:00";"2022-10-16 22:15:00";4;4002;20;8;0;<FLG>
V6155020;V615502002;QINnJ;1;"2022-10-17 00:00:00";"2022-10-17 22:30:00";4;3975;20;8;0;<FLG>
V6155020;V615502002;QINnJ;1;"2022-10-18 00:00:00";"2022-10-18 07:45:00";4;3969;20;8;0;<FLG>
V6155020;V615502002;QINnJ;1;"2022-10-19 00:00:00";"2022-10-19 08:30:00";4;3995;20;8;0;<FLG>
V6155020;V615502002;QINnJ;1;"2022-10-20 00:00:00";"2022-10-20 09:15:00";4;3982;20;8;0;<FLG>
V6155020;V615502002;QINnJ;1;"2022-10-21 00:00:00";"2022-10-21 09:30:00";4;3975;20;8;0;<FLG>
V6155020;V615502002;QINnJ;1;"2022-10-22 00:00:00";"2022-10-22 00:00:00";4;3975;20;8;0;<FLG>
V6155020;V615502002;QINnJ;1;"2022-10-23 00:00:00";"2022-10-23 22:15:00";4;3962;20;8;0;<FLG>
V6155020;V615502002;QINnJ;1;"2022-10-24 00:00:00";"2022-10-24 22:30:00";4;3943;20;8;0;<FLG>
V6155020;V615502002;QINnJ;1;"2022-10-25 00:00:00";"2022-10-25 01:30:00";4;3943;20;8;0;<FLG>
V6155020;V615502002;QINnJ;1;"2022-10-26 00:00:00";"2022-10-26 22:00:00";4;3929;20;8;0;<FLG>
V6155020;V615502002;QINnJ;1;"2022-10-27 00:00:00";"2022-10-27 22:15:00";4;3910;12;8;0;<FLG>
V6155020;V615502002;QINnJ;1;"2022-10-28 00:00:00";"2022-10-28 00:00:00";4;3910;12;8;0;<FLG>
V6155020;V615502002;QINnJ;1;"2022-10-29 00:00:00";"2022-10-29 01:00:00";4;3910;12;8;0;<FLG>
V6155020;V615502002;QINnJ;1;"2022-10-30 00:00:00";"2022-10-30 19:15:00";4;3916;12;8;0;<FLG>
V6155020;V615502002;QINnJ;1;"2022-10-31 00:00:00";"2022-10-31 00:15:00";4;3910;12;8;0;<FLG>
V6155020;V615502002;QINnJ;1;"2022-11-01 00:00:00";"2022-11-01 05:15:00";4;3903;12;8;0;<FLG>
V6155020;V615502002;QINnJ;1;"2022-11-02 00:00:00";"2022-11-02 00:15:00";4;4258;20;8;0;<FLG>
V6155020;V615502002;QINnJ;1;"2022-11-03 00:00:00";"2022-11-03 09:15:00";4;4258;20;8;0;<FLG>
V6155020;V615502002;QINnJ;1;"2022-11-04 00:00:00";"2022-11-04 00:00:00";4;6512;20;8;0;<FLG>
V6155020;V615502002;QINnJ;1;"2022-11-05 00:00:00";"2022-11-05 23:45:00";4;7431;20;8;0;<FLG>
V6155020;V615502002;QINnJ;1;"2022-11-06 00:00:00";"2022-11-06 23:59:59";4;6836;20;8;0;<FLG>
V6155020;V615502002;QINnJ;1;"2022-11-07 00:00:00";"2022-11-07 23:59:59";4;6187;20;8;0;<FLG>
V6155020;V615502002;QINnJ;1;"2022-11-08 00:00:00";"2022-11-08 23:59:59";4;5727;20;8;0;<FLG>
V6155020;V615502002;QINnJ;1;"2022-11-09 00:00:00";"2022-11-09 19:15:00";4;5495;20;8;0;<FLG>
V6155020;V615502002;QINnJ;1;"2022-11-10 00:00:00";"2022-11-10 00:00:00";4;5914;20;8;0;<FLG>
V6155020;V615502002;QINnJ;1;"2022-11-11 00:00:00";"2022-11-11 23:45:00";4;7930;20;8;0;<FLG>
V6155020;V615502002;QINnJ;1;"2022-11-12 00:00:00";"2022-11-12 23:45:00";4;7539;20;8;0;<FLG>
V6155020;V615502002;QINnJ;1;"2022-11-13 00:00:00";"2022-11-13 23:45:00";4;7052;20;8;0;<FLG>
V6155020;V615502002;QINnJ;1;"2022-11-14 00:00:00";"2022-11-14 07:45:00";4;6912;20;8;0;<FLG>
V6155020;V615502002;QINnJ;1;"2022-11-15 00:00:00";"2022-11-15 00:00:00";4;6961;20;8;0;<FLG>
V6155020;V615502002;QINnJ;1;"2022-11-16 00:00:00";"2022-11-16 00:00:00";4;7034;20;8;0;<FLG>
V6155020;V615502002;QINnJ;1;"2022-11-17 00:00:00";"2022-11-17 00:00:00";4;7107;20;8;0;<FLG>
V6155020;V615502002;QINnJ;1;"2022-11-18 00:00:00";"2022-11-18 23:00:00";4;7117;20;8;0;<FLG>
V6155020;V615502002;QINnJ;1;"2022-11-19 00:00:00";"2022-11-19 22:30:00";4;6836;20;8;0;<FLG>
V6155020;V615502002;QINnJ;1;"2022-11-20 00:00:00";"2022-11-20 23:15:00";4;6555;20;8;0;<FLG>
V6155020;V615502002;QINnJ;1;"2022-11-21 00:00:00";"2022-11-21 23:15:00";4;6371;20;8;0;<FLG>
V6155020;V615502002;QINnJ;1;"2022-11-22 00:00:00";"2022-11-22 08:30:00";4;6350;20;8;0;<FLG>
V6155020;V615502002;QINnJ;1;"2022-11-23 00:00:00";"2022-11-23 00:15:00";4;6404;20;8;0;<FLG>
V6155020;V615502002;QINnJ;1;"2022-11-24 00:00:00";"2022-11-24 23:30:00";4;6404;20;8;0;<FLG>
V6155020;V615502002;QINnJ;1;"2022-11-25 00:00:00";"2022-11-25 23:30:00";4;6241;20;8;0;<FLG>
V6155020;V615502002;QINnJ;1;"2022-11-26 00:00:00";"2022-11-26 23:15:00";4;6068;20;8;0;<FLG>
V6155020;V615502002;QINnJ;1;"2022-11-27 00:00:00";"2022-11-27 23:00:00";4;5936;20;8;0;<FLG>
V6155020;V615502002;QINnJ;1;"2022-11-28 00:00:00";"2022-11-28 17:15:00";4;5848;20;8;0;<FLG>
V6155020;V615502002;QINnJ;1;"2022-11-29 00:00:00";"2022-11-29 00:00:00";4;5903;20;8;0;<FLG>
V6155020;V615502002;QINnJ;1;"2022-11-30 00:00:00";"2022-11-30 00:00:00";4;6458;20;8;0;<FLG>
V6155020;V615502002;QINnJ;1;"2022-12-01 00:00:00";"2022-12-01 21:45:00";4;6696;20;8;0;<FLG>
V6155020;V615502002;QINnJ;1;"2022-12-02 00:00:00";"2022-12-02 22:45:00";4;6609;20;8;0;<FLG>
V6155020;V615502002;QINnJ;1;"2022-12-03 00:00:00";"2022-12-03 21:15:00";4;6523;20;8;0;<FLG>
V6155020;V615502002;QINnJ;1;"2022-12-04 00:00:00";"2022-12-04 00:00:00";4;6566;20;8;0;<FLG>
V6155020;V615502002;QINnJ;1;"2022-12-05 00:00:00";"2022-12-05 00:00:00";4;15403;20;8;0;<FLG>
V6155020;V615502002;QINnJ;1;"2022-12-06 00:00:00";"2022-12-06 23:59:59";4;18839;20;8;0;<FLG>
V6155020;V615502002;QINnJ;1;"2022-12-07 00:00:00";"2022-12-07 23:59:59";4;17584;20;8;0;<FLG>
V6155020;V615502002;QINnJ;1;"2022-12-08 00:00:00";"2022-12-08 23:59:59";4;16078;20;8;0;<FLG>
V6155020;V615502002;QINnJ;1;"2022-12-09 00:00:00";"2022-12-09 05:30:00";4;15876;20;8;0;<FLG>
V6155020;V615502002;QINnJ;1;"2022-12-10 00:00:00";"2022-12-10 00:00:00";4;25637;20;8;0;<FLG>
V6155020;V615502002;QINnJ;1;"2022-12-11 00:00:00";"2022-12-11 20:45:00";4;33077;20;8;0;<FLG>
V6155020;V615502002;QINnJ;1;"2022-12-12 00:00:00";"2022-12-12 23:45:00";4;28372;20;8;0;<FLG>
V6155020;V615502002;QINnJ;1;"2022-12-13 00:00:00";"2022-12-13 11:45:00";4;26011;20;8;0;<FLG>
V6155020;V615502002;QINnJ;1;"2022-12-14 00:00:00";"2022-12-14 00:00:00";4;28633;20;8;0;<FLG>
V6155020;V615502002;QINnJ;1;"2022-12-15 00:00:00";"2022-12-15 00:15:00";4;32293;20;8;0;<FLG>
V6155020;V615502002;QINnJ;1;"2022-12-16 00:00:00";"2022-12-16 00:30:00";4;48666;20;8;0;<FLG>
V6155020;V615502002;QINnJ;1;"2022-12-17 00:00:00";"2022-12-17 20:15:00";4;61039;20;8;0;<FLG>
V6155020;V615502002;QINnJ;1;"2022-12-18 00:00:00";"2022-12-18 20:00:00";4;55540;20;8;0;<FLG>
V6155020;V615502002;QINnJ;1;"2022-12-19 00:00:00";"2022-12-19 21:45:00";4;48666;20;8;0;<FLG>
V6155020;V615502002;QINnJ;1;"2022-12-20 00:00:00";"2022-12-20 22:15:00";4;43439;20;8;0;<FLG>
V6155020;V615502002;QINnJ;1;"2022-12-21 00:00:00";"2022-12-21 22:45:00";4;38755;20;8;0;<FLG>
V6155020;V615502002;QINnJ;1;"2022-12-22 00:00:00";"2022-12-22 23:00:00";4;34646;20;8;0;<FLG>
V6155020;V615502002;QINnJ;1;"2022-12-23 00:00:00";"2022-12-23 21:30:00";4;31509;20;8;0;<FLG>
V6155020;V615502002;QINnJ;1;"2022-12-24 00:00:00";"2022-12-24 21:45:00";4;28372;20;8;0;<FLG>
V6155020;V615502002;QINnJ;1;"2022-12-25 00:00:00";"2022-12-25 23:59:59";4;25824;20;8;0;<FLG>
V6155020;V615502002;QINnJ;1;"2022-12-26 00:00:00";"2022-12-26 23:00:00";4;23956;20;8;0;<FLG>
V6155020;V615502002;QINnJ;1;"2022-12-27 00:00:00";"2022-12-27 21:30:00";4;22625;20;8;0;<FLG>
V6155020;V615502002;QINnJ;1;"2022-12-28 00:00:00";"2022-12-28 22:30:00";4;21529;20;8;0;<FLG>
V6155020;V615502002;QINnJ;1;"2022-12-29 00:00:00";"2022-12-29 23:30:00";4;21204;20;8;0;<FLG>
V6155020;V615502002;QINnJ;1;"2022-12-30 00:00:00";"2022-12-30 23:00:00";4;20805;20;8;0;<FLG>
V6155020;V615502002;QINnJ;1;"2022-12-31 00:00:00";"2022-12-31 23:00:00";4;20422;20;8;0;<FLG>
V6155020;V615502002;QINnJ;1;"2023-01-01 00:00:00";"2023-01-01 23:30:00";8;19964;20;8;0;<FLG>
V6155020;V615502002;QINnJ;1;"2023-01-02 00:00:00";"2023-01-02 23:45:00";8;19467;20;8;0;<FLG>
V6155020;V615502002;QINnJ;1;"2023-01-03 00:00:00";"2023-01-03 23:59:59";8;19100;20;8;0;<FLG>
V6155020;V615502002;QINnJ;1;"2023-01-04 00:00:00";"2023-01-04 23:45:00";8;18729;20;8;0;<FLG>
V6155020;V615502002;QINnJ;1;"2023-01-05 00:00:00";"2023-01-05 23:59:59";8;18405;20;8;0;<FLG>
V6155020;V615502002;QINnJ;1;"2023-01-06 00:00:00";"2023-01-06 23:59:59";8;18084;20;8;0;<FLG>
V6155020;V615502002;QINnJ;1;"2023-01-07 00:00:00";"2023-01-07 23:59:59";8;17801;20;8;0;<FLG>
V6155020;V615502002;QINnJ;1;"2023-01-08 00:00:00";"2023-01-08 22:00:00";8;17584;20;8;0;<FLG>
V6155020;V615502002;QINnJ;1;"2023-01-09 00:00:00";"2023-01-09 02:45:00";8;17569;20;8;0;<FLG>
V6155020;V615502002;QINnJ;1;"2023-01-10 00:00:00";"2023-01-10 00:00:00";8;17667;20;8;0;<FLG>
V6155020;V615502002;QINnJ;1;"2023-01-11 00:00:00";"2023-01-11 23:59:59";8;17523;20;8;0;<FLG>
V6155020;V615502002;QINnJ;1;"2023-01-12 00:00:00";"2023-01-12 23:59:59";8;17349;20;8;0;<FLG>
V6155020;V615502002;QINnJ;1;"2023-01-13 00:00:00";"2023-01-13 23:59:59";8;17170;20;8;0;<FLG>
V6155020;V615502002;QINnJ;1;"2023-01-14 00:00:00";"2023-01-14 23:59:59";8;16992;20;8;0;<FLG>
V6155020;V615502002;QINnJ;1;"2023-01-15 00:00:00";"2023-01-15 23:59:59";8;16815;20;8;0;<FLG>
V6155020;V615502002;QINnJ;1;"2023-01-16 00:00:00";"2023-01-16 23:45:00";8;16636;20;8;0;<FLG>
V6155020;V615502002;QINnJ;1;"2023-01-17 00:00:00";"2023-01-17 23:45:00";8;16498;20;8;0;<FLG>
V6155020;V615502002;QINnJ;1;"2023-01-18 00:00:00";"2023-01-18 23:45:00";8;16296;20;8;0;<FLG>
V6155020;V615502002;QINnJ;1;"2023-01-19 00:00:00";"2023-01-19 23:30:00";8;16041;20;8;0;<FLG>
V6155020;V615502002;QINnJ;1;"2023-01-20 00:00:00";"2023-01-20 23:59:59";8;15791;20;8;0;<FLG>
V6155020;V615502002;QINnJ;1;"2023-01-21 00:00:00";"2023-01-21 23:45:00";8;15557;20;8;0;<FLG>
V6155020;V615502002;QINnJ;1;"2023-01-22 00:00:00";"2023-01-22 23:15:00";8;15340;20;8;0;<FLG>
V6155020;V615502002;QINnJ;1;"2023-01-23 00:00:00";"2023-01-23 23:59:59";8;15111;20;8;0;<FLG>
V6155020;V615502002;QINnJ;1;"2023-01-24 00:00:00";"2023-01-24 23:59:59";8;14846;20;8;0;<FLG>
V6155020;V615502002;QINnJ;1;"2023-01-25 00:00:00";"2023-01-25 23:30:00";8;14586;20;8;0;<FLG>
V6155020;V615502002;QINnJ;1;"2023-01-26 00:00:00";"2023-01-26 23:59:59";8;14366;20;8;0;<FLG>
V6155020;V615502002;QINnJ;1;"2023-01-27 00:00:00";"2023-01-27 23:45:00";8;14160;20;8;0;<FLG>
V6155020;V615502002;QINnJ;1;"2023-01-28 00:00:00";"2023-01-28 23:30:00";8;13846;20;8;0;<FLG>
V6155020;V615502002;QINnJ;1;"2023-01-29 00:00:00";"2023-01-29 23:45:00";8;13593;20;8;0;<FLG>
V6155020;V615502002;QINnJ;1;"2023-01-30 00:00:00";"2023-01-30 23:45:00";8;13366;20;8;0;<FLG>
V6155020;V615502002;QINnJ;1;"2023-01-31 00:00:00";"2023-01-31 23:45:00";8;13140;20;8;0;<FLG>
V6155020;V615502002;QINnJ;1;"2023-02-01 00:00:00";"2023-02-01 23:45:00";8;12893;20;8;0;<FLG>
V6155020;V615502002;QINnJ;1;"2023-02-02 00:00:00";"2023-02-02 23:15:00";8;12707;20;8;0;<FLG>
V6155020;V615502002;QINnJ;1;"2023-02-03 00:00:00";"2023-02-03 23:00:00";8;12483;20;8;0;<FLG>
V6155020;V615502002;QINnJ;1;"2023-02-04 00:00:00";"2023-02-04 23:59:59";8;12265;20;8;0;<FLG>
V6155020;V615502002;QINnJ;1;"2023-02-05 00:00:00";"2023-02-05 23:59:59";8;11991;20;8;0;<FLG>
V6155020;V615502002;QINnJ;1;"2023-02-06 00:00:00";"2023-02-06 22:45:00";8;11822;20;8;0;<FLG>
V6155020;V615502002;QINnJ;1;"2023-02-07 00:00:00";"2023-02-07 23:59:59";8;11685;20;8;0;<FLG>
V6155020;V615502002;QINnJ;1;"2023-02-08 00:00:00";"2023-02-08 23:59:59";8;11484;20;8;0;<FLG>
V6155020;V615502002;QINnJ;1;"2023-02-09 00:00:00";"2023-02-09 23:59:59";8;11275;20;8;0;<FLG>
V6155020;V615502002;QINnJ;1;"2023-02-10 00:00:00";"2023-02-10 23:59:59";8;11041;20;8;0;<FLG>
V6155020;V615502002;QINnJ;1;"2023-02-11 00:00:00";"2023-02-11 18:45:00";8;10937;20;8;0;<FLG>
V6155020;V615502002;QINnJ;1;"2023-02-12 00:00:00";"2023-02-12 23:30:00";8;10719;20;8;0;<FLG>
V6155020;V615502002;QINnJ;1;"2023-02-13 00:00:00";"2023-02-13 23:15:00";4;10534;20;8;0;<FLG>
V6155020;V615502002;QINnJ;1;"2023-02-14 00:00:00";"2023-02-14 23:00:00";4;10397;20;8;0;<FLG>
V6155020;V615502002;QINnJ;1;"2023-02-15 00:00:00";"2023-02-15 22:45:00";4;10276;20;8;0;<FLG>
V6155020;V615502002;QINnJ;1;"2023-02-16 00:00:00";"2023-02-16 23:59:59";4;10139;20;8;0;<FLG>
V6155020;V615502002;QINnJ;1;"2023-02-17 00:00:00";"2023-02-17 23:00:00";4;10015;20;8;0;<FLG>
V6155020;V615502002;QINnJ;1;"2023-02-18 00:00:00";"2023-02-18 21:45:00";4;9904;20;8;0;<FLG>
V6155020;V615502002;QINnJ;1;"2023-02-19 00:00:00";"2023-02-19 23:30:00";4;9783;20;8;0;<FLG>
V6155020;V615502002;QINnJ;1;"2023-02-20 00:00:00";"2023-02-20 23:15:00";4;9661;20;8;0;<FLG>
V6155020;V615502002;QINnJ;1;"2023-02-21 00:00:00";"2023-02-21 23:30:00";4;9568;20;8;0;<FLG>
V6155020;V615502002;QINnJ;1;"2023-02-22 00:00:00";"2023-02-22 23:59:59";4;9475;20;8;0;<FLG>
V6155020;V615502002;QINnJ;1;"2023-02-23 00:00:00";"2023-02-23 20:45:00";4;9419;20;8;0;<FLG>
V6155020;V615502002;QINnJ;1;"2023-02-24 00:00:00";"2023-02-24 20:15:00";4;9326;20;8;0;<FLG>
V6155020;V615502002;QINnJ;1;"2023-02-25 00:00:00";"2023-02-25 17:15:00";4;9280;20;8;0;<FLG>
V6155020;V615502002;QINnJ;1;"2023-02-26 00:00:00";"2023-02-26 21:00:00";4;9187;20;8;0;<FLG>
V6155020;V615502002;QINnJ;1;"2023-02-27 00:00:00";"2023-02-27 21:30:00";4;9066;20;8;0;<FLG>
V6155020;V615502002;QINnJ;1;"2023-02-28 00:00:00";"2023-02-28 22:30:00";4;8917;20;8;0;<FLG>
V6155020;V615502002;QINnJ;1;"2023-03-01 00:00:00";"2023-03-01 23:59:59";4;8786;20;8;0;<FLG>
V6155020;V615502002;QINnJ;1;"2023-03-02 00:00:00";"2023-03-02 22:00:00";4;8684;20;8;0;<FLG>
V6155020;V615502002;QINnJ;1;"2023-03-03 00:00:00";"2023-03-03 23:15:00";4;8572;20;8;0;<FLG>
V6155020;V615502002;QINnJ;1;"2023-03-04 00:00:00";"2023-03-04 23:15:00";4;8479;20;8;0;<FLG>
V6155020;V615502002;QINnJ;1;"2023-03-05 00:00:00";"2023-03-05 22:00:00";4;8414;20;8;0;<FLG>
V6155020;V615502002;QINnJ;1;"2023-03-06 00:00:00";"2023-03-06 23:00:00";4;8358;20;8;0;<FLG>
V6155020;V615502002;QINnJ;1;"2023-03-07 00:00:00";"2023-03-07 22:15:00";4;8284;20;8;0;<FLG>
V6155020;V615502002;QINnJ;1;"2023-03-08 00:00:00";"2023-03-08 23:45:00";4;8209;20;8;0;<FLG>
V6155020;V615502002;QINnJ;1;"2023-03-09 00:00:00";"2023-03-09 22:45:00";4;8135;20;8;0;<FLG>
V6155020;V615502002;QINnJ;1;"2023-03-10 00:00:00";"2023-03-10 19:45:00";4;8088;20;8;0;<FLG>
V6155020;V615502002;QINnJ;1;"2023-03-11 00:00:00";"2023-03-11 18:45:00";4;8079;20;8;0;<FLG>
V6155020;V615502002;QINnJ;1;"2023-03-12 00:00:00";"2023-03-12 00:30:00";4;8088;20;8;0;<FLG>
V6155020;V615502002;QINnJ;1;"2023-03-13 00:00:00";"2023-03-13 00:00:00";4;8246;20;8;0;<FLG>
V6155020;V615502002;QINnJ;1;"2023-03-14 00:00:00";"2023-03-14 00:15:00";4;8265;20;8;0;<FLG>
V6155020;V615502002;QINnJ;1;"2023-03-15 00:00:00";"2023-03-15 00:00:00";4;8693;20;8;0;<FLG>
V6155020;V615502002;QINnJ;1;"2023-03-16 00:00:00";"2023-03-16 00:00:00";4;9298;20;8;0;<FLG>
V6155020;V615502002;QINnJ;1;"2023-03-17 00:00:00";"2023-03-17 22:30:00";4;9252;20;8;0;<FLG>
V6155020;V615502002;QINnJ;1;"2023-03-18 00:00:00";"2023-03-18 23:45:00";4;9094;20;8;0;<FLG>
V6155020;V615502002;QINnJ;1;"2023-03-19 00:00:00";"2023-03-19 23:59:59";4;8954;20;8;0;<FLG>
V6155020;V615502002;QINnJ;1;"2023-03-20 00:00:00";"2023-03-20 23:59:59";4;8814;20;8;0;<FLG>
V6155020;V615502002;QINnJ;1;"2023-03-21 00:00:00";"2023-03-21 23:45:00";4;8712;20;8;0;<FLG>
V6155020;V615502002;QINnJ;1;"2023-03-22 00:00:00";"2023-03-22 23:15:00";4;8591;20;8;0;<FLG>
V6155020;V615502002;QINnJ;1;"2023-03-23 00:00:00";"2023-03-23 22:45:00";4;8479;20;8;0;<FLG>
V6155020;V615502002;QINnJ;1;"2023-03-24 00:00:00";"2023-03-24 23:45:00";4;8358;20;8;0;<FLG>
V6155020;V615502002;QINnJ;1;"2023-03-25 00:00:00";"2023-03-25 23:15:00";4;8256;20;8;0;<FLG>
V6155020;V615502002;QINnJ;1;"2023-03-26 00:00:00";"2023-03-26 22:45:00";4;8190;20;8;0;<FLG>
V6155020;V615502002;QINnJ;1;"2023-03-27 00:00:00";"2023-03-27 22:15:00";4;8079;20;8;0;<FLG>
V6155020;V615502002;QINnJ;1;"2023-03-28 00:00:00";"2023-03-28 22:00:00";4;7958;20;8;0;<FLG>
V6155020;V615502002;QINnJ;1;"2023-03-29 00:00:00";"2023-03-29 23:30:00";4;7855;20;8;0;<FLG>
V6155020;V615502002;QINnJ;1;"2023-03-30 00:00:00";"2023-03-30 21:15:00";4;7781;20;8;0;<FLG>
V6155020;V615502002;QINnJ;1;"2023-03-31 00:00:00";"2023-03-31 22:15:00";4;7725;20;8;0;<FLG>
V6155020;V615502002;QINnJ;1;"2023-04-01 00:00:00";"2023-04-01 23:15:00";4;7678;20;8;0;<FLG>
V6155020;V615502002;QINnJ;1;"2023-04-02 00:00:00";"2023-04-02 23:30:00";4;7582;20;8;0;<FLG>
V6155020;V615502002;QINnJ;1;"2023-04-03 00:00:00";"2023-04-03 23:59:59";4;7496;20;8;0;<FLG>
V6155020;V615502002;QINnJ;1;"2023-04-04 00:00:00";"2023-04-04 23:00:00";4;7399;20;8;0;<FLG>
V6155020;V615502002;QINnJ;1;"2023-04-05 00:00:00";"2023-04-05 23:45:00";4;7312;20;8;0;<FLG>
V6155020;V615502002;QINnJ;1;"2023-04-06 00:00:00";"2023-04-06 23:00:00";4;7247;20;8;0;<FLG>
V6155020;V615502002;QINnJ;1;"2023-04-07 00:00:00";"2023-04-07 23:30:00";4;7161;20;8;0;<FLG>
V6155020;V615502002;QINnJ;1;"2023-04-08 00:00:00";"2023-04-08 23:15:00";4;7096;20;8;0;<FLG>
V6155020;V615502002;QINnJ;1;"2023-04-09 00:00:00";"2023-04-09 23:15:00";4;6998;20;8;0;<FLG>
V6155020;V615502002;QINnJ;1;"2023-04-10 00:00:00";"2023-04-10 22:15:00";4;6912;20;8;0;<FLG>
V6155020;V615502002;QINnJ;1;"2023-04-11 00:00:00";"2023-04-11 17:30:00";4;6879;20;8;0;<FLG>
V6155020;V615502002;QINnJ;1;"2023-04-12 00:00:00";"2023-04-12 19:15:00";4;6847;20;8;0;<FLG>
V6155020;V615502002;QINnJ;1;"2023-04-13 00:00:00";"2023-04-13 21:15:00";4;6804;20;8;0;<FLG>
V6155020;V615502002;QINnJ;1;"2023-04-14 00:00:00";"2023-04-14 23:30:00";4;6761;20;8;0;<FLG>
V6155020;V615502002;QINnJ;1;"2023-04-15 00:00:00";"2023-04-15 21:00:00";4;6696;20;8;0;<FLG>
V6155020;V615502002;QINnJ;1;"2023-04-16 00:00:00";"2023-04-16 23:59:59";4;6631;20;8;0;<FLG>
V6155020;V615502002;QINnJ;1;"2023-04-17 00:00:00";"2023-04-17 23:30:00";4;6566;20;8;0;<FLG>
V6155020;V615502002;QINnJ;1;"2023-04-18 00:00:00";"2023-04-18 22:45:00";4;6501;20;8;0;<FLG>
V6155020;V615502002;QINnJ;1;"2023-04-19 00:00:00";"2023-04-19 21:30:00";4;6479;20;8;0;<FLG>
V6155020;V615502002;QINnJ;1;"2023-04-20 00:00:00";"2023-04-20 23:59:59";4;6458;20;8;0;<FLG>
V6155020;V615502002;QINnJ;1;"2023-04-21 00:00:00";"2023-04-21 21:00:00";4;6425;20;8;0;<FLG>
V6155020;V615502002;QINnJ;1;"2023-04-22 00:00:00";"2023-04-22 21:15:00";4;6360;20;8;0;<FLG>
V6155020;V615502002;QINnJ;1;"2023-04-23 00:00:00";"2023-04-23 17:15:00";4;6306;20;8;0;<FLG>
V6155020;V615502002;QINnJ;1;"2023-04-24 00:00:00";"2023-04-24 09:00:00";4;6306;20;8;0;<FLG>
V6155020;V615502002;QINnJ;1;"2023-04-25 00:00:00";"2023-04-25 15:30:00";4;6317;20;8;0;<FLG>
V6155020;V615502002;QINnJ;1;"2023-04-26 00:00:00";"2023-04-26 20:15:00";4;6263;20;8;0;<FLG>
V6155020;V615502002;QINnJ;1;"2023-04-27 00:00:00";"2023-04-27 20:30:00";4;6198;20;8;0;<FLG>
V6155020;V615502002;QINnJ;1;"2023-04-28 00:00:00";"2023-04-28 20:45:00";4;6155;20;8;0;<FLG>
V6155020;V615502002;QINnJ;1;"2023-04-29 00:00:00";"2023-04-29 21:30:00";4;6133;20;8;0;<FLG>
V6155020;V615502002;QINnJ;1;"2023-04-30 00:00:00";"2023-04-30 09:45:00";4;6112;20;8;0;<FLG>
V6155020;V615502002;QINnJ;1;"2023-05-01 00:00:00";"2023-05-01 00:00:00";4;6133;20;8;0;<FLG>
V6155020;V615502002;QINnJ;1;"2023-05-02 00:00:00";"2023-05-02 00:00:00";4;6317;20;8;0;<FLG>
V6155020;V615502002;QINnJ;1;"2023-05-03 00:00:00";"2023-05-03 22:00:00";4;6285;20;8;0;<FLG>
V6155020;V615502002;QINnJ;1;"2023-05-04 00:00:00";"2023-05-04 22:30:00";4;6220;20;8;0;<FLG>
V6155020;V615502002;QINnJ;1;"2023-05-05 00:00:00";"2023-05-05 22:15:00";4;6166;20;8;0;<FLG>
V6155020;V615502002;QINnJ;1;"2023-05-06 00:00:00";"2023-05-06 23:00:00";4;6122;20;8;0;<FLG>
V6155020;V615502002;QINnJ;1;"2023-05-07 00:00:00";"2023-05-07 16:30:00";4;6079;20;8;0;<FLG>
V6155020;V615502002;QINnJ;1;"2023-05-08 00:00:00";"2023-05-08 14:45:00";4;6025;20;8;0;<FLG>
V6155020;V615502002;QINnJ;1;"2023-05-09 00:00:00";"2023-05-09 16:30:00";4;5970;20;8;0;<FLG>
V6155020;V615502002;QINnJ;1;"2023-05-10 00:00:00";"2023-05-10 12:00:00";4;5947;20;8;0;<FLG>
V6155020;V615502002;QINnJ;1;"2023-05-11 00:00:00";"2023-05-11 17:15:00";4;5925;20;8;0;<FLG>
V6155020;V615502002;QINnJ;1;"2023-05-12 00:00:00";"2023-05-12 19:00:00";4;5870;20;8;0;<FLG>
V6155020;V615502002;QINnJ;1;"2023-05-13 00:00:00";"2023-05-13 20:45:00";4;5826;20;8;0;<FLG>
V6155020;V615502002;QINnJ;1;"2023-05-14 00:00:00";"2023-05-14 00:00:00";4;5837;20;8;0;<FLG>
V6155020;V615502002;QINnJ;1;"2023-05-15 00:00:00";"2023-05-15 00:00:00";4;5837;20;8;0;<FLG>
V6155020;V615502002;QINnJ;1;"2023-05-16 00:00:00";"2023-05-16 20:45:00";4;5804;20;8;0;<FLG>
V6155020;V615502002;QINnJ;1;"2023-05-17 00:00:00";"2023-05-17 21:15:00";4;5749;20;8;0;<FLG>
V6155020;V615502002;QINnJ;1;"2023-05-18 00:00:00";"2023-05-18 22:15:00";4;5683;20;8;0;<FLG>
V6155020;V615502002;QINnJ;1;"2023-05-19 00:00:00";"2023-05-19 00:00:00";4;5694;20;8;0;<FLG>
V6155020;V615502002;QINnJ;1;"2023-05-20 00:00:00";"2023-05-20 00:00:00";4;6231;20;8;0;<FLG>
V6155020;V615502002;QINnJ;1;"2023-05-21 00:00:00";"2023-05-21 00:00:00";4;6804;20;8;0;<FLG>
V6155020;V615502002;QINnJ;1;"2023-05-22 00:00:00";"2023-05-22 00:00:00";4;7107;20;8;0;<FLG>
V6155020;V615502002;QINnJ;1;"2023-05-23 00:00:00";"2023-05-23 00:00:00";4;7182;20;8;0;<FLG>
V6155020;V615502002;QINnJ;1;"2023-05-24 00:00:00";"2023-05-24 00:00:00";4;7442;20;8;0;<FLG>
V6155020;V615502002;QINnJ;1;"2023-05-25 00:00:00";"2023-05-25 00:00:00";4;7939;20;8;0;<FLG>
V6155020;V615502002;QINnJ;1;"2023-05-26 00:00:00";"2023-05-26 00:00:00";4;11524;20;8;0;<FLG>
V6155020;V615502002;QINnJ;1;"2023-05-27 00:00:00";"2023-05-27 00:00:00";4;14086;20;8;0;<FLG>
V6155020;V615502002;QINnJ;1;"2023-05-28 00:00:00";"2023-05-28 23:59:59";4;13640;20;8;0;<FLG>
V6155020;V615502002;QINnJ;1;"2023-05-29 00:00:00";"2023-05-29 00:00:00";4;13640;20;8;0;<FLG>
V6155020;V615502002;QINnJ;1;"2023-05-30 00:00:00";"2023-05-30 00:00:00";4;14333;20;8;0;<FLG>
V6155020;V615502002;QINnJ;1;"2023-05-31 00:00:00";"2023-05-31 15:45:00";4;14546;20;8;0;<FLG>
V6155020;V615502002;QINnJ;1;"2023-06-01 00:00:00";"2023-06-01 23:59:59";4;14346;20;8;0;<FLG>
V6155020;V615502002;QINnJ;1;"2023-06-02 00:00:00";"2023-06-02 23:15:00";4;14146;20;8;0;<FLG>
V6155020;V615502002;QINnJ;1;"2023-06-03 00:00:00";"2023-06-03 00:15:00";4;14153;20;8;0;<FLG>
V6155020;V615502002;QINnJ;1;"2023-06-04 00:00:00";"2023-06-04 00:00:00";4;14599;20;8;0;<FLG>
V6155020;V615502002;QINnJ;1;"2023-06-05 00:00:00";"2023-06-05 00:00:00";4;15531;20;8;0;<FLG>
V6155020;V615502002;QINnJ;1;"2023-06-06 00:00:00";"2023-06-06 00:00:00";4;16960;20;8;0;<FLG>
V6155020;V615502002;QINnJ;1;"2023-06-07 00:00:00";"2023-06-07 00:00:00";4;19482;20;8;0;<FLG>
V6155020;V615502002;QINnJ;1;"2023-06-08 00:00:00";"2023-06-08 00:00:00";4;20584;20;8;0;<FLG>
V6155020;V615502002;QINnJ;1;"2023-06-09 00:00:00";"2023-06-09 23:59:59";4;19775;20;8;0;<FLG>
V6155020;V615502002;QINnJ;1;"2023-06-10 00:00:00";"2023-06-10 23:45:00";4;19040;20;8;0;<FLG>
V6155020;V615502002;QINnJ;1;"2023-06-11 00:00:00";"2023-06-11 23:59:59";4;18235;20;8;0;<FLG>
V6155020;V615502002;QINnJ;1;"2023-06-12 00:00:00";"2023-06-12 15:45:00";4;18065;20;8;0;<FLG>
V6155020;V615502002;QINnJ;1;"2023-06-13 00:00:00";"2023-06-13 00:00:00";4;18466;20;8;0;<FLG>
V6155020;V615502002;QINnJ;1;"2023-06-14 00:00:00";"2023-06-14 00:00:00";4;20624;20;8;0;<FLG>
V6155020;V615502002;QINnJ;1;"2023-06-15 00:00:00";"2023-06-15 00:00:00";4;28633;20;8;0;<FLG>
V6155020;V615502002;QINnJ;1;"2023-06-16 00:00:00";"2023-06-16 23:00:00";4;27849;20;8;0;<FLG>
V6155020;V615502002;QINnJ;1;"2023-06-17 00:00:00";"2023-06-17 23:30:00";4;24890;20;8;0;<FLG>
V6155020;V615502002;QINnJ;1;"2023-06-18 00:00:00";"2023-06-18 23:30:00";4;22148;20;8;0;<FLG>
V6155020;V615502002;QINnJ;1;"2023-06-19 00:00:00";"2023-06-19 23:30:00";4;21027;20;8;0;<FLG>
V6155020;V615502002;QINnJ;1;"2023-06-20 00:00:00";"2023-06-20 23:59:59";4;20302;20;8;0;<FLG>
V6155020;V615502002;QINnJ;1;"2023-06-21 00:00:00";"2023-06-21 23:59:59";4;19522;20;8;0;<FLG>
V6155020;V615502002;QINnJ;1;"2023-06-22 00:00:00";"2023-06-22 23:59:59";4;19010;20;8;0;<FLG>
V6155020;V615502002;QINnJ;1;"2023-06-23 00:00:00";"2023-06-23 23:59:59";4;18494;20;8;0;<FLG>
V6155020;V615502002;QINnJ;1;"2023-06-24 00:00:00";"2023-06-24 23:59:59";4;18013;20;8;0;<FLG>
V6155020;V615502002;QINnJ;1;"2023-06-25 00:00:00";"2023-06-25 23:59:59";4;17569;20;8;0;<FLG>
V6155020;V615502002;QINnJ;1;"2023-06-26 00:00:00";"2023-06-26 23:59:59";4;17130;20;8;0;<FLG>
V6155020;V615502002;QINnJ;1;"2023-06-27 00:00:00";"2023-06-27 23:59:59";4;16679;20;8;0;<FLG>
V6155020;V615502002;QINnJ;1;"2023-06-28 00:00:00";"2023-06-28 23:59:59";4;16238;20;8;0;<FLG>
V6155020;V615502002;QINnJ;1;"2023-06-29 00:00:00";"2023-06-29 23:59:59";4;15839;20;8;0;<FLG>
V6155020;V615502002;QINnJ;1;"2023-06-30 00:00:00";"2023-06-30 23:30:00";4;15526;20;8;0;<FLG>
V6155020;V615502002;QINnJ;1;"2023-07-01 00:00:00";"2023-07-01 23:59:59";4;15223;20;8;0;<FLG>
V6155020;V615502002;QINnJ;1;"2023-07-02 00:00:00";"2023-07-02 23:45:00";4;14913;20;8;0;<FLG>
V6155020;V615502002;QINnJ;1;"2023-07-03 00:00:00";"2023-07-03 23:59:59";4;14526;20;8;0;<FLG>
V6155020;V615502002;QINnJ;1;"2023-07-04 00:00:00";"2023-07-04 23:59:59";4;14120;20;8;0;<FLG>
V6155020;V615502002;QINnJ;1;"2023-07-05 00:00:00";"2023-07-05 23:59:59";4;13773;20;8;0;<FLG>
V6155020;V615502002;QINnJ;1;"2023-07-06 00:00:00";"2023-07-06 23:59:59";4;13426;20;8;0;<FLG>
V6155020;V615502002;QINnJ;1;"2023-07-07 00:00:00";"2023-07-07 23:59:59";4;13113;20;8;0;<FLG>
V6155020;V615502002;QINnJ;1;"2023-07-08 00:00:00";"2023-07-08 23:59:59";4;12780;20;8;0;<FLG>
V6155020;V615502002;QINnJ;1;"2023-07-09 00:00:00";"2023-07-09 23:45:00";4;12378;20;8;0;<FLG>
V6155020;V615502002;QINnJ;1;"2023-07-10 00:00:00";"2023-07-10 23:59:59";4;12161;20;8;0;<FLG>
V6155020;V615502002;QINnJ;1;"2023-07-11 00:00:00";"2023-07-11 23:45:00";4;11758;20;8;0;<FLG>
V6155020;V615502002;QINnJ;1;"2023-07-12 00:00:00";"2023-07-12 23:30:00";4;11516;20;8;0;<FLG>
V6155020;V615502002;QINnJ;1;"2023-07-13 00:00:00";"2023-07-13 23:59:59";4;11412;20;8;0;<FLG>
V6155020;V615502002;QINnJ;1;"2023-07-14 00:00:00";"2023-07-14 23:59:59";4;11162;20;8;0;<FLG>
V6155020;V615502002;QINnJ;1;"2023-07-15 00:00:00";"2023-07-15 23:30:00";4;10953;20;8;0;<FLG>
V6155020;V615502002;QINnJ;1;"2023-07-16 00:00:00";"2023-07-16 23:15:00";4;10711;20;8;0;<FLG>
V6155020;V615502002;QINnJ;1;"2023-07-17 00:00:00";"2023-07-17 23:30:00";4;10429;20;8;0;<FLG>
V6155020;V615502002;QINnJ;1;"2023-07-18 00:00:00";"2023-07-18 23:45:00";4;10252;20;8;0;<FLG>
V6155020;V615502002;QINnJ;1;"2023-07-19 00:00:00";"2023-07-19 23:30:00";4;10015;20;8;0;<FLG>
V6155020;V615502002;QINnJ;1;"2023-07-20 00:00:00";"2023-07-20 23:45:00";4;9820;20;8;0;<FLG>
V6155020;V615502002;QINnJ;1;"2023-07-21 00:00:00";"2023-07-21 23:45:00";4;9634;20;8;0;<FLG>
V6155020;V615502002;QINnJ;1;"2023-07-22 00:00:00";"2023-07-22 22:00:00";4;9447;20;8;0;<FLG>
V6155020;V615502002;QINnJ;1;"2023-07-23 00:00:00";"2023-07-23 22:45:00";4;9280;20;8;0;<FLG>
V6155020;V615502002;QINnJ;1;"2023-07-24 00:00:00";"2023-07-24 22:45:00";4;9131;20;8;0;<FLG>
V6155020;V615502002;QINnJ;1;"2023-07-25 00:00:00";"2023-07-25 23:30:00";4;8973;20;8;0;<FLG>
V6155020;V615502002;QINnJ;1;"2023-07-26 00:00:00";"2023-07-26 23:45:00";8;8814;20;8;0;<FLG>
V6155020;V615502002;QINnJ;1;"2023-07-27 00:00:00";"2023-07-27 23:59:59";8;8675;20;8;0;<FLG>
V6155020;V615502002;QINnJ;1;"2023-07-28 00:00:00";"2023-07-28 23:59:59";8;8554;20;8;0;<FLG>
V6155020;V615502002;QINnJ;1;"2023-07-29 00:00:00";"2023-07-29 22:45:00";8;8423;20;8;0;<FLG>
V6155020;V615502002;QINnJ;1;"2023-07-30 00:00:00";"2023-07-30 23:00:00";8;8293;20;8;0;<FLG>
V6155020;V615502002;QINnJ;1;"2023-07-31 00:00:00";"2023-07-31 22:30:00";8;8190;20;8;0;<FLG>
V6155020;V615502002;QINnJ;1;"2023-08-01 00:00:00";"2023-08-01 23:15:00";8;8088;20;8;0;<FLG>
V6155020;V615502002;QINnJ;1;"2023-08-02 00:00:00";"2023-08-02 23:30:00";8;7986;20;8;0;<FLG>
V6155020;V615502002;QINnJ;1;"2023-08-03 00:00:00";"2023-08-03 23:59:59";8;7874;20;8;0;<FLG>
V6155020;V615502002;QINnJ;1;"2023-08-04 00:00:00";"2023-08-04 22:30:00";8;7781;20;8;0;<FLG>
V6155020;V615502002;QINnJ;1;"2023-08-05 00:00:00";"2023-08-05 23:30:00";8;7678;20;8;0;<FLG>
V6155020;V615502002;QINnJ;1;"2023-08-06 00:00:00";"2023-08-06 23:59:59";8;7561;20;8;0;<FLG>
V6155020;V615502002;QINnJ;1;"2023-08-07 00:00:00";"2023-08-07 18:45:00";8;7463;20;8;0;<FLG>
V6155020;V615502002;QINnJ;1;"2023-08-08 00:00:00";"2023-08-08 23:30:00";8;7344;20;8;0;<FLG>
V6155020;V615502002;QINnJ;1;"2023-08-09 00:00:00";"2023-08-09 23:45:00";8;7236;20;8;0;<FLG>
V6155020;V615502002;QINnJ;1;"2023-08-10 00:00:00";"2023-08-10 21:45:00";8;7139;20;8;0;<FLG>
V6155020;V615502002;QINnJ;1;"2023-08-11 00:00:00";"2023-08-11 21:30:00";8;7042;20;8;0;<FLG>
V6155020;V615502002;QINnJ;1;"2023-08-12 00:00:00";"2023-08-12 23:45:00";8;6955;20;8;0;<FLG>
V6155020;V615502002;QINnJ;1;"2023-08-13 00:00:00";"2023-08-13 21:30:00";8;6879;20;8;0;<FLG>
V6155020;V615502002;QINnJ;1;"2023-08-14 00:00:00";"2023-08-14 20:30:00";8;6825;20;8;0;<FLG>
V6155020;V615502002;QINnJ;1;"2023-08-15 00:00:00";"2023-08-15 23:15:00";8;6728;20;8;0;<FLG>
V6155020;V615502002;QINnJ;1;"2023-08-16 00:00:00";"2023-08-16 16:15:00";8;6685;20;8;0;<FLG>
V6155020;V615502002;QINnJ;1;"2023-08-17 00:00:00";"2023-08-17 23:45:00";8;6587;20;8;0;<FLG>
V6155020;V615502002;QINnJ;1;"2023-08-18 00:00:00";"2023-08-18 23:15:00";8;6555;20;8;0;<FLG>
V6155020;V615502002;QINnJ;1;"2023-08-19 00:00:00";"2023-08-19 23:30:00";8;6447;20;8;0;<FLG>
V6155020;V615502002;QINnJ;1;"2023-08-20 00:00:00";"2023-08-20 23:45:00";8;6393;20;8;0;<FLG>
V6155020;V615502002;QINnJ;1;"2023-08-21 00:00:00";"2023-08-21 11:15:00";8;6350;20;8;0;<FLG>
V6155020;V615502002;QINnJ;1;"2023-08-22 00:00:00";"2023-08-22 21:15:00";8;6274;20;8;0;<FLG>
V6155020;V615502002;QINnJ;1;"2023-08-23 00:00:00";"2023-08-23 22:45:00";8;6241;20;8;0;<FLG>
V6155020;V615502002;QINnJ;1;"2023-08-24 00:00:00";"2023-08-24 22:00:00";4;6155;20;8;0;<FLG>
V6155020;V615502002;QINnJ;1;"2023-08-25 00:00:00";"2023-08-25 20:15:00";4;6133;20;8;0;<FLG>
V6155020;V615502002;QINnJ;1;"2023-08-26 00:00:00";"2023-08-26 09:15:00";4;6079;20;8;0;<FLG>
V6155020;V615502002;QINnJ;1;"2023-08-27 00:00:00";"2023-08-27 02:30:00";4;6079;20;8;0;<FLG>
V6155020;V615502002;QINnJ;1;"2023-08-28 00:00:00";"2023-08-28 10:45:00";4;6112;20;8;0;<FLG>
V6155020;V615502002;QINnJ;1;"2023-08-29 00:00:00";"2023-08-29 23:15:00";4;6122;20;8;0;<FLG>
V6155020;V615502002;QINnJ;1;"2023-08-30 00:00:00";"2023-08-30 23:00:00";4;6068;20;8;0;<FLG>
V6155020;V615502002;QINnJ;1;"2023-08-31 00:00:00";"2023-08-31 23:15:00";4;5936;20;8;0;<FLG>
V6155020;V615502002;QINnJ;1;"2023-09-01 00:00:00";"2023-09-01 23:00:00";4;5870;20;8;0;<FLG>
V6155020;V615502002;QINnJ;1;"2023-09-02 00:00:00";"2023-09-02 23:30:00";4;5804;20;8;0;<FLG>
V6155020;V615502002;QINnJ;1;"2023-09-03 00:00:00";"2023-09-03 23:59:59";4;5727;20;8;0;<FLG>
V6155020;V615502002;QINnJ;1;"2023-09-04 00:00:00";"2023-09-04 23:00:00";4;5705;20;8;0;<FLG>
V6155020;V615502002;QINnJ;1;"2023-09-05 00:00:00";"2023-09-05 21:45:00";4;5661;20;8;0;<FLG>
V6155020;V615502002;QINnJ;1;"2023-09-06 00:00:00";"2023-09-06 22:15:00";4;5606;20;8;0;<FLG>
V6155020;V615502002;QINnJ;1;"2023-09-07 00:00:00";"2023-09-07 23:30:00";4;5584;20;8;0;<FLG>
V6155020;V615502002;QINnJ;1;"2023-09-08 00:00:00";"2023-09-08 10:45:00";4;5528;20;8;0;<FLG>
V6155020;V615502002;QINnJ;1;"2023-09-09 00:00:00";"2023-09-09 19:30:00";4;5495;20;8;0;<FLG>
V6155020;V615502002;QINnJ;1;"2023-09-10 00:00:00";"2023-09-10 09:15:00";4;5451;20;8;0;<FLG>
V6155020;V615502002;QINnJ;1;"2023-09-11 00:00:00";"2023-09-11 23:45:00";4;5407;20;8;0;<FLG>
V6155020;V615502002;QINnJ;1;"2023-09-12 00:00:00";"2023-09-12 22:45:00";4;5385;20;8;0;<FLG>
V6155020;V615502002;QINnJ;1;"2023-09-13 00:00:00";"2023-09-13 09:30:00";4;5341;20;8;0;<FLG>
V6155020;V615502002;QINnJ;1;"2023-09-14 00:00:00";"2023-09-14 22:45:00";4;5319;20;8;0;<FLG>
V6155020;V615502002;QINnJ;1;"2023-09-15 00:00:00";"2023-09-15 23:15:00";4;5308;20;8;0;<FLG>
V6155020;V615502002;QINnJ;1;"2023-09-16 00:00:00";"2023-09-16 20:00:00";4;5253;20;8;0;<FLG>
V6155020;V615502002;QINnJ;1;"2023-09-17 00:00:00";"2023-09-17 23:15:00";4;5242;20;8;0;<FLG>
V6155020;V615502002;QINnJ;1;"2023-09-18 00:00:00";"2023-09-18 21:30:00";4;5209;20;8;0;<FLG>
V6155020;V615502002;QINnJ;1;"2023-09-19 00:00:00";"2023-09-19 00:00:00";4;5209;20;8;0;<FLG>
V6155020;V615502002;QINnJ;1;"2023-09-20 00:00:00";"2023-09-20 01:00:00";4;5297;20;8;0;<FLG>
V6155020;V615502002;QINnJ;1;"2023-09-21 00:00:00";"2023-09-21 05:30:00";4;5286;20;8;0;<FLG>
V6155020;V615502002;QINnJ;1;"2023-09-22 00:00:00";"2023-09-22 00:00:00";4;5650;20;8;0;<FLG>
V6155020;V615502002;QINnJ;1;"2023-09-23 00:00:00";"2023-09-23 22:45:00";4;6274;20;8;0;<FLG>
V6155020;V615502002;QINnJ;1;"2023-09-24 00:00:00";"2023-09-24 23:15:00";4;5947;20;8;0;<FLG>
V6155020;V615502002;QINnJ;1;"2023-09-25 00:00:00";"2023-09-25 23:45:00";4;5661;20;8;0;<FLG>
V6155020;V615502002;QINnJ;1;"2023-09-26 00:00:00";"2023-09-26 22:00:00";4;5473;20;8;0;<FLG>
V6155020;V615502002;QINnJ;1;"2023-09-27 00:00:00";"2023-09-27 22:45:00";4;5352;20;8;0;<FLG>
V6155020;V615502002;QINnJ;1;"2023-09-28 00:00:00";"2023-09-28 21:15:00";4;5253;20;8;0;<FLG>
V6155020;V615502002;QINnJ;1;"2023-09-29 00:00:00";"2023-09-29 22:45:00";4;5187;20;8;0;<FLG>
V6155020;V615502002;QINnJ;1;"2023-09-30 00:00:00";"2023-09-30 23:30:00";4;5087;20;8;0;<FLG>
V6155020;V615502002;QINnJ;1;"2023-10-01 00:00:00";"2023-10-01 23:45:00";4;5054;20;8;0;<FLG>
V6155020;V615502002;QINnJ;1;"2023-10-02 00:00:00";"2023-10-02 23:59:59";4;4977;20;8;0;<FLG>
V6155020;V615502002;QINnJ;1;"2023-10-03 00:00:00";"2023-10-03 22:45:00";4;4944;20;8;0;<FLG>
V6155020;V615502002;QINnJ;1;"2023-10-04 00:00:00";"2023-10-04 22:15:00";4;4900;20;8;0;<FLG>
V6155020;V615502002;QINnJ;1;"2023-10-05 00:00:00";"2023-10-05 23:45:00";4;4889;20;8;0;<FLG>
V6155020;V615502002;QINnJ;1;"2023-10-06 00:00:00";"2023-10-06 23:45:00";4;4823;20;8;0;<FLG>
V6155020;V615502002;QINnJ;1;"2023-10-07 00:00:00";"2023-10-07 23:45:00";4;4790;20;8;0;<FLG>
V6155020;V615502002;QINnJ;1;"2023-10-08 00:00:00";"2023-10-08 08:30:00";4;4779;20;8;0;<FLG>
V6155020;V615502002;QINnJ;1;"2023-10-09 00:00:00";"2023-10-09 20:45:00";4;4734;20;8;0;<FLG>
V6155020;V615502002;QINnJ;1;"2023-10-10 00:00:00";"2023-10-10 21:15:00";4;4701;20;8;0;<FLG>
V6155020;V615502002;QINnJ;1;"2023-10-11 00:00:00";"2023-10-11 10:00:00";4;4679;20;8;0;<FLG>
V6155020;V615502002;QINnJ;1;"2023-10-12 00:00:00";"2023-10-12 23:15:00";4;4657;20;8;0;<FLG>
V6155020;V615502002;QINnJ;1;"2023-10-13 00:00:00";"2023-10-13 23:15:00";4;4613;20;8;0;<FLG>
V6155020;V615502002;QINnJ;1;"2023-10-14 00:00:00";"2023-10-14 22:15:00";4;4602;20;8;0;<FLG>
V6155020;V615502002;QINnJ;1;"2023-10-15 00:00:00";"2023-10-15 00:00:00";4;4613;20;8;0;<FLG>
V6155020;V615502002;QINnJ;1;"2023-10-16 00:00:00";"2023-10-16 22:45:00";4;4569;20;8;0;<FLG>
V6155020;V615502002;QINnJ;1;"2023-10-17 00:00:00";"2023-10-17 23:45:00";4;4547;20;8;0;<FLG>
V6155020;V615502002;QINnJ;1;"2023-10-18 00:00:00";"2023-10-18 00:00:00";4;4547;20;8;0;<FLG>
V6155020;V615502002;QINnJ;1;"2023-10-19 00:00:00";"2023-10-19 01:30:00";4;4591;20;8;0;<FLG>
V6155020;V615502002;QINnJ;1;"2023-10-20 00:00:00";"2023-10-20 00:45:00";4;4613;20;8;0;<FLG>
V6155020;V615502002;QINnJ;1;"2023-10-21 00:00:00";"2023-10-21 00:00:00";4;7096;20;8;0;<FLG>
V6155020;V615502002;QINnJ;1;"2023-10-22 00:00:00";"2023-10-22 23:45:00";4;7355;20;8;0;<FLG>
V6155020;V615502002;QINnJ;1;"2023-10-23 00:00:00";"2023-10-23 23:45:00";4;6782;20;8;0;<FLG>
V6155020;V615502002;QINnJ;1;"2023-10-24 00:00:00";"2023-10-24 12:30:00";4;6587;20;8;0;<FLG>
V6155020;V615502002;QINnJ;1;"2023-10-25 00:00:00";"2023-10-25 00:00:00";4;7074;20;8;0;<FLG>
V6155020;V615502002;QINnJ;1;"2023-10-26 00:00:00";"2023-10-26 23:59:59";4;8600;20;8;0;<FLG>
V6155020;V615502002;QINnJ;1;"2023-10-27 00:00:00";"2023-10-27 19:15:00";4;8367;20;8;0;<FLG>
V6155020;V615502002;QINnJ;1;"2023-10-28 00:00:00";"2023-10-28 23:30:00";4;8311;20;8;0;<FLG>
V6155020;V615502002;QINnJ;1;"2023-10-29 00:00:00";"2023-10-29 23:59:59";4;7967;20;8;0;<FLG>
V6155020;V615502002;QINnJ;1;"2023-10-30 00:00:00";"2023-10-30 16:00:00";4;7762;20;8;0;<FLG>
V6155020;V615502002;QINnJ;1;"2023-10-31 00:00:00";"2023-10-31 00:00:00";4;8172;20;8;0;<FLG>
V6155020;V615502002;QINnJ;1;"2023-11-01 00:00:00";"2023-11-01 00:00:00";4;12523;20;8;0;<FLG>
V6155020;V615502002;QINnJ;1;"2023-11-02 00:00:00";"2023-11-02 15:15:00";4;12531;20;8;0;<FLG>
V6155020;V615502002;QINnJ;1;"2023-11-03 00:00:00";"2023-11-03 00:00:00";4;12700;20;8;0;<FLG>
V6155020;V615502002;QINnJ;1;"2023-11-04 00:00:00";"2023-11-04 00:00:00";4;14846;20;8;0;<FLG>
V6155020;V615502002;QINnJ;1;"2023-11-05 00:00:00";"2023-11-05 00:00:00";4;15621;20;8;0;<FLG>
V6155020;V615502002;QINnJ;1;"2023-11-06 00:00:00";"2023-11-06 00:00:00";4;16918;20;8;0;<FLG>
V6155020;V615502002;QINnJ;1;"2023-11-07 00:00:00";"2023-11-07 23:59:59";4;16505;20;8;0;<FLG>
V6155020;V615502002;QINnJ;1;"2023-11-08 00:00:00";"2023-11-08 23:59:59";4;15986;20;8;0;<FLG>
V6155020;V615502002;QINnJ;1;"2023-11-09 00:00:00";"2023-11-09 23:59:59";4;15467;20;8;0;<FLG>
V6155020;V615502002;QINnJ;1;"2023-11-10 00:00:00";"2023-11-10 01:30:00";4;15451;20;8;0;<FLG>
V6155020;V615502002;QINnJ;1;"2023-11-11 00:00:00";"2023-11-11 00:00:00";4;15823;20;8;0;<FLG>
V6155020;V615502002;QINnJ;1;"2023-11-12 00:00:00";"2023-11-12 23:59:59";4;16509;20;8;0;<FLG>
V6155020;V615502002;QINnJ;1;"2023-11-13 00:00:00";"2023-11-13 23:59:59";4;16126;20;8;0;<FLG>
V6155020;V615502002;QINnJ;1;"2023-11-14 00:00:00";"2023-11-14 23:59:59";4;15717;20;8;0;<FLG>
V6155020;V615502002;QINnJ;1;"2023-11-15 00:00:00";"2023-11-15 23:59:59";4;15191;20;8;0;<FLG>
V6155020;V615502002;QINnJ;1;"2023-11-16 00:00:00";"2023-11-16 23:59:59";4;14646;20;8;0;<FLG>
V6155020;V615502002;QINnJ;1;"2023-11-17 00:00:00";"2023-11-17 23:59:59";4;14020;20;8;0;<FLG>
V6155020;V615502002;QINnJ;1;"2023-11-18 00:00:00";"2023-11-18 23:59:59";4;13366;20;8;0;<FLG>
V6155020;V615502002;QINnJ;1;"2023-11-19 00:00:00";"2023-11-19 23:59:59";4;12833;20;8;0;<FLG>
V6155020;V615502002;QINnJ;1;"2023-11-20 00:00:00";"2023-11-20 23:59:59";4;12314;20;8;0;<FLG>
V6155020;V615502002;QINnJ;1;"2023-11-21 00:00:00";"2023-11-21 23:45:00";4;11806;20;8;0;<FLG>
V6155020;V615502002;QINnJ;1;"2023-11-22 00:00:00";"2023-11-22 23:15:00";4;11331;20;8;0;<FLG>
V6155020;V615502002;QINnJ;1;"2023-11-23 00:00:00";"2023-11-23 23:45:00";4;10921;20;8;0;<FLG>
V6155020;V615502002;QINnJ;1;"2023-11-24 00:00:00";"2023-11-24 22:45:00";4;10598;20;8;0;<FLG>
V6155020;V615502002;QINnJ;1;"2023-11-25 00:00:00";"2023-11-25 23:00:00";4;10284;20;8;0;<FLG>
V6155020;V615502002;QINnJ;1;"2023-11-26 00:00:00";"2023-11-26 23:45:00";4;9969;20;8;0;<FLG>
V6155020;V615502002;QINnJ;1;"2023-11-27 00:00:00";"2023-11-27 23:45:00";4;9689;20;8;0;<FLG>
V6155020;V615502002;QINnJ;1;"2023-11-28 00:00:00";"2023-11-28 23:45:00";4;9438;20;8;0;<FLG>
V6155020;V615502002;QINnJ;1;"2023-11-29 00:00:00";"2023-11-29 23:45:00";4;9205;20;8;0;<FLG>
V6155020;V615502002;QINnJ;1;"2023-11-30 00:00:00";"2023-11-30 22:15:00";4;9066;20;8;0;<FLG>
V6155020;V615502002;QINnJ;1;"2023-12-01 00:00:00";"2023-12-01 00:00:00";4;9066;20;8;0;<FLG>
V6155020;V615502002;QINnJ;1;"2023-12-02 00:00:00";"2023-12-02 00:00:00";4;9876;20;8;0;<FLG>
V6155020;V615502002;QINnJ;1;"2023-12-03 00:00:00";"2023-12-03 00:00:00";4;14113;20;8;0;<FLG>
V6155020;V615502002;QINnJ;1;"2023-12-04 00:00:00";"2023-12-04 00:00:00";4;15488;20;8;0;<FLG>
V6155020;V615502002;QINnJ;1;"2023-12-05 00:00:00";"2023-12-05 00:00:00";4;15754;20;8;0;<FLG>
V6155020;V615502002;QINnJ;1;"2023-12-06 00:00:00";"2023-12-06 00:00:00";4;15929;20;8;0;<FLG>
V6155020;V615502002;QINnJ;1;"2023-12-07 00:00:00";"2023-12-07 23:30:00";4;16004;20;8;0;<FLG>
V6155020;V615502002;QINnJ;1;"2023-12-08 00:00:00";"2023-12-08 06:45:00";4;15945;20;8;0;<FLG>
V6155020;V615502002;QINnJ;1;"2023-12-09 00:00:00";"2023-12-09 00:00:00";4;19176;20;8;0;<FLG>
V6155020;V615502002;QINnJ;1;"2023-12-10 00:00:00";"2023-12-10 00:00:00";4;23817;20;8;0;<FLG>
V6155020;V615502002;QINnJ;1;"2023-12-11 00:00:00";"2023-12-11 22:45:00";4;23221;20;8;0;<FLG>
V6155020;V615502002;QINnJ;1;"2023-12-12 00:00:00";"2023-12-12 20:30:00";4;22744;20;8;0;<FLG>
V6155020;V615502002;QINnJ;1;"2023-12-13 00:00:00";"2023-12-13 23:30:00";4;21559;20;8;0;<FLG>
V6155020;V615502002;QINnJ;1;"2023-12-14 00:00:00";"2023-12-14 23:15:00";4;20997;20;8;0;<FLG>
V6155020;V615502002;QINnJ;1;"2023-12-15 00:00:00";"2023-12-15 23:45:00";4;20082;20;8;0;<FLG>
V6155020;V615502002;QINnJ;1;"2023-12-16 00:00:00";"2023-12-16 23:59:59";4;19196;20;8;0;<FLG>
V6155020;V615502002;QINnJ;1;"2023-12-17 00:00:00";"2023-12-17 23:59:59";4;18532;20;8;0;<FLG>
V6155020;V615502002;QINnJ;1;"2023-12-18 00:00:00";"2023-12-18 23:45:00";4;18041;20;8;0;<FLG>
V6155020;V615502002;QINnJ;1;"2023-12-19 00:00:00";"2023-12-19 23:59:59";4;17593;20;8;0;<FLG>
V6155020;V615502002;QINnJ;1;"2023-12-20 00:00:00";"2023-12-20 23:59:59";4;17178;20;8;0;<FLG>
V6155020;V615502002;QINnJ;1;"2023-12-21 00:00:00";"2023-12-21 23:59:59";4;16748;20;8;0;<FLG>
V6155020;V615502002;QINnJ;1;"2023-12-22 00:00:00";"2023-12-22 23:45:00";4;16323;20;8;0;<FLG>
V6155020;V615502002;QINnJ;1;"2023-12-23 00:00:00";"2023-12-23 23:45:00";4;15876;20;8;0;<FLG>
V6155020;V615502002;QINnJ;1;"2023-12-24 00:00:00";"2023-12-24 23:59:59";4;15462;20;8;0;<FLG>
V6155020;V615502002;QINnJ;1;"2023-12-25 00:00:00";"2023-12-25 23:59:59";4;15090;20;8;0;<FLG>
V6155020;V615502002;QINnJ;1;"2023-12-26 00:00:00";"2023-12-26 23:59:59";4;14646;20;8;0;<FLG>
V6155020;V615502002;QINnJ;1;"2023-12-27 00:00:00";"2023-12-27 23:59:59";4;14186;20;8;0;<FLG>
V6155020;V615502002;QINnJ;1;"2023-12-28 00:00:00";"2023-12-28 23:59:59";4;13760;20;8;0;<FLG>
V6155020;V615502002;QINnJ;1;"2023-12-29 00:00:00";"2023-12-29 23:45:00";4;13413;20;8;0;<FLG>
V6155020;V615502002;QINnJ;1;"2023-12-30 00:00:00";"2023-12-30 23:59:59";4;13133;20;8;0;<FLG>
V6155020;V615502002;QINnJ;1;"2023-12-31 00:00:00";"2023-12-31 23:45:00";4;12853;20;8;0;<FLG>
V6155020;V615502002;QINnJ;1;"2024-01-01 00:00:00";"2024-01-01 23:59:59";4;12547;20;8;0;<FLG>
V6155020;V615502002;QINnJ;1;"2024-01-02 00:00:00";"2024-01-02 23:15:00";4;12257;20;8;0;<FLG>
V6155020;V615502002;QINnJ;1;"2024-01-03 00:00:00";"2024-01-03 23:30:00";4;11959;20;8;0;<FLG>
V6155020;V615502002;QINnJ;1;"2024-01-04 00:00:00";"2024-01-04 22:45:00";4;11693;20;8;0;<FLG>
V6155020;V615502002;QINnJ;1;"2024-01-05 00:00:00";"2024-01-05 12:15:00";4;11589;20;8;0;<FLG>
V6155020;V615502002;QINnJ;1;"2024-01-06 00:00:00";"2024-01-06 00:00:00";4;12016;20;8;0;<FLG>
V6155020;V615502002;QINnJ;1;"2024-01-07 00:00:00";"2024-01-07 00:00:00";4;13860;20;8;0;<FLG>
V6155020;V615502002;QINnJ;1;"2024-01-08 00:00:00";"2024-01-08 00:00:00";4;14579;20;8;0;<FLG>
V6155020;V615502002;QINnJ;1;"2024-01-09 00:00:00";"2024-01-09 23:45:00";4;14439;20;8;0;<FLG>
V6155020;V615502002;QINnJ;1;"2024-01-10 00:00:00";"2024-01-10 23:30:00";4;14233;20;8;0;<FLG>
V6155020;V615502002;QINnJ;1;"2024-01-11 00:00:00";"2024-01-11 07:45:00";4;14206;20;8;0;<FLG>
V6155020;V615502002;QINnJ;1;"2024-01-12 00:00:00";"2024-01-12 00:15:00";4;14246;20;8;0;<FLG>
V6155020;V615502002;QINnJ;1;"2024-01-13 00:00:00";"2024-01-13 00:00:00";4;14439;20;8;0;<FLG>
V6155020;V615502002;QINnJ;1;"2024-01-14 00:00:00";"2024-01-14 00:00:00";4;14533;20;8;0;<FLG>
V6155020;V615502002;QINnJ;1;"2024-01-15 00:00:00";"2024-01-15 23:59:59";4;14506;20;8;0;<FLG>
V6155020;V615502002;QINnJ;1;"2024-01-16 00:00:00";"2024-01-16 23:45:00";4;14313;20;8;0;<FLG>
V6155020;V615502002;QINnJ;1;"2024-01-17 00:00:00";"2024-01-17 19:15:00";4;14213;20;8;0;<FLG>
V6155020;V615502002;QINnJ;1;"2024-01-18 00:00:00";"2024-01-18 00:00:00";4;14240;20;8;0;<FLG>
V6155020;V615502002;QINnJ;1;"2024-01-19 00:00:00";"2024-01-19 00:00:00";4;15876;20;8;0;<FLG>
V6155020;V615502002;QINnJ;1;"2024-01-20 00:00:00";"2024-01-20 00:00:00";4;17334;20;8;0;<FLG>
V6155020;V615502002;QINnJ;1;"2024-01-21 00:00:00";"2024-01-21 23:30:00";4;17900;20;8;0;<FLG>
V6155020;V615502002;QINnJ;1;"2024-01-22 00:00:00";"2024-01-22 23:59:59";4;17598;20;8;0;<FLG>
V6155020;V615502002;QINnJ;1;"2024-01-23 00:00:00";"2024-01-23 23:59:59";4;17283;20;8;0;<FLG>
V6155020;V615502002;QINnJ;1;"2024-01-24 00:00:00";"2024-01-24 23:59:59";4;16897;20;8;0;<FLG>
V6155020;V615502002;QINnJ;1;"2024-01-25 00:00:00";"2024-01-25 23:30:00";4;16567;20;8;0;<FLG>
V6155020;V615502002;QINnJ;1;"2024-01-26 00:00:00";"2024-01-26 23:45:00";4;16211;20;8;0;<FLG>
V6155020;V615502002;QINnJ;1;"2024-01-27 00:00:00";"2024-01-27 23:45:00";4;15860;20;8;0;<FLG>
V6155020;V615502002;QINnJ;1;"2024-01-28 00:00:00";"2024-01-28 23:45:00";4;15504;20;8;0;<FLG>
V6155020;V615502002;QINnJ;1;"2024-01-29 00:00:00";"2024-01-29 23:59:59";4;15148;20;8;0;<FLG>
V6155020;V615502002;QINnJ;1;"2024-01-30 00:00:00";"2024-01-30 23:45:00";4;14753;20;8;0;<FLG>
V6155020;V615502002;QINnJ;1;"2024-01-31 00:00:00";"2024-01-31 23:45:00";4;14346;20;8;0;<FLG>
V6155020;V615502002;QINnJ;1;"2024-02-01 00:00:00";"2024-02-01 23:59:59";4;13986;20;8;0;<FLG>
V6155020;V615502002;QINnJ;1;"2024-02-02 00:00:00";"2024-02-02 23:45:00";4;13626;20;8;0;<FLG>
V6155020;V615502002;QINnJ;1;"2024-02-03 00:00:00";"2024-02-03 23:59:59";4;13306;20;8;0;<FLG>
V6155020;V615502002;QINnJ;1;"2024-02-04 00:00:00";"2024-02-04 23:59:59";4;13027;20;8;0;<FLG>
V6155020;V615502002;QINnJ;1;"2024-02-05 00:00:00";"2024-02-05 23:45:00";4;12780;20;8;0;<FLG>
V6155020;V615502002;QINnJ;1;"2024-02-06 00:00:00";"2024-02-06 23:00:00";4;12515;20;8;0;<FLG>
V6155020;V615502002;QINnJ;1;"2024-02-07 00:00:00";"2024-02-07 23:45:00";4;12289;20;8;0;<FLG>
V6155020;V615502002;QINnJ;1;"2024-02-08 00:00:00";"2024-02-08 23:45:00";4;12096;20;8;0;<FLG>
V6155020;V615502002;QINnJ;1;"2024-02-09 00:00:00";"2024-02-09 15:30:00";4;12016;20;8;0;<FLG>
V6155020;V615502002;QINnJ;1;"2024-02-10 00:00:00";"2024-02-10 00:00:00";4;12257;20;8;0;<FLG>
V6155020;V615502002;QINnJ;1;"2024-02-11 00:00:00";"2024-02-11 00:00:00";4;26758;20;8;0;<FLG>
V6155020;V615502002;QINnJ;1;"2024-02-12 00:00:00";"2024-02-12 00:00:00";4;45458;20;8;0;<FLG>
V6155020;V615502002;QINnJ;1;"2024-02-13 00:00:00";"2024-02-13 18:30:00";4;44688;20;8;0;<FLG>
V6155020;V615502002;QINnJ;1;"2024-02-14 00:00:00";"2024-02-14 22:15:00";4;41565;20;8;0;<FLG>
V6155020;V615502002;QINnJ;1;"2024-02-15 00:00:00";"2024-02-15 23:45:00";4;38131;20;8;0;<FLG>
V6155020;V615502002;QINnJ;1;"2024-02-16 00:00:00";"2024-02-16 23:30:00";4;33862;20;8;0;<FLG>
V6155020;V615502002;QINnJ;1;"2024-02-17 00:00:00";"2024-02-17 22:45:00";4;29679;20;8;0;<FLG>
V6155020;V615502002;QINnJ;1;"2024-02-18 00:00:00";"2024-02-18 23:30:00";4;25824;20;8;0;<FLG>
V6155020;V615502002;QINnJ;1;"2024-02-19 00:00:00";"2024-02-19 23:00:00";4;22982;20;8;0;<FLG>
V6155020;V615502002;QINnJ;1;"2024-02-20 00:00:00";"2024-02-20 23:45:00";4;21293;20;8;0;<FLG>
V6155020;V615502002;QINnJ;1;"2024-02-21 00:00:00";"2024-02-21 23:00:00";4;20705;20;8;0;<FLG>
V6155020;V615502002;QINnJ;1;"2024-02-22 00:00:00";"2024-02-22 23:59:59";4;20160;20;8;0;<FLG>
V6155020;V615502002;QINnJ;1;"2024-02-23 00:00:00";"2024-02-23 23:45:00";4;19775;20;8;0;<FLG>
V6155020;V615502002;QINnJ;1;"2024-02-24 00:00:00";"2024-02-24 23:59:59";4;19326;20;8;0;<FLG>
V6155020;V615502002;QINnJ;1;"2024-02-25 00:00:00";"2024-02-25 23:59:59";4;18980;20;8;0;<FLG>
V6155020;V615502002;QINnJ;1;"2024-02-26 00:00:00";"2024-02-26 03:15:00";4;18934;20;8;0;<FLG>
V6155020;V615502002;QINnJ;1;"2024-02-27 00:00:00";"2024-02-27 00:00:00";4;21381;20;8;0;<FLG>
V6155020;V615502002;QINnJ;1;"2024-02-28 00:00:00";"2024-02-28 00:00:00";4;26571;20;8;0;<FLG>
V6155020;V615502002;QINnJ;1;"2024-02-29 00:00:00";"2024-02-29 20:45:00";4;27588;20;8;0;<FLG>
V6155020;V615502002;QINnJ;1;"2024-03-01 00:00:00";"2024-03-01 19:15:00";4;26571;20;8;0;<FLG>
V6155020;V615502002;QINnJ;1;"2024-03-02 00:00:00";"2024-03-02 19:15:00";4;25077;20;8;0;<FLG>
V6155020;V615502002;QINnJ;1;"2024-03-03 00:00:00";"2024-03-03 02:30:00";4;24703;20;8;0;<FLG>
V6155020;V615502002;QINnJ;1;"2024-03-04 00:00:00";"2024-03-04 00:00:00";4;43127;20;8;0;<FLG>
V6155020;V615502002;QINnJ;1;"2024-03-05 00:00:00";"2024-03-05 00:30:00";4;57831;20;8;0;<FLG>
V6155020;V615502002;QINnJ;1;"2024-03-06 00:00:00";"2024-03-06 09:45:00";4;57373;20;8;0;<FLG>
V6155020;V615502002;QINnJ;1;"2024-03-07 00:00:00";"2024-03-07 21:30:00";4;53707;20;8;0;<FLG>
V6155020;V615502002;QINnJ;1;"2024-03-08 00:00:00";"2024-03-08 23:45:00";4;49124;20;8;0;<FLG>
V6155020;V615502002;QINnJ;1;"2024-03-09 00:00:00";"2024-03-09 21:30:00";4;45916;20;8;0;<FLG>
V6155020;V615502002;QINnJ;1;"2024-03-10 00:00:00";"2024-03-10 00:15:00";4;47291;20;8;0;<FLG>
V6155020;V615502002;QINnJ;1;"2024-03-11 00:00:00";"2024-03-11 09:40:00";4;64246;20;8;0;<FLG>
V6155020;V615502002;QINnJ;1;"2024-03-12 00:00:00";"2024-03-12 23:59:59";4;63933;20;8;0;<FLG>
V6155020;V615502002;QINnJ;1;"2024-03-13 00:00:00";"2024-03-13 23:59:59";4;63473;20;8;0;<FLG>
V6155020;V615502002;QINnJ;1;"2024-03-14 00:00:00";"2024-03-14 23:59:59";4;61459;20;8;0;<FLG>
V6155020;V615502002;QINnJ;1;"2024-03-15 00:00:00";"2024-03-15 23:59:59";4;59331;20;8;0;<FLG>
V6155020;V615502002;QINnJ;1;"2024-03-16 00:00:00";"2024-03-16 23:59:59";4;57011;20;8;0;<FLG>
V6155020;V615502002;QINnJ;1;"2024-03-17 00:00:00";"2024-03-17 23:59:59";4;54473;20;8;0;<FLG>
V6155020;V615502002;QINnJ;1;"2024-03-18 00:00:00";"2024-03-18 23:59:59";4;51836;20;8;0;<FLG>
V6155020;V615502002;QINnJ;1;"2024-03-19 00:00:00";"2024-03-19 23:59:59";4;49157;20;8;0;<FLG>
V6155020;V615502002;QINnJ;1;"2024-03-20 00:00:00";"2024-03-20 23:59:59";4;45988;20;8;0;<FLG>
V6155020;V615502002;QINnJ;1;"2024-03-21 00:00:00";"2024-03-21 23:59:59";4;43331;20;8;0;<FLG>
V6155020;V615502002;QINnJ;1;"2024-03-22 00:00:00";"2024-03-22 23:59:59";4;41180;20;8;0;<FLG>
V6155020;V615502002;QINnJ;1;"2024-03-23 00:00:00";"2024-03-23 23:59:59";4;39133;20;8;0;<FLG>
V6155020;V615502002;QINnJ;1;"2024-03-24 00:00:00";"2024-03-24 23:59:59";4;37049;20;8;0;<FLG>
V6155020;V615502002;QINnJ;1;"2024-03-25 00:00:00";"2024-03-25 23:59:59";8;34123;20;8;0;<FLG>
V6155020;V615502002;QINnJ;1;"2024-03-26 00:00:00";"2024-03-26 00:00:00";8;34123;20;8;0;<FLG>
V6155020;V615502002;QINnJ;1;"2024-03-27 00:00:00";"2024-03-27 00:00:00";8;37522;20;8;0;<FLG>
V6155020;V615502002;QINnJ;1;"2024-03-28 00:00:00";"2024-03-28 00:00:00";8;41565;20;8;0;<FLG>
V6155020;V615502002;QINnJ;1;"2024-03-29 00:00:00";"2024-03-29 00:00:00";8;46375;20;8;0;<FLG>
V6155020;V615502002;QINnJ;1;"2024-03-30 00:00:00";"2024-03-30 00:00:00";8;52332;20;8;0;<FLG>
V6155020;V615502002;QINnJ;1;"2024-03-31 00:00:00";"2024-03-31 00:00:00";8;58289;20;8;0;<FLG>
V6155020;V615502002;QINnJ;1;"2024-04-01 00:00:00";"2024-04-01 00:00:00";8;64246;20;8;0;<FLG>
V6155020;V615502002;QINnJ;1;"2024-04-02 00:00:00";"2024-04-02 23:59:59";8;71691;20;8;0;<FLG>
V6155020;V615502002;QINnJ;1;"2024-04-03 00:00:00";"2024-04-03 23:59:59";8;71122;20;8;0;<FLG>
V6155020;V615502002;QINnJ;1;"2024-04-04 00:00:00";"2024-04-04 23:59:59";8;67708;20;8;0;<FLG>
V6155020;V615502002;QINnJ;1;"2024-04-05 00:00:00";"2024-04-05 23:59:59";8;65163;20;8;0;<FLG>
V6155020;V615502002;QINnJ;1;"2024-04-06 00:00:00";"2024-04-06 23:59:59";8;62413;20;8;0;<FLG>
V6155020;V615502002;QINnJ;1;"2024-04-07 00:00:00";"2024-04-07 23:59:59";8;59664;20;8;0;<FLG>
V6155020;V615502002;QINnJ;1;"2024-04-08 00:00:00";"2024-04-08 23:59:59";8;57373;20;8;0;<FLG>
V6155020;V615502002;QINnJ;1;"2024-04-09 00:00:00";"2024-04-09 23:59:59";8;55081;20;8;0;<FLG>
V6155020;V615502002;QINnJ;1;"2024-04-10 00:00:00";"2024-04-10 23:59:59";8;53248;20;8;0;<FLG>
V6155020;V615502002;QINnJ;1;"2024-04-11 00:00:00";"2024-04-11 23:59:59";8;50957;20;8;0;<FLG>
V6155020;V615502002;QINnJ;1;"2024-04-12 00:00:00";"2024-04-12 23:59:59";8;48666;20;8;0;<FLG>
V6155020;V615502002;QINnJ;1;"2024-04-13 00:00:00";"2024-04-13 23:59:59";8;45916;20;8;0;<FLG>
V6155020;V615502002;QINnJ;1;"2024-04-14 00:00:00";"2024-04-14 23:59:59";8;43439;20;8;0;<FLG>
V6155020;V615502002;QINnJ;1;"2024-04-15 00:00:00";"2024-04-15 23:59:59";8;41565;20;8;0;<FLG>
V6155020;V615502002;QINnJ;1;"2024-04-16 00:00:00";"2024-04-16 23:59:59";8;39380;20;8;0;<FLG>
V6155020;V615502002;QINnJ;1;"2024-04-17 00:00:00";"2024-04-17 23:59:59";8;37522;20;8;0;<FLG>
V6155020;V615502002;QINnJ;1;"2024-04-18 00:00:00";"2024-04-18 23:59:59";8;35953;20;8;0;<FLG>
V6155020;V615502002;QINnJ;1;"2024-04-19 00:00:00";"2024-04-19 23:59:59";8;34385;20;8;0;<FLG>
V6155020;V615502002;QINnJ;1;"2024-04-20 00:00:00";"2024-04-20 23:59:59";8;32816;20;8;0;<FLG>
V6155020;V615502002;QINnJ;1;"2024-04-21 00:00:00";"2024-04-21 23:59:59";8;31247;20;8;0;<FLG>
V6155020;V615502002;QINnJ;1;"2024-04-22 00:00:00";"2024-04-22 23:59:59";8;29940;20;8;0;<FLG>
V6155020;V615502002;QINnJ;1;"2024-04-23 00:00:00";"2024-04-23 23:59:59";8;28633;20;8;0;<FLG>
V6155020;V615502002;QINnJ;1;"2024-04-24 00:00:00";"2024-04-24 23:59:59";8;27326;20;8;0;<FLG>
V6155020;V615502002;QINnJ;1;"2024-04-25 00:00:00";"2024-04-25 23:59:59";8;26571;20;8;0;<FLG>
V6155020;V615502002;QINnJ;1;"2024-04-26 00:00:00";"2024-04-26 23:59:59";8;25824;20;8;0;<FLG>
V6155020;V615502002;QINnJ;1;"2024-04-27 00:00:00";"2024-04-27 23:59:59";8;25264;20;8;0;<FLG>
V6155020;V615502002;QINnJ;1;"2024-04-28 00:00:00";"2024-04-28 23:59:59";8;24516;20;8;0;<FLG>
V6155020;V615502002;QINnJ;1;"2024-04-29 00:00:00";"2024-04-29 23:59:59";8;23817;20;8;0;<FLG>
V6155020;V615502002;QINnJ;1;"2024-04-30 00:00:00";"2024-04-30 23:59:59";4;23747;20;8;0;<FLG>
V6155020;V615502002;QINnJ;1;"2024-05-01 00:00:00";"2024-05-01 23:59:59";4;23645;20;8;0;<FLG>
V6155020;V615502002;QINnJ;1;"2024-05-02 00:00:00";"2024-05-02 23:59:59";4;23543;20;8;0;<FLG>
V6155020;V615502002;QINnJ;1;"2024-05-03 00:00:00";"2024-05-03 23:59:59";4;23441;20;8;0;<FLG>
V6155020;V615502002;QINnJ;1;"2024-05-04 00:00:00";"2024-05-04 23:59:59";4;23338;20;8;0;<FLG>
V6155020;V615502002;QINnJ;1;"2024-05-05 00:00:00";"2024-05-05 23:59:59";4;23236;20;8;0;<FLG>
V6155020;V615502002;QINnJ;1;"2024-05-06 00:00:00";"2024-05-06 23:59:59";4;23134;20;8;0;<FLG>
V6155020;V615502002;QINnJ;1;"2024-05-07 00:00:00";"2024-05-07 23:59:59";4;22587;20;8;0;<FLG>
V6155020;V615502002;QINnJ;1;"2024-05-08 00:00:00";"2024-05-08 23:59:59";4;21836;20;8;0;<FLG>
V6155020;V615502002;QINnJ;1;"2024-05-09 00:00:00";"2024-05-09 23:59:59";4;21472;20;8;0;<FLG>
V6155020;V615502002;QINnJ;1;"2024-05-10 00:00:00";"2024-05-10 23:59:59";4;21286;20;8;0;<FLG>
V6155020;V615502002;QINnJ;1;"2024-05-11 00:00:00";"2024-05-11 23:59:59";4;21100;20;8;0;<FLG>
V6155020;V615502002;QINnJ;1;"2024-05-12 00:00:00";"2024-05-12 23:59:59";4;20913;20;8;0;<FLG>
V6155020;V615502002;QINnJ;1;"2024-05-13 00:00:00";"2024-05-13 23:59:59";4;20815;20;8;0;<FLG>
V6155020;V615502002;QINnJ;1;"2024-05-14 00:00:00";"2024-05-14 23:59:59";4;20755;20;8;0;<FLG>
V6155020;V615502002;QINnJ;1;"2024-05-15 00:00:00";"2024-05-15 23:59:59";4;20694;20;8;0;<FLG>
V6155020;V615502002;QINnJ;1;"2024-05-16 00:00:00";"2024-05-16 12:00:00";4;20664;20;8;0;<FLG>
V6155020;V615502002;QINnJ;1;"2024-05-17 00:00:00";"2024-05-17 00:00:00";4;20790;20;8;0;<FLG>
V6155020;V615502002;QINnJ;1;"2024-05-18 00:00:00";"2024-05-18 00:00:00";4;21109;20;8;0;<FLG>
V6155020;V615502002;QINnJ;1;"2024-05-19 00:00:00";"2024-05-19 00:00:00";4;21479;20;8;0;<FLG>
V6155020;V615502002;QINnJ;1;"2024-05-20 00:00:00";"2024-05-20 23:59:59";4;22466;20;8;0;<FLG>
V6155020;V615502002;QINnJ;1;"2024-05-21 00:00:00";"2024-05-21 23:59:59";4;21578;20;8;0;<FLG>
V6155020;V615502002;QINnJ;1;"2024-05-22 00:00:00";"2024-05-22 23:59:59";4;21342;20;8;0;<FLG>
V6155020;V615502002;QINnJ;1;"2024-05-23 00:00:00";"2024-05-23 23:59:59";4;21105;20;8;0;<FLG>
V6155020;V615502002;QINnJ;1;"2024-05-24 00:00:00";"2024-05-24 23:59:59";4;20879;20;8;0;<FLG>
V6155020;V615502002;QINnJ;1;"2024-05-25 00:00:00";"2024-05-25 23:59:59";4;20381;20;8;0;<FLG>
V6155020;V615502002;QINnJ;1;"2024-05-26 00:00:00";"2024-05-26 23:59:59";4;19928;20;8;0;<FLG>
V6155020;V615502002;QINnJ;1;"2024-05-27 00:00:00";"2024-05-27 23:59:59";4;19631;20;8;0;<FLG>
V6155020;V615502002;QINnJ;1;"2024-05-28 00:00:00";"2024-05-28 23:59:59";4;19418;20;8;0;<FLG>
V6155020;V615502002;QINnJ;1;"2024-05-29 00:00:00";"2024-05-29 23:59:59";4;19267;20;8;0;<FLG>
V6155020;V615502002;QINnJ;1;"2024-05-30 00:00:00";"2024-05-30 23:59:59";4;19117;20;8;0;<FLG>
V6155020;V615502002;QINnJ;1;"2024-05-31 00:00:00";"2024-05-31 23:59:59";4;18966;20;8;0;<FLG>
V6155020;V615502002;QINnJ;1;"2024-06-01 00:00:00";"2024-06-01 23:59:59";4;18816;20;8;0;<FLG>
V6155020;V615502002;QINnJ;1;"2024-06-02 00:00:00";"2024-06-02 23:59:59";4;18655;20;8;0;<FLG>
V6155020;V615502002;QINnJ;1;"2024-06-03 00:00:00";"2024-06-03 23:59:59";4;18496;20;8;0;<FLG>
V6155020;V615502002;QINnJ;1;"2024-06-04 00:00:00";"2024-06-04 23:59:59";4;18341;20;8;0;<FLG>
V6155020;V615502002;QINnJ;1;"2024-06-05 00:00:00";"2024-06-05 23:59:59";4;18186;20;8;0;<FLG>
V6155020;V615502002;QINnJ;1;"2024-06-06 00:00:00";"2024-06-06 23:59:59";4;18031;20;8;0;<FLG>
V6155020;V615502002;QINnJ;1;"2024-06-07 00:00:00";"2024-06-07 23:59:59";4;17875;20;8;0;<FLG>
V6155020;V615502002;QINnJ;1;"2024-06-08 00:00:00";"2024-06-08 23:59:59";4;17701;20;8;0;<FLG>
V6155020;V615502002;QINnJ;1;"2024-06-09 00:00:00";"2024-06-09 23:59:59";4;17519;20;8;0;<FLG>
V6155020;V615502002;QINnJ;1;"2024-06-10 00:00:00";"2024-06-10 23:59:59";4;17336;20;8;0;<FLG>
V6155020;V615502002;QINnJ;1;"2024-06-11 00:00:00";"2024-06-11 23:59:59";4;17114;20;8;0;<FLG>
V6155020;V615502002;QINnJ;1;"2024-06-12 00:00:00";"2024-06-12 23:59:59";4;16875;20;8;0;<FLG>
V6155020;V615502002;QINnJ;1;"2024-06-13 00:00:00";"2024-06-13 23:59:59";4;16637;20;8;0;<FLG>
V6155020;V615502002;QINnJ;1;"2024-06-14 00:00:00";"2024-06-14 23:59:59";4;16399;20;8;0;<FLG>
V6155020;V615502002;QINnJ;1;"2024-06-15 00:00:00";"2024-06-15 23:59:59";4;16161;20;8;0;<FLG>
V6155020;V615502002;QINnJ;1;"2024-06-16 00:00:00";"2024-06-16 23:59:59";4;15923;20;8;0;<FLG>
V6155020;V615502002;QINnJ;1;"2024-06-17 00:00:00";"2024-06-17 23:59:59";4;15744;20;8;0;<FLG>
V6155020;V615502002;QINnJ;1;"2024-06-18 00:00:00";"2024-06-18 23:59:59";4;15591;20;8;0;<FLG>
V6155020;V615502002;QINnJ;1;"2024-06-19 00:00:00";"2024-06-19 23:59:59";4;15438;20;8;0;<FLG>
V6155020;V615502002;QINnJ;1;"2024-06-20 00:00:00";"2024-06-20 23:59:59";4;15285;20;8;0;<FLG>
V6155020;V615502002;QINnJ;1;"2024-06-21 00:00:00";"2024-06-21 23:59:59";4;15132;20;8;0;<FLG>
V6155020;V615502002;QINnJ;1;"2024-06-22 00:00:00";"2024-06-22 23:59:59";4;14974;20;8;0;<FLG>
V6155020;V615502002;QINnJ;1;"2024-06-23 00:00:00";"2024-06-23 23:59:59";4;14782;20;8;0;<FLG>
V6155020;V615502002;QINnJ;1;"2024-06-24 00:00:00";"2024-06-24 23:59:59";4;14590;20;8;0;<FLG>
V6155020;V615502002;QINnJ;1;"2024-06-25 00:00:00";"2024-06-25 23:59:59";4;14399;20;8;0;<FLG>
V6155020;V615502002;QINnJ;1;"2024-06-26 00:00:00";"2024-06-26 23:59:59";4;14207;20;8;0;<FLG>
V6155020;V615502002;QINnJ;1;"2024-06-27 00:00:00";"2024-06-27 23:59:59";4;14015;20;8;0;<FLG>
V6155020;V615502002;QINnJ;1;"2024-06-28 00:00:00";"2024-06-28 23:59:59";4;13823;20;8;0;<FLG>
V6155020;V615502002;QINnJ;1;"2024-06-29 00:00:00";"2024-06-29 23:59:59";4;13632;20;8;0;<FLG>
V6155020;V615502002;QINnJ;1;"2024-06-30 00:00:00";"2024-06-30 23:59:59";4;13448;20;8;0;<FLG>
V6155020;V615502002;QINnJ;1;"2024-07-01 00:00:00";"2024-07-01 23:59:59";4;13268;20;8;0;<FLG>
V6155020;V615502002;QINnJ;1;"2024-07-02 00:00:00";"2024-07-02 23:59:59";4;13088;20;8;0;<FLG>
V6155020;V615502002;QINnJ;1;"2024-07-03 00:00:00";"2024-07-03 23:59:59";4;12908;20;8;0;<FLG>
V6155020;V615502002;QINnJ;1;"2024-07-04 00:00:00";"2024-07-04 23:59:59";4;12728;20;8;0;<FLG>
V6155020;V615502002;QINnJ;1;"2024-07-05 00:00:00";"2024-07-05 23:59:59";4;12517;20;8;0;<FLG>
V6155020;V615502002;QINnJ;1;"2024-07-06 00:00:00";"2024-07-06 23:59:59";4;12299;20;8;0;<FLG>
V6155020;V615502002;QINnJ;1;"2024-07-07 00:00:00";"2024-07-07 23:59:59";4;12082;20;8;0;<FLG>
V6155020;V615502002;QINnJ;1;"2024-07-08 00:00:00";"2024-07-08 23:59:59";4;11918;20;8;0;<FLG>
V6155020;V615502002;QINnJ;1;"2024-07-09 00:00:00";"2024-07-09 23:59:59";4;11776;20;8;0;<FLG>
V6155020;V615502002;QINnJ;1;"2024-07-10 00:00:00";"2024-07-10 23:59:59";4;11635;20;8;0;<FLG>
V6155020;V615502002;QINnJ;1;"2024-07-11 00:00:00";"2024-07-11 23:59:59";4;11494;20;8;0;<FLG>
V6155020;V615502002;QINnJ;1;"2024-07-12 00:00:00";"2024-07-12 23:59:59";4;11353;20;8;0;<FLG>
V6155020;V615502002;QINnJ;1;"2024-07-13 00:00:00";"2024-07-13 23:59:59";4;11212;20;8;0;<FLG>
V6155020;V615502002;QINnJ;1;"2024-07-14 00:00:00";"2024-07-14 23:59:59";4;11071;20;8;0;<FLG>
V6155020;V615502002;QINnJ;1;"2024-07-15 00:00:00";"2024-07-15 23:59:59";4;10929;20;8;0;<FLG>
V6155020;V615502002;QINnJ;1;"2024-07-16 00:00:00";"2024-07-16 23:59:59";4;10831;20;8;0;<FLG>
V6155020;V615502002;QINnJ;1;"2024-07-17 00:00:00";"2024-07-17 23:59:59";4;10751;20;8;0;<FLG>
V6155020;V615502002;QINnJ;1;"2024-07-18 00:00:00";"2024-07-18 23:59:59";4;10671;20;8;0;<FLG>
V6155020;V615502002;QINnJ;1;"2024-07-19 00:00:00";"2024-07-19 23:59:59";4;10591;20;8;0;<FLG>
V6155020;V615502002;QINnJ;1;"2024-07-20 00:00:00";"2024-07-20 23:59:59";4;10510;20;8;0;<FLG>
V6155020;V615502002;QINnJ;1;"2024-07-21 00:00:00";"2024-07-21 23:59:59";4;10430;20;8;0;<FLG>
V6155020;V615502002;QINnJ;1;"2024-07-22 00:00:00";"2024-07-22 23:59:59";4;10368;20;8;0;<FLG>
V6155020;V615502002;QINnJ;1;"2024-07-23 00:00:00";"2024-07-23 23:59:59";4;10315;20;8;0;<FLG>
V6155020;V615502002;QINnJ;1;"2024-07-24 00:00:00";"2024-07-24 23:59:59";4;10261;20;8;0;<FLG>
V6155020;V615502002;QINnJ;1;"2024-07-25 00:00:00";"2024-07-25 23:59:59";4;10169;20;8;0;<FLG>
V6155020;V615502002;QINnJ;1;"2024-07-26 00:00:00";"2024-07-26 23:59:59";4;10042;20;8;0;<FLG>
V6155020;V615502002;QINnJ;1;"2024-07-27 00:00:00";"2024-07-27 23:59:59";4;9904;20;8;0;<FLG>
V6155020;V615502002;QINnJ;1;"2024-07-28 00:00:00";"2024-07-28 23:59:59";4;9767;20;8;0;<FLG>
V6155020;V615502002;QINnJ;1;"2024-07-29 00:00:00";"2024-07-29 23:59:59";4;9629;20;8;0;<FLG>
V6155020;V615502002;QINnJ;1;"2024-07-30 00:00:00";"2024-07-30 23:59:59";4;9492;20;8;0;<FLG>
V6155020;V615502002;QINnJ;1;"2024-07-31 00:00:00";"2024-07-31 23:59:59";4;9354;20;8;0;<FLG>
V6155020;V615502002;QINnJ;1;"2024-08-01 00:00:00";"2024-08-01 23:59:59";4;9224;20;8;0;<FLG>
V6155020;V615502002;QINnJ;1;"2024-08-02 00:00:00";"2024-08-02 23:59:59";4;9094;20;8;0;<FLG>
V6155020;V615502002;QINnJ;1;"2024-08-03 00:00:00";"2024-08-03 23:59:59";4;8963;20;8;0;<FLG>
V6155020;V615502002;QINnJ;1;"2024-08-04 00:00:00";"2024-08-04 23:59:59";4;8898;20;8;0;<FLG>
V6155020;V615502002;QINnJ;1;"2024-08-05 00:00:00";"2024-08-05 23:59:59";4;8833;20;8;0;<FLG>
V6155020;V615502002;QINnJ;1;"2024-08-06 00:00:00";"2024-08-06 23:59:59";4;8768;20;8;0;<FLG>
V6155020;V615502002;QINnJ;1;"2024-08-07 00:00:00";"2024-08-07 23:59:59";4;8693;20;8;0;<FLG>
V6155020;V615502002;QINnJ;1;"2024-08-08 00:00:00";"2024-08-08 23:59:59";4;8628;20;8;0;<FLG>
V6155020;V615502002;QINnJ;1;"2024-08-09 00:00:00";"2024-08-09 23:59:59";4;8563;20;8;0;<FLG>
V6155020;V615502002;QINnJ;1;"2024-08-10 00:00:00";"2024-08-10 23:59:59";4;8498;20;8;0;<FLG>
V6155020;V615502002;QINnJ;1;"2024-08-11 00:00:00";"2024-08-11 23:59:59";4;8433;20;8;0;<FLG>
V6155020;V615502002;QINnJ;1;"2024-08-12 00:00:00";"2024-08-12 23:59:59";4;8367;20;8;0;<FLG>
V6155020;V615502002;QINnJ;1;"2024-08-13 00:00:00";"2024-08-13 23:59:59";4;8302;20;8;0;<FLG>
V6155020;V615502002;QINnJ;1;"2024-08-14 00:00:00";"2024-08-14 23:59:59";4;8228;20;8;0;<FLG>
V6155020;V615502002;QINnJ;1;"2024-08-15 00:00:00";"2024-08-15 23:59:59";4;8163;20;8;0;<FLG>
V6155020;V615502002;QINnJ;1;"2024-08-16 00:00:00";"2024-08-16 23:59:59";4;8097;20;8;0;<FLG>
V6155020;V615502002;QINnJ;1;"2024-08-17 00:00:00";"2024-08-17 23:59:59";4;8032;20;8;0;<FLG>
V6155020;V615502002;QINnJ;1;"2024-08-18 00:00:00";"2024-08-18 23:59:59";4;7976;20;8;0;<FLG>
V6155020;V615502002;QINnJ;1;"2024-08-19 00:00:00";"2024-08-19 23:59:59";4;7920;20;8;0;<FLG>
V6155020;V615502002;QINnJ;1;"2024-08-20 00:00:00";"2024-08-20 23:59:59";4;7874;20;8;0;<FLG>
V6155020;V615502002;QINnJ;1;"2024-08-21 00:00:00";"2024-08-21 23:59:59";4;7818;20;8;0;<FLG>
V6155020;V615502002;QINnJ;1;"2024-08-22 00:00:00";"2024-08-22 23:59:59";4;7762;20;8;0;<FLG>
V6155020;V615502002;QINnJ;1;"2024-08-23 00:00:00";"2024-08-23 23:59:59";4;7706;20;8;0;<FLG>
V6155020;V615502002;QINnJ;1;"2024-08-24 00:00:00";"2024-08-24 23:59:59";4;7658;20;8;0;<FLG>
V6155020;V615502002;QINnJ;1;"2024-08-25 00:00:00";"2024-08-25 23:59:59";4;7593;20;8;0;<FLG>
V6155020;V615502002;QINnJ;1;"2024-08-26 00:00:00";"2024-08-26 23:59:59";4;7528;20;8;0;<FLG>
V6155020;V615502002;QINnJ;1;"2024-08-27 00:00:00";"2024-08-27 23:59:59";4;7463;20;8;0;<FLG>
V6155020;V615502002;QINnJ;1;"2024-08-28 00:00:00";"2024-08-28 23:59:59";4;7409;20;8;0;<FLG>
V6155020;V615502002;QINnJ;1;"2024-08-29 00:00:00";"2024-08-29 23:59:59";4;7344;20;8;0;<FLG>
V6155020;V615502002;QINnJ;1;"2024-08-30 00:00:00";"2024-08-30 23:59:59";4;7280;20;8;0;<FLG>
V6155020;V615502002;QINnJ;1;"2024-08-31 00:00:00";"2024-08-31 00:00:00";4;7280;20;8;0;<FLG>
V6155020;V615502002;QINnJ;1;"2024-09-01 00:00:00";"2024-09-01 00:00:00";4;7312;20;8;0;<FLG>
V6155020;V615502002;QINnJ;1;"2024-09-02 00:00:00";"2024-09-02 00:00:00";4;7334;20;8;0;<FLG>
V6155020;V615502002;QINnJ;1;"2024-09-03 00:00:00";"2024-09-03 00:00:00";4;7366;20;8;0;<FLG>
V6155020;V615502002;QINnJ;1;"2024-09-04 00:00:00";"2024-09-04 00:00:00";4;7388;20;8;0;<FLG>
V6155020;V615502002;QINnJ;1;"2024-09-05 00:00:00";"2024-09-05 00:00:00";4;7420;20;8;0;<FLG>
V6155020;V615502002;QINnJ;1;"2024-09-06 00:00:00";"2024-09-06 00:00:00";4;7442;20;8;0;<FLG>
V6155020;V615502002;QINnJ;1;"2024-09-07 00:00:00";"2024-09-07 00:00:00";4;7485;20;8;0;<FLG>
V6155020;V615502002;QINnJ;1;"2024-09-08 00:00:00";"2024-09-08 00:00:00";4;7518;20;8;0;<FLG>
V6155020;V615502002;QINnJ;1;"2024-09-09 00:00:00";"2024-09-09 00:00:00";4;7550;20;8;0;<FLG>
V6155020;V615502002;QINnJ;1;"2024-09-10 00:00:00";"2024-09-10 00:00:00";4;7593;20;8;0;<FLG>
V6155020;V615502002;QINnJ;1;"2024-09-11 00:00:00";"2024-09-11 00:00:00";4;7626;20;8;0;<FLG>
V6155020;V615502002;QINnJ;1;"2024-09-12 00:00:00";"2024-09-12 23:59:59";4;7604;20;8;0;<FLG>
V6155020;V615502002;QINnJ;1;"2024-09-13 00:00:00";"2024-09-13 23:59:59";4;7539;20;8;0;<FLG>
V6155020;V615502002;QINnJ;1;"2024-09-14 00:00:00";"2024-09-14 23:59:59";4;7474;20;8;0;<FLG>
V6155020;V615502002;QINnJ;1;"2024-09-15 00:00:00";"2024-09-15 23:59:59";4;7409;20;8;0;<FLG>
V6155020;V615502002;QINnJ;1;"2024-09-16 00:00:00";"2024-09-16 23:59:59";4;7344;20;8;0;<FLG>
V6155020;V615502002;QINnJ;1;"2024-09-17 00:00:00";"2024-09-17 23:59:59";4;7280;20;8;0;<FLG>
V6155020;V615502002;QINnJ;1;"2024-09-18 00:00:00";"2024-09-18 23:59:59";4;7226;20;8;0;<FLG>
V6155020;V615502002;QINnJ;1;"2024-09-19 00:00:00";"2024-09-19 23:59:59";4;7161;20;8;0;<FLG>
V6155020;V615502002;QINnJ;1;"2024-09-20 00:00:00";"2024-09-20 23:59:59";4;7096;20;8;0;<FLG>
V6155020;V615502002;QINnJ;1;"2024-09-21 00:00:00";"2024-09-21 23:59:59";4;7031;20;8;0;<FLG>
V6155020;V615502002;QINnJ;1;"2024-09-22 00:00:00";"2024-09-22 23:59:59";4;6966;20;8;0;<FLG>
V6155020;V615502002;QINnJ;1;"2024-09-23 00:00:00";"2024-09-23 23:59:59";4;6901;20;8;0;<FLG>
V6155020;V615502002;QINnJ;1;"2024-09-24 00:00:00";"2024-09-24 23:59:59";4;6863;20;8;0;<FLG>
V6155020;V615502002;QINnJ;1;"2024-09-25 00:00:00";"2024-09-25 23:59:59";4;6804;20;8;0;<FLG>
V6155020;V615502002;QINnJ;1;"2024-09-26 00:00:00";"2024-09-26 23:59:59";4;6745;20;8;0;<FLG>
V6155020;V615502002;QINnJ;1;"2024-09-27 00:00:00";"2024-09-27 23:59:59";4;6686;20;8;0;<FLG>
V6155020;V615502002;QINnJ;1;"2024-09-28 00:00:00";"2024-09-28 23:59:59";4;6627;20;8;0;<FLG>
V6155020;V615502002;QINnJ;1;"2024-09-29 00:00:00";"2024-09-29 23:59:59";4;6568;20;8;0;<FLG>
V6155020;V615502002;QINnJ;1;"2024-09-30 00:00:00";"2024-09-30 23:59:59";4;6508;20;8;0;<FLG>
V6155020;V615502002;QINnJ;1;"2024-10-01 00:00:00";"2024-10-01 23:59:59";4;6449;20;8;0;<FLG>
V6155020;V615502002;QINnJ;1;"2024-10-02 00:00:00";"2024-10-02 23:59:59";4;6390;20;8;0;<FLG>
V6155020;V615502002;QINnJ;1;"2024-10-03 00:00:00";"2024-10-03 23:59:59";4;6331;20;8;0;<FLG>
V6155020;V615502002;QINnJ;1;"2024-10-04 00:00:00";"2024-10-04 10:00:00";4;6306;20;8;0;<FLG>
V6155020;V615502002;QINnJ;1;"2024-10-05 00:00:00";"2024-10-05 00:00:00";4;6722;20;8;0;<FLG>
V6155020;V615502002;QINnJ;1;"2024-10-06 00:00:00";"2024-10-06 00:00:00";4;7435;20;8;0;<FLG>
V6155020;V615502002;QINnJ;1;"2024-10-07 00:00:00";"2024-10-07 00:00:00";4;8081;20;8;0;<FLG>
V6155020;V615502002;QINnJ;1;"2024-10-08 00:00:00";"2024-10-08 00:00:00";4;8695;20;8;0;<FLG>
V6155020;V615502002;QINnJ;1;"2024-10-09 00:00:00";"2024-10-09 00:00:00";4;9308;20;8;0;<FLG>
V6155020;V615502002;QINnJ;1;"2024-10-10 00:00:00";"2024-10-10 00:00:00";4;9922;20;8;0;<FLG>
V6155020;V615502002;QINnJ;1;"2024-10-11 00:00:00";"2024-10-11 00:00:00";4;10636;20;8;0;<FLG>
V6155020;V615502002;QINnJ;1;"2024-10-12 00:00:00";"2024-10-12 00:00:00";4;11138;20;8;0;<FLG>
V6155020;V615502002;QINnJ;1;"2024-10-13 00:00:00";"2024-10-13 00:00:00";4;11427;20;8;0;<FLG>
V6155020;V615502002;QINnJ;1;"2024-10-14 00:00:00";"2024-10-14 00:00:00";4;11716;20;8;0;<FLG>
V6155020;V615502002;QINnJ;1;"2024-10-15 00:00:00";"2024-10-15 00:00:00";4;12005;20;8;0;<FLG>
V6155020;V615502002;QINnJ;1;"2024-10-16 00:00:00";"2024-10-16 00:00:00";4;12295;20;8;0;<FLG>
V6155020;V615502002;QINnJ;1;"2024-10-17 00:00:00";"2024-10-17 00:00:00";4;12584;20;8;0;<FLG>
V6155020;V615502002;QINnJ;1;"2024-10-18 00:00:00";"2024-10-18 00:00:00";4;12843;20;8;0;<FLG>
V6155020;V615502002;QINnJ;1;"2024-10-19 00:00:00";"2024-10-19 00:00:00";4;15194;20;8;0;<FLG>
V6155020;V615502002;QINnJ;1;"2024-10-20 00:00:00";"2024-10-20 23:59:59";4;16646;20;8;0;<FLG>
V6155020;V615502002;QINnJ;1;"2024-10-21 00:00:00";"2024-10-21 23:59:59";4;15961;20;8;0;<FLG>
V6155020;V615502002;QINnJ;1;"2024-10-22 00:00:00";"2024-10-22 09:30:00";4;15690;20;8;0;<FLG>
V6155020;V615502002;QINnJ;1;"2024-10-23 00:00:00";"2024-10-23 00:00:00";4;15734;20;8;0;<FLG>
V6155020;V615502002;QINnJ;1;"2024-10-24 00:00:00";"2024-10-24 00:00:00";4;15805;20;8;0;<FLG>
V6155020;V615502002;QINnJ;1;"2024-10-25 00:00:00";"2024-10-25 00:00:00";4;15877;20;8;0;<FLG>
V6155020;V615502002;QINnJ;1;"2024-10-26 00:00:00";"2024-10-26 00:00:00";4;15949;20;8;0;<FLG>
V6155020;V615502002;QINnJ;1;"2024-10-27 00:00:00";"2024-10-27 00:00:00";4;16021;20;8;0;<FLG>
V6155020;V615502002;QINnJ;1;"2024-10-28 00:00:00";"2024-10-28 00:00:00";4;16093;20;8;0;<FLG>
V6155020;V615502002;QINnJ;1;"2024-10-29 00:00:00";"2024-10-29 00:00:00";4;16439;20;8;0;<FLG>
V6155020;V615502002;QINnJ;1;"2024-10-30 00:00:00";"2024-10-30 23:59:59";4;16707;20;8;0;<FLG>
V6155020;V615502002;QINnJ;1;"2024-10-31 00:00:00";"2024-10-31 23:59:59";4;16161;20;8;0;<FLG>
V6155020;V615502002;QINnJ;1;"2024-11-01 00:00:00";"2024-11-01 23:59:59";4;15616;20;8;0;<FLG>
V6155020;V615502002;QINnJ;1;"2024-11-02 00:00:00";"2024-11-02 23:59:59";4;15070;20;8;0;<FLG>
V6155020;V615502002;QINnJ;1;"2024-11-03 00:00:00";"2024-11-03 23:59:59";4;14404;20;8;0;<FLG>
V6155020;V615502002;QINnJ;1;"2024-11-04 00:00:00";"2024-11-04 23:59:59";4;13720;20;8;0;<FLG>
V6155020;V615502002;QINnJ;1;"2024-11-05 00:00:00";"2024-11-05 11:15:00";4;13400;20;8;0;<FLG>
V6155020;V615502002;QINnJ;1;"2024-11-06 00:00:00";"2024-11-06 00:00:00";4;13496;20;8;0;<FLG>
V6155020;V615502002;QINnJ;1;"2024-11-07 00:00:00";"2024-11-07 00:00:00";4;13677;20;8;0;<FLG>
V6155020;V615502002;QINnJ;1;"2024-11-08 00:00:00";"2024-11-08 00:00:00";4;13858;20;8;0;<FLG>
V6155020;V615502002;QINnJ;1;"2024-11-09 00:00:00";"2024-11-09 00:00:00";4;14038;20;8;0;<FLG>
V6155020;V615502002;QINnJ;1;"2024-11-10 00:00:00";"2024-11-10 00:00:00";4;14219;20;8;0;<FLG>
V6155020;V615502002;QINnJ;1;"2024-11-11 00:00:00";"2024-11-11 00:00:00";4;14400;20;8;0;<FLG>
V6155020;V615502002;QINnJ;1;"2024-11-12 00:00:00";"2024-11-12 00:00:00";4;14581;20;8;0;<FLG>
V6155020;V615502002;QINnJ;1;"2024-11-13 00:00:00";"2024-11-13 00:00:00";4;14762;20;8;0;<FLG>
V6155020;V615502002;QINnJ;1;"2024-11-14 00:00:00";"2024-11-14 00:00:00";4;14943;20;8;0;<FLG>
V6155020;V615502002;QINnJ;1;"2024-11-15 00:00:00";"2024-11-15 00:00:00";4;15098;20;8;0;<FLG>
V6155020;V615502002;QINnJ;1;"2024-11-16 00:00:00";"2024-11-16 00:00:00";4;15243;20;8;0;<FLG>
V6155020;V615502002;QINnJ;1;"2024-11-17 00:00:00";"2024-11-17 00:00:00";4;15387;20;8;0;<FLG>
V6155020;V615502002;QINnJ;1;"2024-11-18 00:00:00";"2024-11-18 00:00:00";4;15531;20;8;0;<FLG>
V6155020;V615502002;QINnJ;1;"2024-11-19 00:00:00";"2024-11-19 00:00:00";4;15675;20;8;0;<FLG>
V6155020;V615502002;QINnJ;1;"2024-11-20 00:00:00";"2024-11-20 00:00:00";4;15819;20;8;0;<FLG>
V6155020;V615502002;QINnJ;1;"2024-11-21 00:00:00";"2024-11-21 00:00:00";4;15964;20;8;0;<FLG>
V6155020;V615502002;QINnJ;1;"2024-11-22 00:00:00";"2024-11-22 00:00:00";4;16108;20;8;0;<FLG>
V6155020;V615502002;QINnJ;1;"2024-11-23 00:00:00";"2024-11-23 00:00:00";4;16252;20;8;0;<FLG>
V6155020;V615502002;QINnJ;1;"2024-11-24 00:00:00";"2024-11-24 00:00:00";4;16396;20;8;0;<FLG>
V6155020;V615502002;QINnJ;1;"2024-11-25 00:00:00";"2024-11-25 00:00:00";4;16540;20;8;0;<FLG>
V6155020;V615502002;QINnJ;1;"2024-11-26 00:00:00";"2024-11-26 00:00:00";4;16685;20;8;0;<FLG>
V6155020;V615502002;QINnJ;1;"2024-11-27 00:00:00";"2024-11-27 00:00:00";4;16829;20;8;0;<FLG>
V6155020;V615502002;QINnJ;1;"2024-11-28 00:00:00";"2024-11-28 23:59:59";4;16953;20;8;0;<FLG>
V6155020;V615502002;QINnJ;1;"2024-11-29 00:00:00";"2024-11-29 23:59:59";4;16571;20;8;0;<FLG>
V6155020;V615502002;QINnJ;1;"2024-11-30 00:00:00";"2024-11-30 23:59:59";4;16188;20;8;0;<FLG>
V6155020;V615502002;QINnJ;1;"2024-12-01 00:00:00";"2024-12-01 23:59:59";4;15806;20;8;0;<FLG>
V6155020;V615502002;QINnJ;1;"2024-12-02 00:00:00";"2024-12-02 23:59:59";4;15424;20;8;0;<FLG>
V6155020;V615502002;QINnJ;1;"2024-12-03 00:00:00";"2024-12-03 23:59:59";4;15042;20;8;0;<FLG>
V6155020;V615502002;QINnJ;1;"2024-12-04 00:00:00";"2024-12-04 23:59:59";4;14574;20;8;0;<FLG>
V6155020;V615502002;QINnJ;1;"2024-12-05 00:00:00";"2024-12-05 23:59:59";4;14095;20;8;0;<FLG>
V6155020;V615502002;QINnJ;1;"2024-12-06 00:00:00";"2024-12-06 23:59:59";4;13615;20;8;0;<FLG>
V6155020;V615502002;QINnJ;1;"2024-12-07 00:00:00";"2024-12-07 23:59:59";4;13136;20;8;0;<FLG>
V6155020;V615502002;QINnJ;1;"2024-12-08 00:00:00";"2024-12-08 23:59:59";4;12844;20;8;0;<FLG>
V6155020;V615502002;QINnJ;1;"2024-12-09 00:00:00";"2024-12-09 23:59:59";4;12686;20;8;0;<FLG>
V6155020;V615502002;QINnJ;1;"2024-12-10 00:00:00";"2024-12-10 23:59:59";4;12498;20;8;0;<FLG>
V6155020;V615502002;QINnJ;1;"2024-12-11 00:00:00";"2024-12-11 23:59:59";4;12310;20;8;0;<FLG>
V6155020;V615502002;QINnJ;1;"2024-12-12 00:00:00";"2024-12-12 23:59:59";4;12122;20;8;0;<FLG>
V6155020;V615502002;QINnJ;1;"2024-12-13 00:00:00";"2024-12-13 23:59:59";4;11934;20;8;0;<FLG>
V6155020;V615502002;QINnJ;1;"2024-12-14 00:00:00";"2024-12-14 23:59:59";4;11746;20;8;0;<FLG>
V6155020;V615502002;QINnJ;1;"2024-12-15 00:00:00";"2024-12-15 23:59:59";4;11558;20;8;0;<FLG>
V6155020;V615502002;QINnJ;1;"2024-12-16 00:00:00";"2024-12-16 23:59:59";4;11370;20;8;0;<FLG>
V6155020;V615502002;QINnJ;1;"2024-12-17 00:00:00";"2024-12-17 23:59:59";4;11182;20;8;0;<FLG>
V6155020;V615502002;QINnJ;1;"2024-12-18 00:00:00";"2024-12-18 23:59:59";4;10995;20;8;0;<FLG>
V6155020;V615502002;QINnJ;1;"2024-12-19 00:00:00";"2024-12-19 23:59:59";4;10807;20;8;0;<FLG>
V6155020;V615502002;QINnJ;1;"2024-12-20 00:00:00";"2024-12-20 23:59:59";4;10619;20;8;0;<FLG>
V6155020;V615502002;QINnJ;1;"2024-12-21 00:00:00";"2024-12-21 23:59:59";4;10431;20;8;0;<FLG>
V6155020;V615502002;QINnJ;1;"2024-12-22 00:00:00";"2024-12-22 23:59:59";4;10243;20;8;0;<FLG>
V6155020;V615502002;QINnJ;1;"2024-12-23 00:00:00";"2024-12-23 23:59:59";4;10048;20;8;0;<FLG>
V6155020;V615502002;QINnJ;1;"2024-12-24 00:00:00";"2024-12-24 23:59:59";4;9871;20;8;0;<FLG>
V6155020;V615502002;QINnJ;1;"2024-12-25 00:00:00";"2024-12-25 23:59:59";4;9789;20;8;0;<FLG>
V6155020;V615502002;QINnJ;1;"2024-12-26 00:00:00";"2024-12-26 23:59:59";4;9708;20;8;0;<FLG>
V6155020;V615502002;QINnJ;1;"2024-12-27 00:00:00";"2024-12-27 23:59:59";4;9627;20;8;0;<FLG>
V6155020;V615502002;QINnJ;1;"2024-12-28 00:00:00";"2024-12-28 23:59:59";4;9546;20;8;0;<FLG>
V6155020;V615502002;QINnJ;1;"2024-12-29 00:00:00";"2024-12-29 23:59:59";4;9465;20;8;0;<FLG>
V6155020;V615502002;QINnJ;1;"2024-12-30 00:00:00";"2024-12-30 23:59:59";4;9384;20;8;0;<FLG>
V6155020;V615502002;QINnJ;1;"2024-12-31 00:00:00";"2024-12-31 23:59:59";4;9303;20;8;0;<FLG>
